2.5357E-5
4.83E-6
2.415E-6
3.019E-6
5.433E-6
3.622E-6
4.226E-6
1.812E-6
3.019E-6
4.83E-6
4.83E-6
3.623E-6
2.415E-6
2.415E-6
3.019E-6
4.227E-6
1.2679E-5
6.641E-6
2.415E-6
4.227E-6
3.019E-6
3.623E-6
3.623E-6
6.038E-6
3.623E-6
2.415E-6
4.226E-6
1.811E-6
4.226E-6
0.001349376
6.038E-6
7.849E-6
1.811E-6
3.622E-6
6.641E-6
5.434E-6
5.434E-6
3.019E-6
4.83E-6
3.622E-6
3.019E-6
4.226E-6
6.038E-6
7.849E-6
5.433E-6
4.226E-6
4.83E-6
4.83E-6
3.623E-6
5.434E-6
3.622E-6
4.226E-6
3.018E-6
3.623E-6
3.019E-6
2.415E-6
3.623E-6
5.434E-6
4.226E-6
5.434E-6
4.83E-6
4.83E-6
5.434E-6
4.227E-6
6.038E-6
3.019E-6
4.829E-6
4.83E-6
2.415E-6
6.037E-6
2.415E-6
3.622E-6
4.226E-6
3.622E-6
3.623E-6
6.038E-6
4.226E-6
4.226E-6
2.415E-6
5.434E-6
3.018E-6
3.7432E-5
2.415E-6
2.415E-6
1.207E-6
6.04E-7
1.208E-6
1.207E-6
1.207E-6
1.812E-6
1.208E-6
6.03E-7
1.811E-6
1.208E-6
1.207E-6
1.208E-6
1.208E-6
1.811E-6
1.207E-6
1.208E-6
1.208E-6
1.207E-6
1.208E-6
1.208E-6
6.03E-7
1.208E-6
6.04E-7
1.811E-6
2.415E-6
1.208E-6
6.03E-7
1.811E-6
6.04E-7
6.04E-7
3.018E-6
1.811E-6
1.208E-6
6.04E-7
1.207E-6
6.04E-7
6.03E-7
1.812E-6
1.811E-6
2.415E-6
1.207E-6
1.811E-6
1.208E-6
6.641E-6
1.812E-6
1.207E-6
1.207E-6
1.208E-6
1.207E-6
1.812E-6
1.207E-6
6.04E-7
1.207E-6
1.208E-6
6.03E-7
1.208E-6
4.226E-6
6.04E-7
1.207E-6
1.208E-6
6.03E-7
1.812E-6
1.811E-6
1.207E-6
6.04E-7
1.207E-6
1.208E-6
6.04E-7
2.415E-6
6.03E-7
1.208E-6
1.811E-6
1.207E-6
1.207E-6
1.208E-6
1.811E-6
6.04E-7
1.207E-6
1.811E-6
6.04E-7
1.208E-6
1.207E-6
6.04E-7
1.207E-6
1.811E-6
1.208E-6
1.207E-6
1.208E-6
6.04E-7
1.811E-6
1.207E-6
1.208E-6
6.03E-7
1.208E-6
2.415E-6
1.207E-6
1.208E-6
1.811E-6
1.208E-6
1.207E-6
1.208E-6
1.208E-6
1.811E-6
1.207E-6
1.207E-6
1.208E-6
1.207E-6
1.208E-6
1.811E-6
2.415E-6
6.04E-7
1.208E-6
1.811E-6
6.04E-7
1.207E-6
6.04E-7
1.208E-6
0.051587826
2.57197E-4
4.226E-6
1.208E-6
2.415E-6
1.811E-6
1.811E-6
1.208E-6
2.415E-6
1.811E-6
1.208E-6
1.207E-6
1.811E-6
1.207E-6
1.208E-6
1.208E-6
1.207E-6
2.415E-6
1.207E-6
1.208E-6
6.04E-7
1.207E-6
1.811E-6
6.04E-7
1.208E-6
1.811E-6
6.03E-7
1.208E-6
1.208E-6
1.811E-6
1.207E-6
1.207E-6
1.208E-6
6.03E-7
1.208E-6
1.811E-6
1.207E-6
1.208E-6
6.04E-7
1.207E-6
6.04E-7
1.811E-6
1.207E-6
1.812E-6
6.04E-7
1.207E-6
1.208E-6
1.811E-6
1.207E-6
1.207E-6
1.811E-6
3.622E-6
1.207E-6
1.208E-6
4.98091E-4
2.0527E-5
2.415E-6
1.811E-6
1.207E-6
6.04E-7
1.811E-6
1.207E-6
1.208E-6
1.208E-6
1.811E-6
1.207E-6
1.208E-6
1.208E-6
1.811E-6
1.208E-6
1.208E-6
1.811E-6
1.811E-6
6.03E-7
6.04E-7
1.208E-6
1.207E-6
6.04E-7
1.208E-6
1.207E-6
1.811E-6
6.04E-7
1.207E-6
1.208E-6
1.208E-6
1.207E-6
1.207E-6
6.04E-7
1.811E-6
1.207E-6
6.04E-7
1.207E-6
1.208E-6
6.04E-7
6.04E-7
6.04E-7
1.811E-6
6.03E-7
1.208E-6
1.207E-6
1.811E-6
1.207E-6
6.04E-7
6.04E-7
1.207E-6
6.04E-7
6.04E-7
1.207E-6
1.208E-6
1.208E-6
1.207E-6
6.04E-7
1.207E-6
6.04E-7
6.03E-7
1.208E-6
6.03E-7
6.04E-7
1.811E-6
1.208E-6
6.04E-7
6.04E-7
1.208E-6
6.04E-7
1.207E-6
6.03E-7
1.811E-6
6.04E-7
6.04E-7
1.207E-6
6.03E-7
1.208E-6
1.812E-6
1.811E-6
1.208E-6
6.04E-7
6.03E-7
1.208E-6
6.04E-7
6.04E-7
1.208E-6
6.04E-7
1.208E-6
1.208E-6
1.207E-6
1.208E-6
1.208E-6
6.04E-7
6.04E-7
1.207E-6
6.04E-7
1.811E-6
6.04E-7
1.207E-6
1.208E-6
6.04E-7
1.208E-6
1.208E-6
1.208E-6
6.04E-7
6.04E-7
1.207E-6
6.04E-7
1.811E-6
3.622E-6
6.04E-7
6.04E-7
1.207E-6
1.208E-6
1.208E-6
1.207E-6
1.208E-6
6.04E-7
1.811E-6
1.208E-6
1.207E-6
1.208E-6
1.811E-6
6.04E-7
1.208E-6
1.208E-6
6.04E-7
1.208E-6
1.811E-6
1.208E-6
1.207E-6
1.208E-6
1.208E-6
1.207E-6
1.811E-6
6.04E-7
1.812E-6
1.812E-6
6.04E-7
1.208E-6
1.207E-6
6.04E-7
1.811E-6
6.04E-7
1.812E-6
1.207E-6
6.04E-7
1.207E-6
1.811E-6
6.03E-7
6.04E-7
1.207E-6
1.208E-6
1.208E-6
1.208E-6
6.04E-7
1.207E-6
6.04E-7
6.04E-7
6.04E-7
6.03E-7
6.03E-7
1.812E-6
1.208E-6
1.208E-6
1.208E-6
1.207E-6
1.812E-6
1.207E-6
1.207E-6
1.208E-6
1.207E-6
6.04E-7
1.208E-6
1.207E-6
1.208E-6
1.208E-6
6.03E-7
1.208E-6
6.03E-7
1.207E-6
1.208E-6
1.207E-6
1.208E-6
1.208E-6
6.04E-7
1.208E-6
1.812E-6
1.207E-6
1.208E-6
1.811E-6
6.04E-7
1.207E-6
1.207E-6
6.04E-7
1.207E-6
1.811E-6
6.03E-7
1.208E-6
1.207E-6
6.04E-7
1.207E-6
6.04E-7
6.04E-7
1.811E-6
6.04E-7
6.04E-7
6.04E-7
1.208E-6
1.208E-6
1.207E-6
1.208E-6
6.03E-7
1.208E-6
1.208E-6
1.208E-6
6.04E-7
1.207E-6
1.208E-6
1.208E-6
4.83E-6
1.207E-6
1.811E-6
1.811E-6
1.207E-6
6.04E-7
6.03E-7
6.04E-7
1.207E-6
1.207E-6
1.207E-6
1.208E-6
6.04E-7
1.207E-6
6.03E-7
1.208E-6
1.208E-6
1.207E-6
1.207E-6
1.207E-6
6.04E-7
1.207E-6
1.207E-6
6.04E-7
1.207E-6
1.207E-6
1.208E-6
6.04E-7
1.207E-6
6.04E-7
1.207E-6
6.04E-7
1.207E-6
1.207E-6
1.208E-6
6.04E-7
1.208E-6
1.208E-6
1.207E-6
6.04E-7
1.208E-6
1.208E-6
6.03E-7
6.04E-7
1.811E-6
1.208E-6
6.03E-7
1.812E-6
1.811E-6
6.04E-7
6.04E-7
1.207E-6
6.04E-7
1.208E-6
6.04E-7
1.207E-6
1.207E-6
1.811E-6
6.04E-7
6.04E-7
1.208E-6
6.04E-7
6.03E-7
1.207E-6
1.207E-6
1.208E-6
6.04E-7
6.04E-7
1.208E-6
1.208E-6
1.812E-6
6.04E-7
4.226E-6
1.208E-6
6.04E-7
1.208E-6
1.811E-6
1.207E-6
1.208E-6
6.04E-7
1.208E-6
6.04E-7
1.208E-6
6.04E-7
6.03E-7
6.04E-7
1.207E-6
1.208E-6
6.04E-7
1.207E-6
1.207E-6
1.208E-6
1.207E-6
1.208E-6
1.208E-6
1.208E-6
1.208E-6
1.208E-6
1.208E-6
1.208E-6
6.04E-7
1.207E-6
6.04E-7
1.208E-6
1.207E-6
1.208E-6
1.207E-6
1.208E-6
1.207E-6
1.207E-6
1.811E-6
1.207E-6
3.623E-6
1.811E-6
1.207E-6
1.207E-6
1.207E-6
6.04E-7
1.207E-6
6.04E-7
1.208E-6
1.208E-6
6.04E-7
1.207E-6
1.207E-6
1.208E-6
1.207E-6
1.208E-6
1.811E-6
1.207E-6
6.04E-7
1.208E-6
6.04E-7
1.208E-6
1.207E-6
1.208E-6
6.04E-7
6.04E-7
1.208E-6
1.207E-6
1.207E-6
1.208E-6
1.208E-6
1.812E-6
1.208E-6
1.208E-6
1.811E-6
6.04E-7
1.208E-6
6.04E-7
6.03E-7
1.208E-6
1.208E-6
6.04E-7
1.207E-6
6.04E-7
6.04E-7
6.04E-7
6.04E-7
1.207E-6
1.208E-6
1.208E-6
1.208E-6
1.207E-6
1.208E-6
1.208E-6
1.208E-6
6.04E-7
1.207E-6
6.04E-7
1.207E-6
1.208E-6
1.811E-6
1.207E-6
1.811E-6
1.207E-6
1.207E-6
6.04E-7
1.207E-6
6.04E-7
1.207E-6
1.208E-6
1.207E-6
1.811E-6
1.207E-6
1.208E-6
1.208E-6
1.208E-6
1.812E-6
1.208E-6
1.208E-6
1.208E-6
1.208E-6
6.04E-7
6.04E-7
1.207E-6
6.04E-7
6.04E-7
1.208E-6
1.811E-6
1.207E-6
6.04E-7
1.207E-6
6.03E-7
1.208E-6
6.04E-7
6.03E-7
1.208E-6
3.019E-6
1.207E-6
1.207E-6
1.207E-6
6.04E-7
6.03E-7
1.811E-6
6.04E-7
1.208E-6
1.208E-6
1.207E-6
1.208E-6
1.207E-6
1.207E-6
6.037E-6
1.207E-6
1.208E-6
1.207E-6
1.811E-6
1.207E-6
1.207E-6
1.208E-6
6.04E-7
1.207E-6
6.04E-7
1.207E-6
6.04E-7
1.207E-6
1.207E-6
1.811E-6
1.207E-6
1.208E-6
1.208E-6
6.04E-7
1.208E-6
1.207E-6
1.207E-6
1.208E-6
1.207E-6
6.04E-7
6.04E-7
1.207E-6
1.208E-6
6.04E-7
1.207E-6
6.04E-7
1.208E-6
1.208E-6
1.811E-6
1.207E-6
1.207E-6
1.207E-6
1.208E-6
1.208E-6
1.208E-6
6.04E-7
1.208E-6
1.811E-6
1.207E-6
1.207E-6
1.208E-6
1.208E-6
1.207E-6
1.207E-6
6.04E-7
1.207E-6
1.207E-6
6.04E-7
1.811E-6
1.207E-6
6.03E-7
1.207E-6
1.811E-6
1.207E-6
1.207E-6
1.208E-6
1.208E-6
6.04E-7
1.208E-6
6.04E-7
1.208E-6
1.208E-6
6.04E-7
6.03E-7
1.208E-6
6.04E-7
1.207E-6
1.207E-6
6.04E-7
6.03E-7
1.208E-6
1.207E-6
6.04E-7
6.03E-7
1.208E-6
1.208E-6
1.207E-6
1.207E-6
1.208E-6
1.208E-6
1.208E-6
1.207E-6
1.207E-6
6.04E-7
1.207E-6
6.04E-7
1.208E-6
1.811E-6
6.04E-7
1.208E-6
1.207E-6
1.208E-6
1.208E-6
1.208E-6
1.208E-6
1.811E-6
6.04E-7
1.207E-6
1.208E-6
1.208E-6
6.04E-7
1.207E-6
1.208E-6
1.208E-6
3.623E-6
1.207E-6
6.04E-7
3.622E-6
6.03E-7
1.207E-6
1.208E-6
6.04E-7
1.207E-6
1.207E-6
1.208E-6
1.208E-6
1.208E-6
1.208E-6
6.04E-7
1.208E-6
6.04E-7
1.207E-6
6.04E-7
1.207E-6
1.812E-6
1.208E-6
6.04E-7
1.207E-6
1.208E-6
1.811E-6
1.207E-6
1.207E-6
1.208E-6
1.208E-6
6.04E-7
1.207E-6
2.415E-6
1.207E-6
6.04E-7
1.208E-6
1.207E-6
1.208E-6
6.04E-7
1.207E-6
1.208E-6
1.208E-6
6.04E-7
1.208E-6
1.208E-6
6.04E-7
1.207E-6
1.207E-6
1.208E-6
1.811E-6
6.04E-7
1.208E-6
1.207E-6
1.208E-6
6.04E-7
1.208E-6
1.208E-6
1.208E-6
1.208E-6
1.208E-6
1.208E-6
1.208E-6
6.04E-7
6.04E-7
1.207E-6
3.018E-6
1.208E-6
6.04E-7
1.207E-6
1.208E-6
1.207E-6
1.207E-6
6.03E-7
6.04E-7
6.04E-7
1.207E-6
6.03E-7
6.04E-7
1.208E-6
1.811E-6
1.207E-6
1.207E-6
1.208E-6
6.04E-7
1.208E-6
1.208E-6
1.207E-6
1.208E-6
1.208E-6
1.208E-6
6.04E-7
6.04E-7
1.208E-6
6.03E-7
1.208E-6
6.04E-7
6.03E-7
1.208E-6
1.208E-6
1.207E-6
1.207E-6
1.811E-6
6.04E-7
1.208E-6
6.04E-7
1.811E-6
1.811E-6
1.207E-6
6.04E-7
6.03E-7
1.208E-6
1.207E-6
1.811E-6
1.207E-6
6.04E-7
1.207E-6
3.622E-6
1.207E-6
1.207E-6
6.03E-7
1.208E-6
1.207E-6
1.207E-6
6.04E-7
1.811E-6
6.03E-7
1.811E-6
6.04E-7
1.207E-6
1.207E-6
1.208E-6
6.04E-7
6.03E-7
1.207E-6
1.811E-6
6.04E-7
1.208E-6
1.208E-6
1.208E-6
6.03E-7
6.04E-7
6.03E-7
1.812E-6
6.04E-7
1.207E-6
1.207E-6
1.207E-6
1.811E-6
6.03E-7
1.208E-6
1.208E-6
0.0
1.207E-6
1.208E-6
1.208E-6
1.208E-6
1.208E-6
6.04E-7
1.207E-6
6.04E-7
6.04E-7
6.04E-7
6.04E-7
6.04E-7
6.04E-7
1.207E-6
1.208E-6
1.207E-6
6.03E-7
1.208E-6
1.208E-6
1.208E-6
1.811E-6
6.04E-7
6.03E-7
6.04E-7
1.208E-6
1.208E-6
1.208E-6
1.208E-6
1.208E-6
6.04E-7
6.04E-7
6.04E-7
1.207E-6
6.03E-7
1.208E-6
6.04E-7
1.208E-6
6.04E-7
1.207E-6
1.208E-6
1.812E-6
6.04E-7
1.207E-6
1.207E-6
1.207E-6
1.208E-6
6.04E-7
6.03E-7
6.04E-7
6.03E-7
1.208E-6
6.04E-7
6.03E-7
1.811E-6
6.03E-7
1.208E-6
1.208E-6
6.04E-7
1.207E-6
1.208E-6
6.04E-7
1.207E-6
6.03E-7
