2.282E-6
1.723E-6
1.205E-6
1.802E-6
2.041E-6
1.167E-6
1.724E-6
1.758E-6
5.13E-7
4.62E-7
7.5E-7
5.37E-7
8.95E-7
9.79E-7
1.38E-6
9.04E-7
7.2E-7
4.87E-7
1.64E-6
7.5E-7
1.083E-6
3.12E-7
1.219E-6
4.66E-7
8.71E-7
1.251E-6
3.77E-7
1.0E-6
9.16E-7
8.81E-7
1.55E-6
6.84E-7
1.58E-6
5.73E-7
4.22E-7
1.056E-6
6.38E-7
7.38E-7
8.13E-7
4.87E-7
4.43E-7
1.034E-6
5.74E-7
1.503E-6
5.36E-7
5.9E-7
1.288E-6
9.16E-7
4.23E-7
1.209E-6
6.42E-7
6.18E-7
3.119E-6
6.19E-7
7.64E-7
5.38E-7
9.34E-7
7.4E-7
4.6E-7
6.94E-7
5.85E-7
4.88E-7
9.43E-7
8.38E-7
5.69E-7
6.53E-7
5.6E-7
1.145E-6
6.19E-7
6.04E-7
9.14E-7
5.98E-7
6.93E-7
7.16E-7
3.7E-7
1.01E-6
6.83E-7
4.88E-7
5.81E-7
9.49E-7
9.79E-7
3.8E-7
3.99E-7
4.72E-7
7.53E-7
6.89E-7
4.91E-7
5.99E-7
6.48E-7
3.68E-7
4.07E-7
4.36E-7
1.339E-6
5.06E-7
1.446E-6
4.65E-7
7.49E-7
4.32E-7
4.67E-7
1.031E-6
5.93E-7
6.68E-7
4.43E-7
5.52E-7
6.62E-7
1.118E-6
3.68E-7
6.04E-7
8.29E-7
9.23E-7
6.71E-7
7.87E-7
4.93E-7
7.61E-7
6.2E-7
4.42E-7
1.036E-6
1.05E-6
3.28E-7
1.068E-6
6.7E-7
6.95E-7
7.42E-7
9.62E-7
1.052E-6
9.81E-7
9.06E-7
8.04E-7
5.76E-7
9.33E-7
6.83E-7
5.8E-7
4.84E-7
8.78E-7
6.21E-7
8.84E-7
3.13E-7
7.48E-7
9.35E-7
5.17E-7
1.27E-6
5.6E-7
6.44E-7
1.288E-6
7.17E-7
1.175E-6
6.47E-7
4.01E-7
2.431E-6
7.42E-7
6.92E-7
7.52E-7
6.12E-7
1.084E-6
4.8E-7
8.14E-7
6.05E-7
8.33E-7
4.96E-7
5.22E-7
7.08E-7
7.6E-7
3.37E-7
4.02E-7
8.95E-7
1.131E-6
5.27E-7
6.62E-7
6.57E-7
5.68E-7
7.48E-7
9.55E-7
5.39E-7
5.25E-7
8.34E-7
3.61E-7
6.78E-7
9.75E-7
6.37E-7
9.02E-7
5.12E-7
9.55E-7
6.65E-7
3.34E-7
5.65E-7
5.45E-7
9.04E-7
8.56E-7
4.36E-7
6.12E-7
4.92E-7
6.9E-7
3.71E-7
4.9E-7
1.285E-6
4.2E-7
5.39E-7
9.28E-7
8.36E-7
3.35E-7
4.5E-7
1.048E-6
4.78E-7
1.243E-6
6.32E-7
8.8E-7
3.68E-7
5.2E-7
8.82E-7
8.33E-7
7.56E-7
2.76E-7
4.84E-7
8.14E-7
4.47E-7
7.38E-7
9.96E-7
9.9E-7
5.67E-7
1.129E-6
5.04E-7
9.02E-7
6.2E-7
1.064E-6
4.3E-7
5.03E-7
8.61E-7
4.79E-7
1.055E-6
4.73E-7
8.34E-7
4.6E-7
4.95E-7
6.81E-7
4.66E-7
1.087E-6
8.36E-7
1.001E-6
5.94E-7
5.38E-7
6.81E-7
6.83E-7
8.69E-7
4.79E-7
7.99E-7
5.3E-7
8.66E-7
1.658E-6
1.029E-6
6.31E-7
1.001E-6
4.86E-7
4.78E-7
7.56E-7
1.156E-6
7.43E-7
9.24E-7
1.201E-6
3.55E-7
9.83E-7
6.68E-7
7.14E-7
5.39E-7
7.82E-7
3.02E-7
6.9E-7
1.661E-6
8.33E-7
5.8E-7
5.62E-7
8.38E-7
6.25E-7
3.52E-7
5.25E-7
1.274E-6
7.97E-7
3.09E-7
6.53E-7
7.37E-7
7.05E-7
3.24E-7
8.74E-7
4.01E-7
9.44E-7
4.14E-7
4.54E-7
7.72E-7
1.379E-6
4.12E-7
1.056E-6
5.85E-7
6.31E-7
3.9E-7
8.94E-7
8.25E-7
6.95E-7
5.09E-7
7.88E-7
5.67E-7
8.35E-7
5.66E-7
8.75E-7
7.13E-7
3.53E-7
5.05E-7
8.22E-7
9.55E-7
6.29E-7
8.55E-7
8.3E-7
5.87E-7
4.75E-7
4.55E-7
4.86E-7
6.79E-7
1.379E-6
4.57E-7
7.31E-7
1.168E-6
8.26E-7
3.56E-7
7.73E-7
7.73E-7
9.77E-7
5.12E-7
8.69E-7
5.81E-7
6.62E-7
4.88E-7
3.56E-7
5.76E-7
5.56E-7
7.6E-7
6.05E-7
1.084E-6
1.275E-6
7.76E-7
8.07E-7
4.55E-7
7.44E-7
8.73E-7
1.792E-6
1.181E-6
6.07E-7
4.9E-7
6.21E-7
6.54E-7
4.21E-7
9.51E-7
5.66E-7
7.43E-7
4.16E-7
1.229E-6
7.11E-7
5.71E-7
5.05E-7
9.08E-7
1.019E-6
3.11E-7
4.9E-7
5.89E-7
4.7E-7
5.77E-7
3.74E-7
4.99E-7
4.82E-7
6.69E-7
6.38E-7
5.39E-7
7.26E-7
6.8E-7
7.35E-7
9.53E-7
3.6E-7
7.53E-7
5.94E-7
6.33E-7
8.98E-7
4.91E-7
6.15E-7
8.53E-7
8.04E-7
9.51E-7
3.79E-7
6.32E-7
4.61E-7
7.83E-7
8.28E-7
8.02E-7
1.036E-6
6.12E-7
6.69E-7
3.15E-7
4.39E-7
9.95E-7
1.042E-6
9.3E-7
4.72E-7
9.15E-7
5.7E-7
4.29E-7
8.22E-7
6.1E-7
8.45E-7
5.11E-7
8.88E-7
6.84E-7
7.12E-7
8.17E-7
4.66E-7
7.67E-7
3.33E-7
4.78E-7
8.68E-7
1.24E-6
6.6E-7
1.207E-6
1.107E-6
7.54E-7
8.29E-7
1.086E-6
1.008E-6
4.81E-7
8.13E-7
7.18E-7
5.05E-7
4.02E-7
1.025E-6
3.47E-7
5.35E-7
7.36E-7
7.34E-7
9.66E-7
5.72E-7
9.64E-7
5.01E-7
8.29E-7
1.65E-6
6.34E-7
6.93E-7
6.79E-7
5.96E-7
9.27E-7
7.2E-7
5.93E-7
7.52E-7
9.01E-7
1.006E-6
4.68E-7
7.78E-7
9.9E-7
8.38E-7
6.57E-7
3.89E-7
8.89E-7
3.64E-7
5.56E-7
8.66E-7
4.72E-7
1.047E-6
6.23E-7
1.062E-6
5.2E-7
5.16E-7
5.75E-7
5.17E-7
4.44E-7
7.52E-7
4.18E-7
9.3E-7
3.79E-7
6.55E-7
8.75E-7
1.246E-6
6.86E-7
7.24E-7
7.67E-7
1.183E-6
4.56E-7
4.96E-7
9.39E-7
5.6E-7
4.8E-7
9.09E-7
7.9E-7
7.16E-7
4.42E-7
1.012E-6
5.82E-7
5.9E-7
7.89E-7
7.39E-7
5.62E-7
9.12E-7
5.88E-7
4.84E-7
7.27E-7
4.6E-7
4.96E-7
6.42E-7
4.53E-7
1.047E-6
9.36E-7
9.58E-7
6.97E-7
1.369E-6
5.71E-7
5.46E-7
6.08E-7
5.09E-7
5.42E-7
3.78E-7
7.67E-7
3.128E-6
3.61E-7
1.001E-6
7.47E-7
5.17E-7
6.03E-7
1.012E-6
6.86E-7
7.07E-7
5.49E-7
8.23E-7
1.128E-6
3.44E-7
5.92E-7
6.9E-7
6.71E-7
3.79E-7
5.35E-7
8.53E-7
6.57E-7
7.11E-7
1.593E-6
6.78E-7
8.08E-7
4.86E-7
4.67E-7
6.85E-7
5.18E-7
4.98E-7
6.22E-7
7.18E-7
5.24E-7
8.82E-7
7.05E-7
6.36E-7
6.18E-7
8.99E-7
8.9E-7
3.19E-7
7.52E-7
3.2E-7
5.03E-7
8.0E-7
9.84E-7
1.183E-6
7.4E-7
5.1E-7
4.45E-7
1.557E-6
7.65E-7
6.2E-7
5.58E-7
1.035E-6
4.8E-7
5.43E-7
5.19E-7
4.83E-7
9.43E-7
5.23E-7
8.3E-7
8.01E-7
6.52E-7
1.031E-6
5.41E-7
8.69E-7
7.83E-7
5.59E-7
8.88E-7
1.229E-6
3.75E-7
5.92E-7
6.59E-7
6.66E-7
5.33E-7
5.04E-7
6.17E-7
4.84E-7
8.0E-7
8.37E-7
6.47E-7
3.35E-7
9.38E-7
3.59E-7
6.29E-7
5.99E-7
6.99E-7
1.09E-6
7.11E-7
8.86E-7
5.97E-7
4.0E-7
1.0E-6
5.64E-7
7.6E-7
4.4E-7
8.78E-7
6.72E-7
8.71E-7
5.97E-7
3.61E-7
1.073E-6
7.9E-7
4.68E-7
1.083E-6
1.285E-6
6.85E-7
7.6E-7
3.28E-7
9.61E-7
8.38E-7
5.54E-7
5.99E-7
6.57E-7
5.16E-7
5.2E-7
7.6E-7
3.67E-7
2.123E-6
4.96E-7
7.04E-7
5.47E-7
6.47E-7
5.65E-7
5.55E-7
5.32E-7
6.67E-7
2.87E-7
4.72E-7
8.64E-7
1.145E-6
6.23E-7
8.28E-7
4.69E-7
7.16E-7
7.91E-7
5.55E-7
6.08E-7
9.92E-7
3.69E-7
7.28E-7
8.37E-7
5.4E-7
5.08E-7
7.63E-7
5.92E-7
7.58E-7
7.14E-7
8.08E-7
9.95E-7
5.58E-7
4.91E-7
1.01E-6
1.066E-6
6.38E-7
1.046E-6
3.19E-7
4.7E-7
6.88E-7
6.18E-7
7.25E-7
6.51E-7
6.0E-7
1.061E-6
7.04E-7
3.38E-7
5.82E-7
8.81E-7
5.23E-7
4.82E-7
6.09E-7
8.02E-7
4.44E-7
6.93E-7
6.66E-7
7.15E-7
9.61E-7
9.32E-7
6.85E-7
9.42E-7
4.98E-7
1.43E-6
3.27E-7
5.02E-7
8.1E-7
3.34E-7
7.45E-7
3.49E-7
5.63E-7
7.53E-7
9.68E-7
1.007E-6
8.16E-7
4.89E-7
1.054E-6
4.99E-7
4.64E-7
7.03E-7
9.05E-7
5.37E-7
4.96E-7
9.27E-7
7.18E-7
4.44E-7
5.57E-7
5.75E-7
4.63E-7
7.64E-7
6.04E-7
3.72E-7
6.54E-7
3.38E-7
5.09E-7
8.03E-7
7.38E-7
2.459E-6
6.85E-7
7.33E-7
1.487E-6
6.33E-7
5.32E-7
1.173E-6
7.9E-7
6.48E-7
6.23E-7
7.29E-7
5.42E-7
7.17E-7
4.82E-7
4.86E-7
7.45E-7
1.038E-6
4.59E-7
6.32E-7
8.52E-7
5.34E-7
4.72E-7
8.74E-7
8.37E-7
6.47E-7
5.49E-7
3.27E-7
7.15E-7
6.04E-7
4.59E-7
6.88E-7
9.06E-7
5.85E-7
6.41E-7
6.89E-7
1.002E-6
7.19E-7
8.26E-7
3.3E-7
6.95E-7
7.85E-7
4.25E-7
5.22E-7
5.6E-7
7.01E-7
5.45E-7
5.33E-7
1.301E-6
5.7E-7
6.79E-7
8.93E-7
4.49E-7
8.21E-7
9.62E-7
5.88E-7
4.63E-7
6.57E-7
6.0E-7
6.02E-7
5.34E-7
6.02E-7
6.81E-7
5.76E-7
6.58E-7
3.97E-7
4.72E-7
7.94E-7
6.53E-7
1.208E-6
6.42E-7
7.77E-7
3.71E-7
4.83E-7
7.24E-7
1.023E-6
5.29E-7
4.86E-7
5.47E-7
4.87E-7
9.24E-7
9.16E-7
9.93E-7
7.96E-7
8.12E-7
3.95E-7
6.97E-7
7.26E-7
6.6E-7
1.193E-6
5.63E-7
3.31E-7
7.46E-7
3.66E-7
6.8E-7
5.72E-7
9.46E-7
3.91E-7
1.847E-6
1.245E-6
5.1E-7
1.237E-6
7.3E-7
9.25E-7
9.84E-7
7.51E-7
8.59E-7
8.49E-7
6.42E-7
8.65E-7
5.04E-7
5.58E-7
4.55E-7
6.84E-7
4.83E-7
5.89E-7
3.78E-7
4.67E-7
8.65E-7
5.94E-7
4.89E-7
6.11E-7
4.42E-7
8.62E-7
4.22E-7
8.58E-7
6.08E-7
5.53E-7
4.43E-7
9.34E-7
7.93E-7
5.64E-7
9.96E-7
4.26E-7
7.47E-7
2.76E-7
7.02E-7
5.55E-7
9.98E-7
4.88E-7
4.66E-7
8.98E-7
3.06E-7
4.06E-7
7.01E-7
1.028E-6
1.206E-6
5.97E-7
5.35E-7
7.72E-7
1.042E-6
4.84E-7
5.26E-7
7.17E-7
9.31E-7
9.08E-7
9.23E-7
6.56E-7
5.88E-7
3.33E-7
5.4E-7
1.061E-6
5.15E-7
5.28E-7
6.96E-7
6.27E-7
7.33E-7
6.19E-7
6.3E-7
7.31E-7
5.39E-7
4.81E-7
6.74E-7
5.21E-7
3.26E-7
7.37E-7
7.59E-7
4.88E-7
6.67E-7
7.02E-7
5.69E-7
8.78E-7
4.78E-7
6.7E-7
4.19E-7
8.4E-7
6.23E-7
7.6E-7
6.07E-7
6.18E-7
8.2E-7
5.0E-7
8.16E-7
1.405E-6
7.85E-7
5.17E-7
7.27E-7
7.12E-7
7.36E-7
4.89E-7
5.19E-7
5.04E-7
6.6E-7
4.93E-7
8.65E-7
1.029E-6
5.42E-7
1.242E-6
4.77E-7
1.014E-6
8.61E-7
4.82E-7
4.69E-7
1.194E-6
7.89E-7
4.27E-7
7.62E-7
8.0E-7
8.18E-7
7.41E-7
5.0E-7
7.2E-7
6.19E-7
7.93E-7
4.84E-7
9.49E-7
7.8E-7
5.09E-7
9.84E-7
5.39E-7
8.42E-7
1.0E-6
3.73E-7
1.044E-6
7.87E-7
5.45E-7
5.89E-7
7.17E-7
4.95E-7
8.15E-7
3.36E-7
4.44E-7
6.47E-7
1.043E-6
6.52E-7
7.28E-7
8.31E-7
2.91E-7
5.5E-7
7.58E-7
7.67E-7
5.02E-7
6.72E-7
7.51E-7
8.77E-7
6.44E-7
4.79E-7
4.75E-7
4.45E-7
8.39E-7
6.9E-7
5.31E-7
7.03E-7
3.26E-7
6.14E-7
1.37E-6
6.45E-7
9.52E-7
7.58E-7
4.85E-7
4.85E-7
7.6E-7
5.95E-7
6.16E-7
6.57E-7
4.79E-7
5.06E-7
7.07E-7
5.26E-7
7.4E-7
7.63E-7
5.73E-7
1.046E-6
4.71E-7
7.52E-7
5.56E-7
8.74E-7
4.61E-7
2.422E-6
7.69E-7
4.35E-7
6.03E-7
3.28E-7
7.5E-7
1.036E-6
5.98E-7
1.136E-6
1.002E-6
4.03E-7
4.62E-7
1.612E-6
4.87E-7
4.89E-7
8.94E-7
3.57E-7
6.04E-7
6.84E-7
7.16E-7
6.4E-7
6.45E-7
7.66E-7
1.148E-6
3.88E-7
1.089E-6
1.153E-6
6.06E-7
9.72E-7
7.47E-7
9.47E-7
8.73E-7
5.43E-7
5.55E-7
5.07E-7
9.26E-7
6.72E-7
1.179E-6
7.66E-7
7.54E-7
5.35E-7
4.99E-7
6.78E-7
4.8E-7
3.56E-7
9.73E-7
5.54E-7
4.59E-7
7.57E-7
7.12E-7
6.28E-7
7.86E-7
7.85E-7
4.94E-7
6.52E-7
5.13E-7
8.04E-7
1.114E-6
1.06E-6
3.27E-7
4.31E-7
1.035E-6
7.21E-7
4.84E-7
4.13E-7
8.34E-7
5.87E-7
9.08E-7
5.39E-7
4.47E-7
8.59E-7
6.39E-7
5.79E-7
5.98E-7
7.01E-7
3.2E-7
6.61E-7
7.82E-7
4.89E-7
4.54E-7
8.59E-7
3.91E-7
8.17E-7
5.5E-7
6.48E-7
5.45E-7
6.9E-7
6.81E-7
9.77E-7
3.94E-7
4.54E-7
6.86E-7
5.0E-7
4.77E-7
6.79E-7
4.96E-7
1.978E-6
7.66E-7
3.78E-7
4.76E-7
6.12E-7
1.17E-6
3.17E-7
8.05E-7
9.3E-7
5.56E-7
8.18E-7
3.46E-7
6.2E-7
6.54E-7
6.28E-7
5.07E-7
3.2E-7
6.54E-7
1.178E-6
8.03E-7
7.21E-7
6.98E-7
8.29E-7
1.01E-6
1.076E-6
4.54E-7
6.27E-7
4.4E-7
8.34E-7
4.87E-7
7.19E-7
4.95E-7
3.9E-7
8.98E-7
1.174E-6
5.32E-7
8.8E-7
6.35E-7
4.43E-7
8.3E-7
9.13E-7
6.05E-7
5.23E-7
5.2E-7
1.003E-6
3.61E-7
4.36E-7
1.022E-6
4.46E-7
3.99E-7
7.86E-7
5.07E-7
1.229E-6
7.28E-7
6.18E-7
1.138E-6
6.11E-7
7.52E-7
6.42E-7
3.49E-7
4.43E-7
1.027E-6
6.34E-7
4.94E-7
1.205E-6
3.36E-7
6.76E-7
7.49E-7
8.54E-7
3.96E-7
7.66E-7
6.49E-7
4.41E-7
6.87E-7
7.47E-7
3.19E-7
4.66E-7
5.91E-7
4.84E-7
4.82E-7
9.08E-7
5.34E-7
8.51E-7
7.07E-7
6.11E-7
8.68E-7
6.53E-7
9.01E-7
5.12E-7
5.87E-7
7.74E-7
5.98E-7
3.44E-7
7.08E-7
5.83E-7
1.058E-6
6.17E-7
4.62E-7
6.16E-7
3.18E-7
1.934E-6
8.84E-7
4.61E-7
4.65E-7
9.5E-7
5.48E-7
8.4E-7
4.43E-7
8.42E-7
3.42E-7
9.17E-7
5.95E-7
9.0E-7
6.44E-7
6.35E-7
7.6E-7
3.45E-7
8.96E-7
3.19E-7
4.11E-7
7.08E-7
6.1E-7
6.59E-7
5.7E-7
3.01E-7
5.1E-7
7.61E-7
4.83E-7
6.99E-7
1.075E-6
7.54E-7
5.54E-7
6.49E-7
8.38E-7
5.31E-7
6.96E-7
6.63E-7
3.17E-7
8.95E-7
7.02E-7
9.18E-7
6.54E-7
5.18E-7
4.62E-7
1.096E-6
7.71E-7
7.45E-7
4.98E-7
9.87E-7
5.59E-7
9.26E-7
9.3E-7
5.06E-7
8.67E-7
4.83E-7
5.86E-7
5.02E-7
8.25E-7
9.42E-7
5.27E-7
1.049E-6
5.23E-7
5.63E-7
9.51E-7
1.317E-6
4.84E-7
7.29E-7
5.68E-7
4.43E-7
5.5E-7
8.65E-7
4.72E-7
8.02E-7
5.67E-7
1.451E-6
8.55E-7
1.283E-6
9.09E-7
4.06E-7
9.61E-7
4.48E-7
5.92E-7
6.92E-7
3.46E-7
1.035E-6
5.17E-7
5.76E-7
6.38E-7
4.09E-7
5.39E-7
4.85E-7
9.34E-7
6.2E-7
7.86E-7
7.4E-7
5.71E-7
6.24E-7
2.268E-6
4.58E-7
7.35E-7
7.06E-7
5.21E-7
3.59E-7
8.7E-7
5.34E-7
9.17E-7
7.16E-7
8.79E-7
8.47E-7
6.72E-7
6.7E-7
5.89E-7
5.86E-7
1.078E-6
6.2E-7
9.13E-7
3.76E-7
7.29E-7
8.02E-7
5.59E-7
4.47E-7
8.03E-7
8.72E-7
5.15E-7
7.82E-7
8.77E-7
5.88E-7
4.78E-7
5.53E-7
3.57E-7
1.2E-6
5.9E-7
7.68E-7
6.59E-7
9.56E-7
9.06E-7
6.0E-7
7.47E-7
8.09E-7
5.14E-7
9.62E-7
7.21E-7
5.85E-7
7.36E-7
7.92E-7
5.59E-7
4.0E-7
5.08E-7
5.14E-7
5.33E-7
4.92E-7
8.19E-7
6.79E-7
1.13E-6
5.33E-7
1.341E-6
5.31E-7
8.04E-7
4.91E-7
8.67E-7
5.0E-7
7.48E-7
6.49E-7
7.59E-7
4.99E-7
6.06E-7
4.44E-7
6.2E-7
7.23E-7
4.79E-7
4.91E-7
7.38E-7
3.74E-7
5.87E-7
8.84E-7
4.81E-7
4.47E-7
6.4E-7
3.57E-7
5.83E-7
6.16E-7
6.36E-7
5.55E-7
9.08E-7
3.06E-7
4.36E-7
7.2E-7
2.93E-7
4.46E-7
3.62E-7
1.12E-6
1.031E-6
7.76E-7
9.13E-7
1.798E-6
4.45E-7
8.28E-7
4.87E-7
4.56E-7
7.73E-7
6.48E-7
4.14E-7
7.36E-7
4.61E-7
7.25E-7
4.91E-7
6.01E-7
3.32E-7
6.94E-7
5.09E-7
8.93E-7
6.29E-7
8.35E-7
4.42E-7
7.36E-7
5.55E-7
5.23E-7
5.63E-7
4.75E-7
5.61E-7
5.49E-7
9.68E-7
5.36E-7
5.89E-7
7.46E-7
7.11E-7
5.71E-7
9.91E-7
3.86E-7
5.34E-7
1.111E-6
4.94E-7
5.08E-7
1.022E-6
6.09E-7
6.39E-7
5.44E-7
7.28E-7
4.85E-7
8.19E-7
5.96E-7
5.39E-7
6.3E-7
4.96E-7
4.85E-7
7.22E-7
3.61E-7
4.3E-7
8.73E-7
7.14E-7
5.23E-7
7.47E-7
4.44E-7
5.71E-7
5.33E-7
1.082E-6
6.97E-7
8.88E-7
8.31E-7
1.256E-6
5.95E-7
5.92E-7
4.8E-7
8.53E-7
7.79E-7
9.9E-7
5.72E-7
4.85E-7
8.03E-7
3.78E-7
5.01E-7
8.34E-7
5.81E-7
6.71E-7
5.26E-7
4.46E-7
8.67E-7
4.27E-7
5.35E-7
7.28E-7
7.62E-7
5.64E-7
7.21E-7
7.88E-7
4.89E-7
9.33E-7
6.8E-7
4.07E-7
4.64E-7
1.035E-6
5.49E-7
7.81E-7
2.0E-6
8.13E-7
7.8E-7
7.63E-7
4.72E-7
7.92E-7
4.83E-7
8.31E-7
6.44E-7
9.45E-7
6.12E-7
4.39E-7
7.75E-7
6.38E-7
5.41E-7
6.81E-7
4.93E-7
8.65E-7
5.18E-7
5.3E-7
7.7E-7
3.41E-7
8.41E-7
5.66E-7
6.38E-7
6.52E-7
7.59E-7
7.82E-7
5.38E-7
1.336E-6
8.61E-7
6.58E-7
4.48E-7
5.91E-7
1.025E-6
4.102E-6
5.78E-7
6.65E-7
6.29E-7
7.21E-7
7.15E-7
7.22E-7
7.29E-7
5.94E-7
7.7E-7
7.58E-7
8.79E-7
7.29E-7
3.8E-7
8.1E-7
1.005E-6
6.48E-7
5.55E-7
1.126E-6
3.91E-7
5.34E-7
8.3E-7
7.26E-7
5.52E-7
7.21E-7
1.182E-6
6.6E-7
1.013E-6
5.98E-7
8.62E-7
1.016E-6
5.33E-7
5.98E-7
1.211E-6
5.0E-7
5.47E-7
9.63E-7
1.177E-6
5.25E-7
1.019E-6
5.0E-7
8.86E-7
7.5E-7
6.2E-7
1.015E-6
6.21E-7
7.76E-7
5.03E-7
6.01E-7
6.27E-7
5.31E-7
4.95E-7
5.25E-7
6.51E-7
1.188E-6
4.85E-7
8.02E-7
6.66E-7
9.72E-7
6.72E-7
6.22E-7
1.086E-6
9.0E-7
6.44E-7
2.478E-6
6.42E-7
9.47E-7
6.91E-7
9.65E-7
5.92E-7
7.87E-7
6.04E-7
7.57E-7
8.16E-7
1.221E-6
5.64E-7
9.52E-7
5.32E-7
5.27E-7
6.23E-7
7.11E-7
7.24E-7
1.301E-6
8.48E-7
8.72E-7
7.35E-7
1.034E-6
8.1E-7
5.63E-7
8.34E-7
1.08E-6
6.36E-7
7.44E-7
4.15E-7
1.408E-6
5.89E-7
9.98E-7
6.47E-7
5.87E-7
9.95E-7
5.34E-7
4.79E-7
6.74E-7
1.166E-6
8.73E-7
5.0E-7
9.47E-7
7.74E-7
1.007E-6
8.14E-7
7.98E-7
4.41E-7
4.43E-7
8.5E-7
7.69E-7
5.29E-7
1.167E-6
6.72E-7
5.46E-7
7.63E-7
7.79E-7
6.5E-7
7.64E-7
8.82E-7
3.22E-7
6.85E-7
7.96E-7
9.4E-7
3.74E-7
7.13E-7
8.54E-7
1.309E-6
9.12E-7
5.23E-7
6.67E-7
7.22E-7
3.48E-7
8.74E-7
7.93E-7
3.45E-7
3.28E-7
6.39E-7
9.8E-7
5.09E-7
4.82E-7
4.61E-7
6.58E-7
4.5E-7
4.65E-7
6.9E-7
8.74E-7
4.66E-7
1.146E-6
9.2E-7
5.22E-7
4.64E-7
2.129E-6
6.49E-7
4.46E-7
6.45E-7
4.2E-7
1.009E-6
7.62E-7
6.65E-7
6.73E-7
9.49E-7
6.59E-7
6.53E-7
6.25E-7
1.092E-6
1.09E-6
9.95E-7
8.09E-7
1.139E-6
4.35E-7
3.96E-7
7.82E-7
6.36E-7
5.65E-7
6.67E-7
4.84E-7
8.86E-7
3.7E-7
7.72E-7
5.09E-7
1.023E-6
4.01E-7
5.03E-7
6.04E-7
2.98E-7
4.76E-7
7.9E-7
9.47E-7
4.79E-7
1.19E-6
1.078E-6
6.51E-7
8.5E-7
6.59E-7
6.49E-7
8.37E-7
7.79E-7
5.95E-7
1.17E-6
8.97E-7
6.1E-7
6.59E-7
9.46E-7
8.14E-7
4.79E-7
7.23E-7
5.22E-7
8.68E-7
5.98E-7
8.05E-7
4.38E-7
5.26E-7
7.66E-7
5.45E-7
8.45E-7
4.68E-7
5.11E-7
7.23E-7
9.14E-7
8.08E-7
5.49E-7
4.69E-7
5.4E-7
7.62E-7
9.6E-7
7.3E-7
4.93E-7
1.21E-6
8.05E-7
6.6E-7
3.48E-7
9.14E-7
1.272E-6
5.03E-7
8.12E-7
4.01E-7
5.83E-7
4.93E-7
9.35E-7
8.38E-7
5.68E-7
6.11E-7
7.73E-7
6.86E-7
5.11E-7
1.009E-6
2.253E-6
5.93E-7
7.89E-7
5.24E-7
7.63E-7
6.19E-7
5.31E-7
3.9E-7
9.59E-7
5.39E-7
4.18E-7
6.4E-7
8.11E-7
5.01E-7
6.83E-7
6.77E-7
4.78E-7
4.81E-7
5.22E-7
3.8E-7
6.34E-7
7.11E-7
9.39E-7
6.39E-7
5.47E-7
6.67E-7
5.62E-7
7.04E-7
5.54E-7
6.59E-7
3.27E-7
1.615E-6
7.86E-7
4.46E-7
5.19E-7
7.45E-7
3.68E-7
4.4E-7
8.99E-7
6.62E-7
4.82E-7
9.32E-7
4.2E-7
8.72E-7
8.21E-7
6.1E-7
5.7E-7
4.1E-7
4.73E-7
4.76E-7
6.76E-7
6.43E-7
5.04E-7
3.78E-7
4.28E-7
6.35E-7
9.04E-7
6.78E-7
3.33E-7
8.89E-7
5.59E-7
7.41E-7
1.206E-6
6.3E-7
5.41E-7
1.023E-6
3.76E-7
5.09E-7
1.262E-6
4.81E-7
5.29E-7
1.638E-6
5.64E-7
1.448E-6
8.32E-7
9.59E-7
1.38E-6
6.36E-7
5.29E-7
1.116E-6
8.33E-7
9.3E-7
7.53E-7
9.36E-7
4.22E-7
8.86E-7
5.01E-7
8.52E-7
5.05E-7
5.13E-7
5.56E-7
5.25E-7
5.94E-7
7.29E-7
5.73E-7
7.54E-7
5.69E-7
8.42E-7
5.68E-7
4.74E-7
8.7E-7
5.19E-7
5.43E-7
5.24E-7
3.93E-7
2.685E-6
6.95E-7
5.51E-7
6.82E-7
5.38E-7
4.11E-7
5.32E-7
5.6E-7
3.16E-7
6.23E-7
4.04E-7
8.94E-7
5.44E-7
3.69E-7
8.4E-7
5.03E-7
7.0E-7
4.93E-7
8.5E-7
4.81E-7
8.38E-7
8.29E-7
4.56E-7
9.63E-7
6.19E-7
1.493E-6
5.07E-7
5.05E-7
1.681E-6
6.74E-7
3.75E-7
1.357E-6
5.99E-7
3.15E-7
6.04E-7
8.28E-7
6.81E-7
4.26E-7
5.57E-7
8.01E-7
4.47E-7
4.73E-7
6.21E-7
4.0E-7
4.67E-7
4.52E-7
7.37E-7
9.36E-7
5.61E-7
7.01E-7
4.83E-7
5.21E-7
6.0E-7
7.07E-7
5.34E-7
7.31E-7
4.71E-7
1.063E-6
4.9E-7
5.44E-7
1.204E-6
8.69E-7
5.08E-7
8.0E-7
8.49E-7
3.44E-7
7.67E-7
9.5E-7
6.87E-7
4.88E-7
1.073E-6
5.88E-7
8.58E-7
8.43E-7
5.43E-7
6.03E-7
6.88E-7
8.95E-7
4.29E-7
8.45E-7
7.18E-7
5.91E-7
8.78E-7
5.79E-7
4.09E-7
9.62E-7
1.033E-6
1.147E-6
8.59E-7
5.75E-7
7.07E-7
5.6E-7
6.77E-7
4.44E-7
5.42E-7
4.54E-7
9.71E-7
4.43E-7
4.55E-7
2.646E-6
6.28E-7
6.09E-7
8.45E-7
6.47E-7
8.04E-7
5.19E-7
7.67E-7
5.63E-7
4.28E-7
4.85E-7
7.01E-7
5.16E-7
9.4E-7
9.05E-7
5.72E-7
6.78E-7
5.92E-7
7.38E-7
1.007E-6
6.5E-7
4.97E-7
7.42E-7
3.34E-7
7.8E-7
5.16E-7
7.11E-7
3.88E-7
7.96E-7
4.36E-7
4.65E-7
7.65E-7
3.83E-7
6.82E-7
4.62E-7
7.24E-7
8.61E-7
4.32E-7
7.2E-7
5.25E-7
4.75E-7
5.26E-7
3.2E-7
5.04E-7
4.86E-7
5.67E-7
5.76E-7
5.62E-7
7.54E-7
7.21E-7
7.26E-7
5.12E-7
6.98E-7
7.24E-7
8.85E-7
1.201E-6
1.595E-6
6.73E-7
6.83E-7
7.99E-7
6.31E-7
9.0E-7
6.67E-7
9.27E-7
3.67E-7
9.09E-7
3.59E-7
6.81E-7
6.72E-7
1.113E-6
1.055E-6
7.32E-7
1.059E-6
6.86E-7
5.48E-7
1.033E-6
7.38E-7
6.55E-7
6.82E-7
6.04E-7
1.148E-6
3.58E-7
5.89E-7
6.06E-7
6.7E-7
8.56E-7
8.1E-7
6.57E-7
9.24E-7
2.93E-7
9.97E-7
7.01E-7
5.57E-7
1.099E-6
6.25E-7
9.51E-7
2.004E-6
6.9E-7
4.82E-7
4.7E-7
9.52E-7
4.92E-7
5.18E-7
9.16E-7
1.021E-6
5.47E-7
6.35E-7
5.82E-7
9.91E-7
6.43E-7
7.15E-7
7.85E-7
1.303E-6
3.27E-7
8.16E-7
1.177E-6
6.48E-7
5.26E-7
5.81E-7
6.04E-7
8.3E-7
7.03E-7
4.74E-7
6.54E-7
5.97E-7
6.68E-7
5.42E-7
8.59E-7
9.22E-7
5.91E-7
9.21E-7
7.39E-7
4.98E-7
8.0E-7
4.62E-7
6.31E-7
7.3E-7
7.35E-7
4.82E-7
5.06E-7
5.64E-7
6.8E-7
3.13E-7
6.29E-7
4.91E-7
9.12E-7
4.33E-7
1.153E-6
6.27E-7
6.71E-7
3.21E-7
5.67E-7
5.57E-7
8.98E-7
9.21E-7
7.39E-7
5.93E-7
9.57E-7
9.9E-7
4.53E-7
7.88E-7
8.17E-7
3.42E-7
1.432E-6
8.07E-7
8.57E-7
6.55E-7
1.189E-6
5.29E-7
6.82E-7
7.86E-7
1.051E-6
5.11E-7
1.201E-6
4.91E-7
1.123E-6
7.8E-7
7.89E-7
1.07E-6
6.63E-7
1.127E-6
3.86E-7
5.31E-7
5.32E-7
3.45E-7
5.41E-7
8.25E-7
7.71E-7
4.28E-7
7.62E-7
5.5E-7
4.59E-7
1.989E-6
1.018E-6
3.13E-7
6.85E-7
9.77E-7
4.95E-7
5.7E-7
5.38E-7
6.76E-7
6.63E-7
4.47E-7
7.45E-7
5.59E-7
6.99E-7
3.27E-7
8.25E-7
9.79E-7
4.81E-7
4.59E-7
1.074E-6
3.63E-7
4.5E-7
4.37E-7
9.08E-7
4.81E-7
1.108E-6
1.691E-6
9.4E-7
5.44E-7
6.38E-7
4.66E-7
4.55E-7
5.62E-7
6.83E-7
4.39E-7
1.003E-6
8.5E-7
8.13E-7
7.02E-7
5.05E-7
5.83E-7
7.36E-7
5.14E-7
1.02E-6
1.038E-6
4.73E-7
7.72E-7
1.174E-6
7.77E-7
4.92E-7
4.89E-7
8.46E-7
3.3E-7
8.67E-7
5.5E-7
8.36E-7
4.35E-7
4.4E-7
5.42E-7
6.79E-7
7.36E-7
7.18E-7
4.1E-7
9.12E-7
1.026E-6
5.34E-7
5.11E-7
8.75E-7
6.79E-7
6.42E-7
4.43E-7
7.52E-7
8.47E-7
4.97E-7
4.67E-7
6.47E-7
4.54E-7
6.94E-7
1.245E-6
7.71E-7
8.66E-7
1.267E-6
5.4E-7
6.86E-7
9.5E-7
1.048E-6
5.92E-7
8.3E-7
4.2E-7
9.64E-7
6.71E-7
3.14E-7
5.35E-7
1.068E-6
4.62E-7
8.17E-7
4.94E-7
4.02E-7
9.34E-7
2.145E-6
4.69E-7
4.9E-7
4.77E-7
4.49E-7
6.03E-7
6.05E-7
6.39E-7
6.1E-7
4.76E-7
5.67E-7
7.44E-7
7.57E-7
5.3E-7
7.98E-7
4.95E-7
5.0E-7
9.6E-7
1.241E-6
5.48E-7
6.09E-7
7.77E-7
3.85E-7
5.43E-7
5.48E-7
5.01E-7
3.43E-7
5.85E-7
8.48E-7
6.54E-7
4.81E-7
6.17E-7
5.05E-7
7.71E-7
7.28E-7
5.99E-7
9.37E-7
8.35E-7
3.74E-7
9.01E-7
7.13E-7
7.59E-7
2.77E-7
4.9E-7
5.87E-7
3.15E-7
4.96E-7
8.38E-7
8.03E-7
7.12E-7
7.76E-7
6.82E-7
6.46E-7
7.27E-7
1.002E-6
7.63E-7
6.5E-7
4.22E-7
5.99E-7
6.51E-7
1.087E-6
7.65E-7
1.072E-6
1.055E-6
5.84E-7
6.61E-7
7.84E-7
6.28E-7
5.97E-7
6.91E-7
7.27E-7
5.1E-7
4.77E-7
6.12E-7
4.28E-7
6.32E-7
4.14E-7
8.52E-7
7.68E-7
7.26E-7
7.58E-7
4.9E-7
4.89E-7
9.95E-7
1.12E-6
4.49E-7
7.36E-7
4.75E-7
5.69E-7
4.86E-7
8.49E-7
4.42E-7
4.12E-7
4.41E-7
6.92E-7
4.61E-7
6.12E-7
8.25E-7
4.87E-7
8.27E-7
2.001E-6
1.226E-6
8.96E-7
4.78E-7
7.0E-7
4.54E-7
4.28E-7
9.3E-7
4.6E-7
7.05E-7
1.188E-6
6.55E-7
5.73E-7
5.09E-7
9.4E-7
3.5E-7
4.82E-7
7.72E-7
4.37E-7
7.47E-7
3.35E-7
3.32E-7
1.146E-6
3.53E-7
1.202E-6
6.59E-7
9.5E-7
5.87E-7
5.47E-7
8.39E-7
4.7E-7
4.53E-7
7.88E-7
5.99E-7
5.12E-7
6.05E-7
1.023E-6
8.55E-7
4.47E-7
6.11E-7
3.51E-7
1.033E-6
4.86E-7
4.38E-7
6.65E-7
3.18E-7
8.26E-7
4.66E-7
1.125E-6
5.63E-7
7.42E-7
6.87E-7
5.13E-7
8.04E-7
6.26E-7
4.41E-7
8.8E-7
5.76E-7
6.58E-7
5.04E-7
5.91E-7
4.89E-7
5.08E-7
7.14E-7
8.04E-7
5.26E-7
7.36E-7
1.054E-6
4.69E-7
7.58E-7
8.17E-7
7.78E-7
5.79E-7
9.74E-7
6.05E-7
8.17E-7
8.84E-7
4.3E-7
7.35E-7
3.35E-7
7.03E-7
8.31E-7
7.77E-7
2.83E-7
1.195E-6
1.054E-6
5.11E-7
8.24E-7
1.351E-6
6.66E-7
8.09E-7
4.43E-7
7.74E-7
8.93E-7
1.858E-6
6.66E-7
5.86E-7
5.71E-7
1.161E-6
9.25E-7
6.99E-7
1.314E-6
3.26E-7
5.86E-7
7.25E-7
5.13E-7
5.63E-7
5.04E-7
1.113E-6
5.06E-7
4.61E-7
1.241E-6
5.24E-7
4.45E-7
1.18E-6
4.58E-7
5.94E-7
7.21E-7
3.83E-7
5.39E-7
9.93E-7
3.85E-7
4.76E-7
4.3E-7
9.52E-7
3.48E-7
3.07E-7
4.17E-7
5.2E-7
5.87E-7
5.57E-7
5.42E-7
7.99E-7
7.16E-7
3.16E-7
7.8E-7
9.85E-7
6.24E-7
6.18E-7
4.03E-7
8.12E-7
5.37E-7
6.53E-7
3.41E-7
4.97E-7
7.72E-7
5.23E-7
6.9E-7
5.42E-7
7.21E-7
9.92E-7
9.47E-7
8.53E-7
1.113E-6
6.84E-7
3.69E-7
4.83E-7
1.052E-6
3.76E-7
8.27E-7
6.8E-7
6.6E-7
4.72E-7
6.87E-7
5.82E-7
4.01E-7
8.32E-7
5.25E-7
8.59E-7
6.14E-7
5.19E-7
6.22E-7
5.74E-7
5.39E-7
8.04E-7
6.87E-7
4.82E-7
1.364E-6
2.535E-6
3.63E-7
8.22E-7
7.59E-7
3.13E-7
4.43E-7
5.0E-7
6.53E-7
6.6E-7
4.61E-7
1.101E-6
5.65E-7
9.94E-7
6.67E-7
1.064E-6
5.98E-7
7.47E-7
1.694E-6
8.26E-7
5.61E-7
5.04E-7
7.66E-7
6.73E-7
4.68E-7
6.16E-7
8.55E-7
5.59E-7
7.7E-7
7.33E-7
8.93E-7
5.78E-7
4.54E-7
1.017E-6
5.9E-7
1.018E-6
6.0E-7
4.8E-7
4.09E-7
4.81E-7
9.32E-7
3.49E-7
5.61E-7
9.08E-7
8.37E-7
3.77E-7
9.32E-7
5.39E-7
9.46E-7
6.39E-7
6.43E-7
5.95E-7
8.04E-7
5.71E-7
6.9E-7
3.86E-7
6.97E-7
8.98E-7
5.8E-7
9.91E-7
8.21E-7
7.51E-7
5.14E-7
8.08E-7
7.63E-7
3.22E-7
5.46E-7
7.18E-7
4.12E-7
5.57E-7
5.84E-7
4.43E-7
7.2E-7
5.63E-7
7.3E-7
3.73E-7
4.78E-7
5.36E-7
9.53E-7
1.032E-6
5.0E-7
5.32E-7
6.15E-7
7.79E-7
6.92E-7
1.317E-6
4.76E-7
5.36E-7
5.93E-7
1.186E-6
6.59E-7
6.73E-7
5.32E-7
7.22E-7
6.8E-7
5.13E-7
6.62E-7
7.51E-7
7.24E-7
6.8E-7
5.0E-7
1.022E-6
9.06E-7
4.48E-7
6.08E-7
6.6E-7
1.178E-6
5.15E-7
4.57E-7
6.23E-7
8.66E-7
1.063E-6
5.54E-7
5.89E-7
5.15E-7
1.771E-6
6.17E-7
7.97E-7
1.291E-6
5.97E-7
4.53E-7
8.3E-7
8.7E-7
5.21E-7
9.86E-7
1.129E-6
5.23E-7
6.67E-7
5.46E-7
7.47E-7
9.62E-7
4.23E-7
7.22E-7
4.7E-7
4.28E-7
1.006E-6
5.11E-7
7.5E-7
9.63E-7
4.25E-7
5.41E-7
4.96E-7
6.13E-7
4.24E-7
5.56E-7
4.64E-7
8.14E-7
7.49E-7
4.45E-7
6.97E-7
5.51E-7
1.156E-6
3.4E-7
4.66E-7
9.63E-7
1.287E-6
5.39E-7
7.15E-7
6.18E-7
6.15E-7
5.45E-7
6.6E-7
8.59E-7
7.94E-7
8.4E-7
8.34E-7
5.49E-7
5.08E-7
7.11E-7
1.0E-6
3.4E-7
5.47E-7
4.79E-7
9.96E-7
6.04E-7
9.64E-7
1.107E-6
6.52E-7
7.47E-7
4.87E-7
9.9E-7
3.98E-7
5.8E-7
5.57E-7
8.14E-7
8.36E-7
4.82E-7
5.86E-7
5.62E-7
8.11E-7
8.87E-7
5.65E-7
5.36E-7
1.02E-6
6.35E-7
7.19E-7
8.65E-7
7.96E-7
4.88E-7
7.71E-7
6.47E-7
5.21E-7
9.02E-7
5.42E-7
5.21E-7
8.79E-7
7.02E-7
4.47E-7
6.98E-7
5.2E-7
2.544E-6
8.44E-7
9.06E-7
7.02E-7
4.04E-7
8.52E-7
4.41E-7
6.69E-7
1.003E-6
7.56E-7
5.62E-7
6.92E-7
6.84E-7
5.56E-7
6.12E-7
4.57E-7
7.65E-7
9.99E-7
5.08E-7
6.61E-7
9.74E-7
4.87E-7
8.74E-7
8.33E-7
3.32E-7
8.64E-7
6.67E-7
5.97E-7
4.9E-7
7.37E-7
6.15E-7
4.54E-7
7.37E-7
3.71E-7
8.09E-7
1.104E-6
3.51E-7
7.95E-7
7.88E-7
4.76E-7
9.98E-7
4.95E-7
7.95E-7
5.35E-7
7.41E-7
5.91E-7
1.037E-6
4.8E-7
6.98E-7
4.87E-7
8.43E-7
6.22E-7
8.73E-7
5.92E-7
5.97E-7
7.77E-7
7.48E-7
6.85E-7
5.09E-7
9.03E-7
3.2E-7
4.44E-7
8.33E-7
8.98E-7
3.77E-7
5.86E-7
7.43E-7
4.61E-7
8.62E-7
5.7E-7
4.96E-7
8.89E-7
4.31E-7
7.48E-7
5.75E-7
4.58E-7
4.41E-7
7.69E-7
3.21E-7
6.67E-7
7.8E-7
9.54E-7
4.39E-7
1.169E-6
9.35E-7
4.79E-7
3.06E-7
4.3E-7
8.2E-7
5.96E-7
6.16E-7
6.95E-7
3.74E-7
9.6E-7
7.26E-7
1.85E-6
5.13E-7
7.83E-7
6.38E-7
4.24E-7
5.3E-7
6.1E-7
5.06E-7
9.32E-7
6.64E-7
7.39E-7
1.074E-6
4.82E-7
6.6E-7
4.7E-7
7.74E-7
4.65E-7
6.09E-7
3.49E-7
4.58E-7
8.58E-7
5.05E-7
7.6E-7
6.22E-7
6.88E-7
9.39E-7
8.66E-7
3.72E-7
7.81E-7
6.94E-7
6.43E-7
6.94E-7
1.032E-6
6.28E-7
6.11E-7
5.91E-7
6.07E-7
6.06E-7
6.32E-7
6.72E-7
4.42E-7
1.14E-6
8.08E-7
5.64E-7
6.97E-7
5.76E-7
1.03E-6
6.67E-7
1.234E-6
7.81E-7
3.2E-7
9.78E-7
1.093E-6
4.71E-7
6.11E-7
3.82E-7
8.22E-7
5.15E-7
6.86E-7
6.51E-7
5.66E-7
5.2E-7
5.51E-7
6.33E-7
7.53E-7
8.86E-7
2.54E-7
5.92E-7
5.9E-7
4.77E-7
5.36E-7
7.31E-7
6.04E-7
6.76E-7
9.61E-7
1.364E-6
8.4E-7
6.7E-7
4.45E-7
6.84E-7
6.13E-7
4.42E-7
6.87E-7
1.097E-6
1.186E-6
8.32E-7
4.44E-7
4.87E-7
7.61E-7
4.91E-7
1.021E-6
4.3E-7
4.38E-7
7.55E-7
5.8E-7
4.37E-7
1.074E-6
6.24E-7
1.706E-6
4.21E-7
7.56E-7
7.62E-7
5.79E-7
4.63E-7
9.2E-7
7.07E-7
5.95E-7
7.76E-7
1.022E-6
4.09E-7
8.33E-7
7.83E-7
5.93E-7
4.7E-7
1.059E-6
9.9E-7
6.38E-7
7.72E-7
3.27E-7
5.32E-7
8.73E-7
5.81E-7
5.86E-7
1.084E-6
6.38E-7
6.61E-7
6.25E-7
9.5E-7
7.21E-7
4.41E-7
4.8E-7
7.19E-7
6.16E-7
8.33E-7
8.29E-7
8.88E-7
9.7E-7
5.76E-7
6.93E-7
7.3E-7
4.48E-7
4.94E-7
9.89E-7
6.54E-7
7.31E-7
7.39E-7
5.57E-7
6.2E-7
5.27E-7
5.08E-7
6.04E-7
6.96E-7
5.57E-7
8.96E-7
8.2E-7
4.83E-7
9.15E-7
4.58E-7
5.13E-7
6.55E-7
6.37E-7
7.7E-7
9.46E-7
3.36E-7
5.83E-7
6.15E-7
6.06E-7
6.87E-7
6.83E-7
5.16E-7
1.216E-6
5.82E-7
4.79E-7
3.59E-7
6.83E-7
1.084E-6
4.37E-7
3.27E-7
7.34E-7
4.47E-7
7.22E-7
9.52E-7
5.05E-7
6.65E-7
7.02E-7
5.32E-7
7.54E-7
8.21E-7
7.49E-7
7.08E-7
8.25E-7
4.81E-7
6.84E-7
9.01E-7
6.35E-7
1.719E-6
3.05E-7
9.02E-7
6.02E-7
7.19E-7
6.76E-7
5.38E-7
1.399E-6
6.44E-7
1.034E-6
5.23E-7
5.07E-7
1.433E-6
1.134E-6
6.81E-7
9.65E-7
5.92E-7
6.63E-7
5.15E-7
8.82E-7
3.69E-7
4.5E-7
7.05E-7
8.29E-7
3.56E-7
6.88E-7
6.81E-7
5.77E-7
8.34E-7
5.96E-7
1.006E-6
3.42E-7
6.3E-7
7.7E-7
8.81E-7
7.55E-7
6.58E-7
3.78E-7
6.26E-7
6.09E-7
4.89E-7
7.32E-7
3.05E-7
1.242E-6
5.43E-7
1.362E-6
8.39E-7
3.32E-7
5.21E-7
1.021E-6
4.73E-7
9.14E-7
4.77E-7
1.114E-6
5.87E-7
6.91E-7
4.23E-7
7.42E-7
5.32E-7
4.68E-7
5.97E-7
5.3E-7
3.52E-7
4.83E-7
1.019E-6
5.3E-7
1.004E-6
3.73E-7
4.77E-7
6.85E-7
1.243E-6
5.95E-7
1.6E-6
5.87E-7
4.67E-7
7.48E-7
5.68E-7
8.21E-7
5.55E-7
6.06E-7
4.41E-7
4.49E-7
8.02E-7
6.17E-7
6.88E-7
8.35E-7
4.49E-7
4.7E-7
6.9E-7
4.97E-7
5.09E-7
4.89E-7
6.65E-7
4.76E-7
4.61E-7
9.86E-7
4.78E-7
5.68E-7
4.82E-7
4.43E-7
2.513E-6
5.48E-7
8.52E-7
7.4E-7
4.77E-7
9.79E-7
9.01E-7
8.21E-7
1.247E-6
4.97E-7
6.89E-7
7.25E-7
6.41E-7
7.36E-7
9.46E-7
6.3E-7
4.59E-7
9.48E-7
3.25E-7
5.71E-7
1.001E-6
8.31E-7
8.48E-7
7.8E-7
6.36E-7
4.48E-7
8.66E-7
9.72E-7
6.36E-7
1.078E-6
4.76E-7
4.91E-7
1.047E-6
7.48E-7
4.77E-7
5.9E-7
5.78E-7
3.59E-7
7.92E-7
3.36E-7
7.91E-7
7.1E-7
6.7E-7
8.97E-7
7.91E-7
7.04E-7
1.07E-6
4.38E-7
4.4E-7
1.321E-6
4.84E-7
8.63E-7
5.93E-7
8.44E-7
1.1E-6
4.85E-7
8.38E-7
6.27E-7
3.17E-7
8.04E-7
4.64E-7
5.5E-7
7.4E-7
7.53E-7
9.61E-7
5.25E-7
8.38E-7
6.14E-7
5.14E-7
8.98E-7
7.16E-7
4.53E-7
7.64E-7
5.08E-7
4.82E-7
9.13E-7
4.69E-7
4.8E-7
6.72E-7
3.15E-7
4.57E-7
7.24E-7
4.87E-7
5.09E-7
6.84E-7
4.58E-7
5.27E-7
6.34E-7
7.01E-7
5.04E-7
6.5E-7
9.7E-7
3.71E-7
8.77E-7
5.44E-7
7.41E-7
1.031E-6
5.17E-7
4.56E-7
1.869E-6
7.1E-7
1.112E-6
3.62E-7
5.29E-7
8.1E-7
9.47E-7
7.5E-7
6.05E-7
1.02E-6
1.072E-6
1.096E-6
8.64E-7
9.59E-7
3.53E-7
7.73E-7
6.39E-7
4.79E-7
6.44E-7
5.49E-7
9.83E-7
6.92E-7
6.43E-7
5.61E-7
9.0E-7
4.68E-7
4.85E-7
7.16E-7
4.62E-7
4.51E-7
8.78E-7
5.25E-7
5.02E-7
4.78E-7
4.03E-7
1.031E-6
4.63E-7
6.41E-7
6.87E-7
9.08E-7
7.52E-7
4.75E-7
8.49E-7
8.87E-7
7.06E-7
5.64E-7
7.3E-7
5.62E-7
5.62E-7
8.24E-7
6.91E-7
5.1E-7
6.01E-7
6.39E-7
8.43E-7
5.04E-7
7.58E-7
6.26E-7
4.51E-7
8.56E-7
7.28E-7
8.76E-7
8.15E-7
5.57E-7
4.43E-7
8.16E-7
3.51E-7
9.44E-7
1.541E-6
9.36E-7
4.66E-7
5.93E-7
6.83E-7
1.054E-6
8.89E-7
3.65E-7
9.67E-7
5.19E-7
7.5E-7
5.92E-7
9.89E-7
5.81E-7
7.65E-7
3.91E-7
8.33E-7
6.15E-7
4.93E-7
6.96E-7
6.95E-7
1.23E-6
7.17E-7
1.056E-6
8.66E-7
1.877E-6
6.22E-7
5.21E-7
3.73E-7
5.2E-7
5.23E-7
7.61E-7
1.121E-6
6.6E-7
4.83E-7
6.84E-7
1.074E-6
9.65E-7
5.15E-7
4.73E-7
4.62E-7
7.32E-7
8.58E-7
5.82E-7
8.06E-7
5.37E-7
5.03E-7
8.04E-7
5.63E-7
7.88E-7
4.56E-7
5.29E-7
7.58E-7
6.3E-7
8.8E-7
5.61E-7
5.56E-7
7.26E-7
5.2E-7
3.48E-7
5.06E-7
6.9E-7
1.078E-6
7.02E-7
5.03E-7
7.75E-7
4.4E-7
4.91E-7
7.35E-7
3.21E-7
3.76E-7
9.49E-7
5.32E-7
8.47E-7
6.0E-7
7.09E-7
7.71E-7
4.85E-7
4.65E-7
7.56E-7
5.82E-7
7.87E-7
7.33E-7
6.63E-7
4.61E-7
6.6E-7
6.37E-7
3.44E-7
6.84E-7
8.41E-7
5.72E-7
4.21E-7
7.82E-7
4.83E-7
7.22E-7
7.69E-7
7.93E-7
4.68E-7
7.7E-7
4.01E-7
8.29E-7
6.25E-7
8.92E-7
7.82E-7
5.19E-7
7.88E-7
7.33E-7
9.18E-7
9.76E-7
8.5E-7
7.98E-7
6.53E-7
4.3E-7
7.35E-7
3.1E-7
6.11E-7
1.076E-6
8.25E-7
6.43E-7
2.67E-6
3.96E-7
9.87E-7
4.13E-7
5.02E-7
6.1E-7
8.64E-7
5.79E-7
4.88E-7
1.029E-6
7.02E-7
6.62E-7
9.56E-7
4.66E-7
1.099E-6
7.3E-7
3.36E-7
9.14E-7
8.43E-7
4.77E-7
5.51E-7
7.7E-7
8.33E-7
6.05E-7
8.24E-7
5.57E-7
8.94E-7
4.6E-7
5.12E-7
4.37E-7
5.19E-7
4.34E-7
7.14E-7
6.96E-7
8.96E-7
3.96E-7
4.88E-7
6.65E-7
5.04E-7
4.77E-7
6.82E-7
9.19E-7
7.94E-7
5.45E-7
6.0E-7
5.26E-7
5.61E-7
5.16E-7
4.19E-7
8.41E-7
5.05E-7
5.33E-7
9.66E-7
8.14E-7
7.28E-7
5.69E-7
5.69E-7
5.46E-7
7.4E-7
5.27E-7
8.15E-7
1.182E-6
5.72E-7
4.18E-7
4.57E-7
7.48E-7
5.46E-7
6.42E-7
4.67E-7
7.05E-7
5.81E-7
1.032E-6
6.14E-7
5.32E-7
3.46E-7
3.99E-7
1.163E-6
6.02E-7
4.7E-7
9.9E-7
8.91E-7
5.78E-7
7.66E-7
6.79E-7
6.44E-7
4.8E-7
6.19E-7
8.22E-7
6.33E-7
7.83E-7
7.97E-7
5.05E-7
4.6E-7
8.05E-7
4.19E-7
9.74E-7
3.14E-7
5.36E-7
3.74E-7
6.18E-7
1.818E-6
5.58E-7
4.91E-7
6.51E-7
6.21E-7
6.7E-7
6.44E-7
7.97E-7
5.02E-7
5.05E-7
8.0E-7
4.37E-7
6.94E-7
4.07E-7
8.49E-7
5.59E-7
5.43E-7
8.71E-7
4.89E-7
7.76E-7
4.39E-7
5.27E-7
6.35E-7
7.03E-7
5.6E-7
8.2E-7
8.73E-7
8.73E-7
5.15E-7
3.947E-6
1.001E-6
6.7E-7
8.63E-7
4.91E-7
8.74E-7
6.61E-7
1.111E-6
5.34E-7
9.98E-7
3.712E-6
6.2E-7
4.74E-7
6.45E-7
9.52E-7
7.34E-7
7.34E-7
6.48E-7
8.04E-7
7.43E-7
7.87E-7
9.92E-7
7.99E-7
5.3E-7
1.705E-6
8.35E-7
8.17E-7
8.58E-7
5.32E-7
1.13E-6
5.68E-7
8.48E-7
7.92E-7
8.18E-7
5.55E-7
9.02E-7
6.21E-7
5.33E-7
6.2E-7
6.81E-7
9.87E-7
6.86E-7
8.75E-7
9.64E-7
7.69E-7
5.99E-7
6.83E-7
7.82E-7
5.03E-7
7.25E-7
8.53E-7
6.22E-7
6.52E-7
7.37E-7
7.35E-7
8.07E-7
5.3E-7
8.77E-7
6.61E-7
6.17E-7
5.73E-7
7.37E-7
6.75E-7
6.43E-7
6.97E-7
6.07E-7
9.19E-7
3.49E-7
2.486E-6
5.15E-7
1.029E-6
7.41E-7
4.92E-7
5.13E-7
5.59E-7
5.23E-7
6.55E-7
5.03E-7
6.62E-7
7.56E-7
6.31E-7
6.24E-7
6.52E-7
3.68E-7
5.01E-7
5.08E-7
8.25E-7
4.25E-7
5.02E-7
5.41E-7
5.67E-7
8.61E-7
8.67E-7
5.9E-7
6.63E-7
4.38E-7
8.37E-7
7.08E-7
1.327E-6
5.39E-7
6.01E-7
4.73E-7
9.01E-7
4.35E-7
1.504E-6
6.92E-7
9.84E-7
6.63E-7
5.87E-7
8.59E-7
6.88E-7
3.73E-7
1.183E-6
5.25E-7
5.61E-7
7.53E-7
7.53E-7
8.75E-7
6.2E-7
6.25E-7
6.16E-7
9.2E-7
5.32E-7
7.21E-7
7.31E-7
1.06E-6
7.64E-7
1.025E-6
6.13E-7
8.9E-7
6.51E-7
8.69E-7
1.019E-6
7.27E-7
7.94E-7
4.07E-7
6.65E-7
7.52E-7
3.85E-7
8.88E-7
4.01E-7
5.77E-7
5.38E-7
1.178E-6
6.89E-7
5.56E-7
6.97E-7
6.93E-7
8.75E-7
8.3E-7
8.9E-7
3.98E-7
9.5E-7
5.01E-7
4.29E-7
6.39E-7
6.43E-7
5.89E-7
4.5E-7
6.51E-7
5.12E-7
5.96E-7
9.56E-7
7.35E-7
6.54E-7
9.6E-7
2.044E-6
1.213E-6
9.51E-7
7.86E-7
5.56E-7
5.2E-7
6.13E-7
1.031E-6
8.54E-7
3.97E-7
6.09E-7
5.79E-7
5.49E-7
6.01E-7
9.32E-7
5.6E-7
5.09E-7
5.18E-7
9.68E-7
4.8E-7
7.62E-7
5.0E-7
6.43E-7
8.65E-7
1.057E-6
5.65E-7
5.33E-7
7.98E-7
6.05E-7
4.85E-7
8.07E-7
7.13E-7
1.095E-6
5.82E-7
7.95E-7
3.56E-7
3.49E-7
1.176E-6
5.41E-7
6.87E-7
5.77E-7
5.04E-7
7.94E-7
5.27E-7
4.99E-7
6.34E-7
6.21E-7
7.81E-7
8.86E-7
6.87E-7
6.17E-7
5.34E-7
7.65E-7
1.002E-6
5.19E-7
6.62E-7
7.1E-7
5.57E-7
6.76E-7
1.287E-6
8.19E-7
7.18E-7
6.11E-7
5.66E-7
7.04E-7
3.17E-7
7.18E-7
6.13E-7
6.8E-7
1.02E-6
6.18E-7
5.5E-7
4.81E-7
4.86E-7
6.35E-7
4.65E-7
8.73E-7
6.63E-7
6.51E-7
1.092E-6
6.31E-7
3.96E-7
1.008E-6
7.2E-7
7.66E-7
8.01E-7
4.13E-7
5.38E-7
6.74E-7
7.36E-7
1.422E-6
5.71E-7
8.95E-7
4.19E-7
1.14E-6
2.644E-6
6.71E-7
6.4E-7
4.62E-7
1.405E-6
4.44E-7
8.17E-7
3.69E-7
4.49E-7
5.39E-7
3.17E-7
8.11E-7
3.86E-7
9.88E-7
7.66E-7
5.76E-7
1.347E-6
1.24E-6
1.516E-6
5.05E-7
1.178E-6
5.89E-7
8.48E-7
3.43E-7
7.22E-7
4.37E-7
7.45E-7
4.55E-7
3.79E-7
7.52E-7
5.74E-7
6.57E-7
5.24E-7
7.64E-7
4.75E-7
6.55E-7
5.38E-7
9.4E-7
6.02E-7
9.76E-7
4.6E-7
5.06E-7
7.24E-7
9.77E-7
6.9E-7
6.08E-7
8.18E-7
5.48E-7
9.89E-7
1.0E-6
7.95E-7
7.37E-7
7.93E-7
5.62E-7
4.57E-7
6.94E-7
3.94E-7
7.23E-7
5.15E-7
5.89E-7
6.98E-7
9.68E-7
4.41E-7
4.1E-7
5.23E-7
7.24E-7
4.23E-7
7.06E-7
6.43E-7
4.8E-7
1.142E-6
6.44E-7
8.49E-7
3.35E-7
7.99E-7
6.8E-7
7.74E-7
8.63E-7
1.152E-6
5.64E-7
1.044E-6
9.28E-7
1.071E-6
6.09E-7
5.61E-7
6.23E-7
6.49E-7
5.98E-7
6.08E-7
6.97E-7
4.87E-7
7.01E-7
4.45E-7
9.79E-7
7.4E-7
2.118E-6
9.64E-7
5.48E-7
8.39E-7
4.46E-7
6.69E-7
7.03E-7
6.0E-7
8.64E-7
3.28E-7
6.61E-7
4.47E-7
7.08E-7
6.05E-7
7.84E-7
7.63E-7
7.42E-7
4.43E-7
4.74E-7
7.45E-7
6.26E-7
1.263E-6
8.77E-7
8.45E-7
7.85E-7
5.59E-7
8.52E-7
8.5E-7
4.02E-7
1.09E-6
6.55E-7
6.77E-7
4.91E-7
8.4E-7
8.48E-7
7.18E-7
7.82E-7
5.47E-7
8.32E-7
1.078E-6
9.97E-7
3.47E-7
4.97E-7
1.146E-6
4.47E-7
5.41E-7
8.46E-7
4.73E-7
5.07E-7
7.79E-7
7.12E-7
8.91E-7
1.041E-6
5.23E-7
8.93E-7
9.83E-7
4.86E-7
7.47E-7
6.51E-7
5.53E-7
7.29E-7
6.16E-7
6.05E-7
5.42E-7
6.5E-7
6.73E-7
3.36E-7
1.104E-6
7.55E-7
4.75E-7
1.061E-6
3.93E-7
9.55E-7
3.18E-7
7.51E-7
6.16E-7
5.67E-7
9.38E-7
4.33E-7
6.3E-7
5.64E-7
6.57E-7
6.85E-7
5.52E-7
7.33E-7
6.05E-7
4.85E-7
7.89E-7
9.96E-7
4.33E-7
7.62E-7
3.2E-7
4.84E-7
7.29E-7
2.013E-6
5.38E-7
8.66E-7
5.75E-7
4.02E-7
5.63E-7
4.57E-7
9.42E-7
9.06E-7
3.99E-7
1.294E-6
1.123E-6
6.16E-7
8.13E-7
3.34E-7
1.118E-6
8.81E-7
7.25E-7
6.82E-7
1.152E-6
8.08E-7
8.93E-7
1.061E-6
8.61E-7
6.23E-7
6.89E-7
4.71E-7
7.98E-7
4.41E-7
7.72E-7
1.191E-6
6.22E-7
4.62E-7
3.56E-7
9.24E-7
5.47E-7
9.85E-7
3.71E-7
5.15E-7
4.43E-7
1.001E-6
4.94E-7
4.5E-7
5.98E-7
5.26E-7
6.48E-7
4.61E-7
1.213E-6
6.43E-7
8.9E-7
6.88E-7
4.54E-7
5.87E-7
1.081E-6
7.74E-7
7.59E-7
5.88E-7
6.72E-7
5.11E-7
8.23E-7
3.91E-7
5.38E-7
8.11E-7
3.21E-7
4.95E-7
5.75E-7
6.38E-7
7.66E-7
5.6E-7
8.45E-7
