3.3684E-5
1.3842E-5
8.17E-7
1.374E-6
1.145E-6
9.75E-7
1.428E-6
8.73E-7
3.46E-7
3.1E-7
4.52E-7
3.06E-7
5.77E-7
6.63E-7
6.24E-7
4.2E-7
4.72E-7
3.61E-7
1.431E-6
4.87E-7
8.74E-7
2.32E-7
6.88E-7
3.33E-7
4.89E-7
7.32E-7
2.91E-7
6.01E-7
7.13E-7
6.05E-7
6.96E-7
7.1E-7
9.5E-7
3.25E-7
3.06E-7
1.013E-6
3.73E-7
6.64E-7
7.9E-7
3.59E-7
3.25E-7
1.017E-6
3.91E-7
1.194E-6
4.84E-7
3.75E-7
9.72E-7
6.56E-7
2.62E-7
5.81E-7
3.68E-7
4.29E-7
3.0E-7
3.36E-7
4.47E-7
3.35E-7
7.19E-7
3.73E-7
3.67E-7
5.17E-7
3.29E-7
3.0E-7
8.22E-7
6.82E-7
4.01E-7
4.38E-7
3.92E-7
5.73E-7
5.15E-7
5.25E-7
6.26E-7
3.77E-7
4.18E-7
4.82E-7
2.96E-7
6.44E-7
4.15E-7
3.46E-7
3.85E-7
6.11E-7
6.15E-7
2.27E-7
2.01E-7
1.661E-6
6.82E-7
4.41E-7
3.09E-7
3.76E-7
3.23E-7
2.1E-7
2.74E-7
3.3E-7
8.84E-7
3.64E-7
8.4E-7
3.82E-7
6.64E-7
2.88E-7
4.02E-7
7.25E-7
3.39E-7
4.3E-7
2.3E-7
3.26E-7
4.11E-7
7.39E-7
2.04E-7
5.0E-7
5.21E-7
5.06E-7
6.09E-7
5.9E-7
3.0E-7
4.3E-7
3.21E-7
2.93E-7
5.78E-7
5.82E-7
2.0E-7
8.19E-7
2.75E-7
3.55E-7
2.86E-7
6.34E-7
6.43E-7
5.74E-7
8.44E-7
5.14E-7
3.99E-7
4.21E-7
4.29E-7
3.55E-7
3.29E-7
4.84E-7
3.45E-7
6.21E-7
2.74E-7
6.08E-7
6.85E-7
3.08E-7
7.28E-7
3.43E-7
3.88E-7
8.33E-7
4.54E-7
7.28E-7
3.99E-7
3.1E-7
5.67E-7
7.52E-7
4.07E-7
5.08E-7
4.27E-7
5.85E-7
3.06E-7
4.39E-7
3.62E-7
5.17E-7
2.85E-7
3.23E-7
5.3E-7
4.19E-7
2.25E-7
2.38E-7
4.86E-7
6.31E-7
3.22E-7
4.16E-7
5.05E-7
2.93E-7
4.21E-7
6.39E-7
2.84E-7
3.41E-7
5.7E-7
2.16E-7
3.58E-7
4.3E-7
3.49E-7
7.52E-7
3.88E-7
5.71E-7
4.05E-7
2.03E-7
1.137E-6
3.39E-7
5.68E-7
3.33E-7
3.11E-7
4.84E-7
3.06E-7
4.11E-7
2.18E-7
3.25E-7
9.25E-7
2.87E-7
3.6E-7
6.04E-7
3.52E-7
2.22E-7
2.89E-7
4.75E-7
2.98E-7
5.98E-7
3.31E-7
5.61E-7
2.03E-7
2.83E-7
5.68E-7
3.59E-7
5.19E-7
2.2E-7
3.22E-7
4.89E-7
2.76E-7
4.4E-7
6.12E-7
5.43E-7
3.47E-7
5.23E-7
2.9E-7
5.27E-7
3.66E-7
4.28E-7
2.01E-7
2.8E-7
5.52E-7
2.92E-7
6.96E-7
2.81E-7
3.91E-7
3.08E-7
3.3E-7
5.13E-7
3.13E-7
6.7E-7
6.26E-7
6.18E-7
3.84E-7
3.53E-7
3.56E-7
3.79E-7
6.23E-7
2.89E-7
3.68E-7
3.79E-7
5.6E-7
4.71E-7
4.21E-7
3.74E-7
6.06E-7
2.83E-7
3.65E-7
5.71E-7
6.76E-7
3.89E-7
5.38E-7
8.87E-7
2.23E-7
5.9E-7
3.9E-7
4.18E-7
4.15E-7
4.56E-7
2.13E-7
5.24E-7
8.88E-7
4.93E-7
3.38E-7
3.38E-7
6.39E-7
3.67E-7
2.28E-7
3.22E-7
6.33E-7
3.93E-7
2.15E-7
3.93E-7
4.57E-7
4.72E-7
2.22E-7
6.22E-7
2.46E-7
1.135E-6
3.07E-7
3.29E-7
4.56E-7
7.32E-7
2.95E-7
5.58E-7
3.69E-7
4.66E-7
2.63E-7
5.33E-7
5.04E-7
3.89E-7
3.85E-7
3.7E-7
3.35E-7
3.82E-7
2.93E-7
5.15E-7
3.08E-7
2.03E-7
3.34E-7
4.31E-7
4.94E-7
3.52E-7
4.98E-7
4.97E-7
3.49E-7
2.95E-7
2.11E-7
2.73E-7
3.16E-7
4.54E-7
2.29E-7
4.85E-7
6.23E-7
4.41E-7
2.13E-7
4.21E-7
4.51E-7
4.37E-7
3.08E-7
5.12E-7
3.22E-7
3.65E-7
3.34E-7
2.53E-7
3.6E-7
3.26E-7
5.25E-7
4.66E-7
7.82E-7
7.33E-7
5.93E-7
4.12E-7
2.94E-7
4.03E-7
5.72E-7
4.08E-7
5.28E-7
3.46E-7
2.91E-7
3.76E-7
4.03E-7
2.53E-7
4.39E-7
2.96E-7
3.92E-7
3.05E-7
6.62E-7
3.7E-7
3.34E-7
2.83E-7
5.99E-7
6.85E-7
1.97E-7
3.13E-7
3.65E-7
3.0E-7
3.29E-7
1.99E-7
2.85E-7
3.0E-7
3.65E-7
3.46E-7
3.02E-7
3.66E-7
4.02E-7
3.97E-7
6.19E-7
1.99E-7
4.1E-7
3.67E-7
3.63E-7
5.61E-7
3.36E-7
3.82E-7
4.98E-7
3.64E-7
6.09E-7
2.24E-7
4.27E-7
2.93E-7
4.28E-7
1.307E-6
4.96E-7
5.85E-7
4.06E-7
4.65E-7
2.12E-7
2.95E-7
7.63E-7
4.23E-7
7.49E-7
2.3E-7
4.92E-7
3.62E-7
2.83E-7
4.54E-7
3.52E-7
6.5E-7
2.95E-7
5.78E-7
3.88E-7
4.99E-7
4.61E-7
3.3E-7
4.63E-7
2.74E-7
3.44E-7
6.16E-7
9.43E-7
2.92E-7
8.05E-7
7.93E-7
4.63E-7
4.81E-7
4.88E-7
9.13E-7
4.72E-7
5.31E-7
3.67E-7
2.89E-7
2.37E-7
5.54E-7
2.71E-7
3.36E-7
5.16E-7
3.96E-7
5.83E-7
3.48E-7
6.63E-7
3.43E-7
5.08E-7
3.41E-7
3.46E-7
5.14E-7
3.66E-7
3.48E-7
5.29E-7
6.41E-7
3.49E-7
5.76E-7
5.18E-7
6.27E-7
2.88E-7
3.52E-7
4.54E-7
4.25E-7
3.64E-7
2.15E-7
6.03E-7
2.26E-7
4.23E-7
4.03E-7
2.91E-7
4.81E-7
3.23E-7
6.7E-7
3.27E-7
2.93E-7
4.28E-7
2.86E-7
3.34E-7
4.14E-7
2.41E-7
6.32E-7
2.06E-7
4.43E-7
4.47E-7
5.48E-7
4.32E-7
4.18E-7
4.52E-7
7.54E-7
2.81E-7
3.54E-7
5.06E-7
2.94E-7
3.23E-7
2.4625E-5
9.22E-7
6.63E-7
4.45E-7
8.98E-7
5.53E-7
5.84E-7
7.58E-7
6.78E-7
4.93E-7
9.13E-7
5.39E-7
4.76E-7
5.53E-7
3.36E-7
3.46E-7
3.99E-7
2.84E-7
5.9E-7
5.69E-7
5.92E-7
4.43E-7
6.89E-7
3.23E-7
3.74E-7
4.04E-7
3.12E-7
3.53E-7
2.29E-7
1.01E-6
5.87E-7
2.2E-7
6.28E-7
4.75E-7
2.82E-7
4.46E-7
4.83E-7
4.63E-7
4.05E-7
2.95E-7
3.92E-7
7.81E-7
2.83E-7
4.97E-7
4.02E-7
3.35E-7
2.17E-7
3.39E-7
3.9E-7
4.39E-7
3.58E-7
3.6E-7
5.24E-7
2.37E-7
3.48E-7
6.35E-7
4.19E-7
2.84E-7
2.93E-7
3.53E-7
4.13E-7
3.2E-7
6.12E-7
4.87E-7
3.84E-7
3.35E-7
6.4E-7
4.65E-7
2.2E-7
4.58E-7
2.25E-7
2.94E-7
3.83E-7
8.65E-7
6.82E-7
5.05E-7
2.83E-7
2.68E-7
7.39E-7
4.93E-7
4.39E-7
3.46E-7
5.87E-7
3.16E-7
3.17E-7
2.97E-7
3.19E-7
6.15E-7
2.85E-7
4.47E-7
5.54E-7
4.41E-7
7.19E-7
3.05E-7
5.71E-7
3.99E-7
3.79E-7
3.7E-7
9.67E-7
8.3E-7
3.89E-7
5.82E-7
3.89E-7
3.39E-7
3.1E-7
2.88E-7
3.5E-7
4.51E-7
5.84E-7
4.13E-7
2.18E-7
4.61E-7
2.39E-7
3.68E-7
3.58E-7
4.56E-7
6.74E-7
4.31E-7
6.29E-7
3.77E-7
2.77E-7
6.21E-7
3.48E-7
4.62E-7
2.86E-7
3.17E-7
3.99E-7
3.84E-7
3.51E-7
2.03E-7
3.74E-7
4.3E-7
2.92E-7
5.56E-7
5.29E-7
4.43E-7
3.14E-7
2.22E-7
3.6E-7
4.97E-7
3.32E-7
3.13E-7
4.41E-7
3.2E-7
3.06E-7
4.79E-7
2.28E-7
3.2E-7
3.05E-7
3.41E-7
2.88E-7
3.47E-7
2.82E-7
3.32E-7
3.16E-7
4.09E-7
2.22E-7
3.07E-7
4.95E-7
6.92E-7
3.55E-7
5.21E-7
2.98E-7
4.57E-7
4.73E-7
3.21E-7
3.97E-7
4.2E-7
2.21E-7
5.14E-7
6.08E-7
4.23E-7
3.5E-7
4.38E-7
4.26E-7
4.42E-7
3.81E-7
4.02E-7
5.68E-7
3.32E-7
7.87E-7
8.3E-7
1.031E-6
5.87E-7
8.75E-7
4.17E-7
4.53E-7
8.8E-7
6.78E-7
6.57E-7
7.63E-7
6.31E-7
6.18E-7
6.66E-7
3.08E-7
5.6E-7
6.84E-7
5.21E-7
4.38E-7
4.87E-7
6.56E-7
2.98E-7
4.78E-7
1.198E-6
4.7E-7
6.94E-7
4.72E-7
3.75E-7
7.72E-7
2.88E-7
5.01E-7
4.16E-7
5.01E-7
5.32E-7
2.19E-7
3.88E-7
2.41E-7
3.35E-7
3.84E-7
5.79E-7
4.44E-7
5.41E-7
3.23E-7
6.4E-7
3.21E-7
2.98E-7
4.18E-7
5.81E-7
3.21E-7
3.23E-7
5.62E-7
4.42E-7
2.59E-7
6.06E-7
3.66E-7
2.9E-7
5.59E-7
3.85E-7
2.55E-7
5.37E-7
2.21E-7
2.88E-7
4.18E-7
4.3E-7
4.32E-7
3.99E-7
6.9E-7
4.21E-7
4.25E-7
3.25E-7
1.056E-6
4.39E-7
3.6E-7
4.15E-7
5.33E-7
3.29E-7
4.92E-7
3.15E-7
3.13E-7
4.59E-7
6.85E-7
2.86E-7
3.82E-7
5.46E-7
5.31E-7
3.12E-7
4.55E-7
4.36E-7
4.32E-7
3.06E-7
2.63E-7
4.0E-7
3.58E-7
2.84E-7
4.29E-7
6.34E-7
3.88E-7
3.95E-7
3.42E-7
4.69E-7
4.47E-7
4.67E-7
2.03E-7
6.3E-7
7.88E-7
4.81E-7
6.01E-7
5.28E-7
5.41E-7
8.19E-7
4.43E-7
8.91E-7
5.64E-7
6.05E-7
8.91E-7
4.29E-7
6.62E-7
7.43E-7
4.81E-7
4.77E-7
7.74E-7
6.24E-7
6.34E-7
6.65E-7
1.665E-6
7.61E-7
6.82E-7
5.49E-7
3.12E-7
4.86E-7
8.29E-7
6.24E-7
1.082E-6
1.0E-6
8.88E-7
3.17E-7
6.48E-7
8.1E-7
9.2E-7
6.2E-7
5.42E-7
4.84E-7
5.73E-7
8.19E-7
1.003E-6
1.007E-6
8.78E-7
9.75E-7
4.8E-7
8.88E-7
6.31E-7
5.76E-7
9.21E-7
6.26E-7
3.66E-7
8.49E-7
3.38E-7
6.95E-7
5.02E-7
9.84E-7
4.63E-7
8.67E-7
7.7E-7
7.42E-7
1.063E-6
7.5E-7
1.24E-6
7.07E-7
9.41E-7
9.81E-7
4.89E-7
6.34E-7
9.15E-7
6.63E-7
6.19E-7
7.33E-7
7.22E-7
6.62E-7
6.72E-7
3.46E-7
5.23E-7
9.15E-7
6.58E-7
6.22E-7
5.69E-7
3.77E-7
7.67E-7
4.23E-7
9.73E-7
4.79E-7
6.08E-7
3.66E-7
8.0E-7
6.28E-7
5.88E-7
8.36E-7
4.7E-7
7.3E-7
2.72E-7
5.67E-7
6.69E-7
9.32E-7
5.83E-7
5.65E-7
1.546E-6
6.08E-7
4.68E-7
6.49E-7
1.06E-6
1.284E-6
6.74E-7
6.36E-7
9.2E-7
1.393E-6
4.71E-7
5.33E-7
5.92E-7
9.78E-7
1.392E-6
1.015E-6
7.58E-7
6.96E-7
4.05E-7
4.91E-7
2.05E-6
5.75E-7
5.29E-7
5.31E-7
6.33E-7
7.01E-7
6.67E-7
5.38E-7
7.14E-7
5.27E-7
5.14E-7
8.44E-7
5.86E-7
3.65E-7
7.72E-7
6.94E-7
4.75E-7
7.27E-7
8.46E-7
7.17E-7
1.423E-6
4.14E-7
6.62E-7
4.5E-7
8.12E-7
5.99E-7
9.96E-7
7.85E-7
5.78E-7
6.81E-7
5.7E-7
9.61E-7
4.93E-7
7.36E-7
4.33E-7
6.74E-7
7.22E-7
7.02E-7
5.15E-7
4.78E-7
5.24E-7
7.37E-7
5.44E-7
8.75E-7
1.222E-6
6.95E-7
1.29E-6
6.26E-7
1.204E-6
1.109E-6
4.92E-7
5.43E-7
1.527E-6
9.93E-7
4.85E-7
6.34E-7
8.01E-7
8.6E-7
8.8E-7
4.9E-7
6.56E-7
8.38E-7
9.04E-7
5.25E-7
6.8E-7
7.39E-7
3.36E-7
1.006E-6
1.012E-6
7.77E-7
9.74E-7
3.4E-7
9.99E-7
9.85E-7
6.87E-7
4.84E-7
7.85E-7
4.96E-7
1.27E-6
4.69E-7
4.12E-7
7.47E-7
1.04E-6
5.28E-7
7.86E-7
1.107E-6
8.43E-7
5.15E-7
9.31E-7
7.94E-7
4.29E-7
8.31E-7
6.53E-7
9.26E-7
8.81E-7
5.23E-7
3.161E-6
5.23E-7
1.06E-6
7.51E-7
7.09E-7
7.45E-7
4.34E-7
5.6E-7
2.172E-6
1.003E-6
7.24E-7
1.168E-6
6.98E-7
4.78E-7
1.392E-6
8.6E-7
6.43E-7
6.75E-7
4.7E-7
4.74E-7
1.477E-6
4.98E-7
9.59E-7
8.33E-7
7.39E-7
1.091E-6
5.38E-7
1.317E-6
7.37E-7
1.244E-6
5.88E-7
1.203E-6
1.232E-6
3.67E-7
6.39E-7
4.22E-7
1.219E-6
8.67E-7
6.12E-7
5.44E-7
1.588E-6
5.09E-7
4.65E-7
1.956E-6
4.41E-7
8.69E-7
2.579E-6
4.01E-7
7.41E-7
6.98E-7
1.18E-6
1.181E-6
7.01E-7
1.008E-6
1.824E-6
3.52E-7
7.03E-7
1.411E-6
6.76E-7
1.251E-6
7.1E-7
1.27E-6
8.27E-7
4.71E-7
5.09E-7
3.7E-7
9.64E-7
9.31E-7
8.44E-7
7.92E-7
6.83E-7
7.9E-7
4.89E-7
7.37E-7
4.28E-7
2.79E-7
8.53E-7
4.31E-7
3.36E-7
8.01E-7
8.93E-7
4.21E-7
6.33E-7
9.92E-7
3.8E-7
7.36E-7
4.27E-7
9.57E-7
1.215E-6
6.82E-7
2.67E-7
3.61E-7
6.9E-7
5.24E-7
3.61E-7
2.9E-7
8.27E-7
5.3E-7
6.41E-7
2.406E-6
3.5E-7
6.99E-7
5.01E-7
5.11E-7
5.47E-7
5.42E-7
3.36E-7
7.46E-7
6.08E-7
4.28E-7
4.86E-7
5.57E-7
3.09E-7
6.77E-7
4.02E-7
6.34E-7
3.97E-7
4.82E-7
5.37E-7
7.77E-7
3.41E-7
5.31E-7
7.31E-7
4.17E-7
3.5E-7
5.0E-7
3.89E-7
3.94E-7
4.07E-7
2.84E-7
4.09E-7
3.66E-7
1.155E-6
2.88E-7
6.92E-7
7.8E-7
4.69E-7
1.263E-6
3.59E-7
5.56E-7
7.17E-7
7.18E-7
7.51E-7
3.45E-7
8.87E-7
1.333E-6
8.28E-7
9.25E-7
7.21E-7
6.79E-7
1.017E-6
1.055E-6
5.36E-7
6.97E-7
6.1E-7
7.11E-7
5.22E-7
7.33E-7
6.14E-7
4.58E-7
8.15E-7
8.62E-7
5.73E-7
1.148E-6
7.13E-7
5.32E-7
9.04E-7
1.109E-6
4.96E-7
6.21E-7
5.86E-7
1.222E-6
4.48E-7
5.41E-7
1.562E-6
5.61E-7
5.76E-7
9.52E-7
5.79E-7
1.274E-6
7.91E-7
7.51E-7
2.085E-6
9.48E-7
9.22E-7
8.61E-7
4.11E-7
5.21E-7
8.39E-7
7.42E-7
5.56E-7
1.379E-6
3.75E-7
7.72E-7
7.66E-7
1.039E-6
5.16E-7
1.112E-6
9.58E-7
5.92E-7
5.62E-7
7.05E-7
4.14E-7
5.25E-7
2.63E-6
5.28E-7
5.51E-7
1.091E-6
5.66E-7
9.16E-7
6.93E-7
7.2E-7
8.75E-7
5.88E-7
1.216E-6
7.08E-7
6.7E-7
6.94E-7
7.98E-7
4.1E-7
8.05E-7
6.67E-7
1.209E-6
7.17E-7
5.33E-7
6.01E-7
4.43E-7
4.81E-7
8.3E-7
4.77E-7
4.67E-7
1.037E-6
5.36E-7
8.82E-7
6.89E-7
6.77E-7
5.27E-7
1.01E-6
6.27E-7
1.054E-6
7.6E-7
6.06E-7
7.27E-7
4.97E-7
1.059E-6
4.45E-7
5.58E-7
9.24E-7
5.99E-7
5.35E-7
5.51E-7
3.88E-7
6.21E-7
9.19E-7
6.6E-7
6.04E-7
1.055E-6
7.47E-7
6.71E-7
5.89E-7
1.114E-6
5.5E-7
8.12E-7
9.66E-7
4.46E-7
1.216E-6
9.49E-7
9.23E-7
7.29E-7
6.41E-7
5.38E-7
1.053E-6
7.2E-7
8.04E-7
6.26E-7
1.19E-6
6.82E-7
8.25E-7
1.02E-6
6.07E-7
1.022E-6
4.14E-7
6.8E-7
6.34E-7
7.0E-7
1.02E-6
5.95E-7
1.361E-6
5.57E-7
5.33E-7
1.163E-6
1.13E-6
6.04E-7
7.65E-7
6.27E-7
6.27E-7
5.53E-7
8.05E-7
5.47E-7
6.66E-7
5.96E-7
1.592E-6
6.57E-7
1.063E-6
2.404E-6
5.61E-7
1.101E-6
5.66E-7
6.94E-7
8.37E-7
3.78E-7
1.419E-6
6.09E-7
7.51E-7
1.278E-6
4.25E-7
6.37E-7
3.68E-7
1.145E-6
6.96E-7
6.01E-7
7.03E-7
6.96E-7
7.29E-7
1.084E-6
5.5E-7
9.01E-7
6.29E-7
6.24E-7
5.44E-7
1.012E-6
6.13E-7
7.83E-7
7.23E-7
1.018E-6
1.016E-6
7.7E-7
9.43E-7
6.13E-7
8.58E-7
1.023E-6
7.51E-7
8.28E-7
4.13E-7
7.7E-7
9.45E-7
5.66E-7
5.93E-7
8.04E-7
1.232E-6
5.85E-7
9.65E-7
7.51E-7
5.59E-7
5.86E-7
6.03E-7
4.58E-7
8.54E-7
6.6E-7
1.015E-6
6.55E-7
1.157E-6
1.076E-6
6.66E-7
1.086E-6
9.9E-7
5.46E-7
1.021E-6
6.91E-7
6.57E-7
7.26E-7
8.69E-7
6.7E-7
4.01E-7
5.27E-7
5.03E-7
4.4E-7
4.82E-7
4.9E-7
7.7E-7
9.54E-7
5.07E-7
1.388E-6
4.43E-7
7.38E-7
4.82E-7
7.78E-7
4.27E-7
6.69E-7
6.05E-7
8.7E-7
7.23E-7
4.7E-7
4.52E-7
6.01E-7
9.29E-7
4.44E-7
4.6E-7
7.8E-7
3.43E-7
6.06E-7
1.054E-6
4.8E-7
5.07E-7
1.161E-6
3.75E-7
2.807E-6
6.55E-7
6.73E-7
6.5E-7
1.265E-6
4.05E-7
5.43E-7
7.91E-7
3.28E-7
5.25E-7
5.83E-7
1.113E-6
1.218E-6
1.045E-6
1.197E-6
1.093E-6
6.4E-7
7.46E-7
8.7E-7
6.86E-7
8.8E-7
7.15E-7
6.96E-7
8.55E-7
6.49E-7
7.83E-7
6.9E-7
8.11E-7
4.67E-7
9.62E-7
7.65E-7
1.196E-6
9.31E-7
1.18E-6
5.19E-7
8.43E-7
6.55E-7
8.17E-7
7.8E-7
5.63E-7
5.67E-7
7.18E-7
1.088E-6
6.22E-7
7.41E-7
9.51E-7
1.0E-6
6.62E-7
9.54E-7
4.66E-7
7.54E-7
1.453E-6
4.53E-7
6.65E-7
1.412E-6
6.54E-7
8.02E-7
6.82E-7
1.16E-6
5.42E-7
1.11E-6
5.92E-7
5.04E-7
8.31E-7
5.48E-7
5.28E-7
6.09E-7
3.73E-7
8.22E-7
8.48E-7
7.3E-7
5.99E-7
9.74E-7
5.04E-7
5.75E-7
6.21E-7
7.98E-7
7.78E-7
1.119E-6
8.76E-7
7.83E-7
7.83E-7
5.62E-7
5.66E-7
1.085E-6
8.82E-7
1.366E-6
7.44E-7
5.2E-7
1.005E-6
3.9E-7
5.06E-7
1.01E-6
6.84E-7
9.34E-7
5.95E-7
5.64E-7
1.044E-6
5.93E-7
5.84E-7
5.78E-7
6.43E-7
2.665E-6
6.98E-7
7.2E-7
4.88E-7
8.39E-7
8.7E-7
3.17E-7
4.51E-7
7.5E-7
6.9E-7
9.73E-7
5.18E-7
7.73E-7
6.39E-7
7.3E-7
3.6E-7
8.9E-7
6.36E-7
1.019E-6
6.2E-7
9.16E-7
6.33E-7
4.58E-7
1.407E-6
6.13E-7
4.49E-7
1.092E-6
5.19E-7
1.047E-6
5.97E-7
4.99E-7
8.62E-7
3.88E-7
1.05E-6
7.09E-7
5.77E-7
1.004E-6
1.007E-6
1.11E-6
5.22E-7
6.58E-7
8.44E-7
6.71E-7
4.06E-7
6.32E-7
1.957E-6
1.204E-6
6.23E-7
8.56E-7
5.41E-7
5.44E-7
6.29E-7
6.69E-7
7.64E-7
6.58E-7
9.56E-7
8.94E-7
1.005E-6
7.16E-7
3.57E-7
5.7E-7
8.23E-7
5.31E-7
5.78E-7
1.363E-6
4.26E-7
5.1E-7
9.26E-7
8.13E-7
5.06E-7
7.86E-7
9.17E-7
6.36E-7
9.3E-7
5.61E-7
8.11E-7
9.8E-7
5.48E-7
5.2E-7
1.4E-6
5.12E-7
5.33E-7
9.61E-7
1.031E-6
5.08E-7
8.41E-7
4.61E-7
8.51E-7
6.56E-7
6.67E-7
8.42E-7
5.79E-7
8.5E-7
4.79E-7
5.54E-7
5.59E-7
6.33E-7
4.89E-7
5.28E-7
7.22E-7
1.056E-6
4.87E-7
1.45E-6
2.871E-6
1.194E-6
7.49E-7
5.08E-7
1.011E-6
1.014E-6
5.62E-7
1.005E-6
5.57E-7
1.607E-6
5.95E-7
1.044E-6
5.53E-7
8.38E-7
6.17E-7
7.71E-7
9.1E-7
1.15E-6
5.5E-7
9.36E-7
5.08E-7
5.14E-7
7.38E-7
7.5E-7
4.86E-7
1.316E-6
9.13E-7
7.26E-7
6.37E-7
1.109E-6
8.15E-7
4.38E-7
8.36E-7
9.99E-7
5.76E-7
6.68E-7
6.14E-7
1.631E-6
5.1E-7
8.98E-7
5.37E-7
5.95E-7
9.36E-7
5.42E-7
5.55E-7
7.27E-7
1.064E-6
6.01E-7
5.94E-7
9.84E-7
9.72E-7
8.06E-7
7.77E-7
6.14E-7
5.39E-7
5.23E-7
1.095E-6
1.121E-6
5.83E-7
1.065E-6
6.35E-7
5.41E-7
7.99E-7
9.21E-7
6.37E-7
7.15E-7
1.311E-6
4.35E-7
1.021E-6
1.317E-6
1.223E-6
3.77E-7
8.27E-7
9.25E-7
9.84E-7
9.33E-7
5.27E-7
7.84E-7
8.95E-7
3.21E-7
1.258E-6
1.284E-6
3.05E-7
3.31E-7
8.76E-7
1.534E-6
6.59E-7
5.61E-7
6.51E-7
6.32E-7
5.76E-7
5.48E-7
1.158E-6
6.33E-7
3.377E-6
1.397E-6
8.87E-7
6.71E-7
5.86E-7
6.91E-7
6.75E-7
5.73E-7
8.78E-7
5.42E-7
1.132E-6
6.45E-7
7.23E-7
5.87E-7
6.04E-7
7.69E-7
7.94E-7
5.48E-7
9.63E-7
1.711E-6
7.95E-7
1.058E-6
1.282E-6
5.49E-7
6.3E-7
1.283E-6
6.05E-7
5.39E-7
7.02E-7
6.41E-7
1.495E-6
3.62E-7
7.19E-7
5.85E-7
9.07E-7
3.55E-7
5.68E-7
6.12E-7
3.35E-7
4.3E-7
1.1E-6
9.93E-7
6.77E-7
1.387E-6
1.352E-6
6.05E-7
9.21E-7
9.48E-7
4.95E-7
1.114E-6
8.86E-7
6.94E-7
1.392E-6
8.7E-7
6.11E-7
8.72E-7
1.146E-6
1.119E-6
5.29E-7
8.18E-7
6.71E-7
9.61E-7
6.27E-7
6.12E-7
4.65E-7
6.11E-7
1.118E-6
7.84E-7
1.039E-6
6.11E-7
9.12E-7
6.72E-7
9.15E-7
8.92E-7
4.93E-7
6.19E-7
5.16E-7
9.6E-7
1.029E-6
8.01E-7
4.75E-7
6.86E-7
1.324E-6
8.9E-7
5.76E-7
9.2E-7
1.337E-6
5.15E-7
9.88E-7
3.84E-7
9.28E-7
5.6E-7
1.21E-6
9.13E-7
6.18E-7
7.59E-7
8.57E-7
8.63E-7
5.43E-7
3.422E-6
7.62E-7
6.92E-7
8.51E-7
6.81E-7
8.98E-7
6.41E-7
9.09E-7
4.14E-7
8.95E-7
6.71E-7
5.34E-7
8.73E-7
5.88E-7
7.15E-7
6.38E-7
7.59E-7
5.44E-7
4.53E-7
5.95E-7
4.15E-7
7.99E-7
6.09E-7
1.019E-6
8.18E-7
7.97E-7
9.92E-7
6.94E-7
7.75E-7
6.26E-7
7.35E-7
4.54E-7
9.61E-7
9.51E-7
5.47E-7
6.6E-7
7.68E-7
4.32E-7
4.94E-7
1.135E-6
8.17E-7
6.36E-7
1.091E-6
4.79E-7
8.41E-7
1.011E-6
6.49E-7
6.4E-7
4.8E-7
6.62E-7
5.23E-7
7.62E-7
7.92E-7
5.34E-7
5.32E-7
5.03E-7
7.31E-7
8.2E-7
7.48E-7
3.6E-7
1.049E-6
6.18E-7
9.57E-7
1.204E-6
6.56E-7
6.65E-7
8.96E-7
4.53E-7
5.06E-7
9.78E-7
5.74E-7
3.79E-7
1.029E-6
3.79E-7
1.41E-6
6.28E-7
5.23E-7
8.15E-7
4.53E-7
3.67E-7
8.63E-7
6.67E-7
8.09E-7
6.47E-7
7.3E-7
5.1E-7
1.206E-6
5.79E-7
6.34E-7
5.56E-7
6.05E-7
6.26E-7
6.88E-7
5.66E-7
7.77E-7
6.55E-7
7.54E-7
6.96E-7
1.094E-6
6.64E-7
8.65E-7
7.69E-7
6.63E-7
5.83E-7
6.45E-7
5.74E-7
1.283E-6
5.49E-7
1.899E-6
8.87E-7
6.53E-7
5.29E-7
6.82E-7
7.12E-7
4.46E-7
5.8E-7
4.67E-7
8.59E-7
7.14E-7
4.86E-7
1.093E-6
6.2E-7
9.73E-7
5.39E-7
9.34E-7
8.33E-7
8.14E-7
8.39E-7
5.2E-7
9.42E-7
6.53E-7
1.085E-6
5.06E-7
5.92E-7
1.264E-6
7.58E-7
4.93E-7
9.08E-7
6.23E-7
3.91E-7
7.78E-7
1.316E-6
1.149E-6
5.67E-7
6.04E-7
9.73E-7
5.04E-7
5.56E-7
9.16E-7
4.03E-7
5.47E-7
6.67E-7
9.76E-7
1.048E-6
7.29E-7
8.4E-7
5.49E-7
7.06E-7
7.48E-7
6.84E-7
4.38E-7
1.147E-6
6.0E-7
1.05E-6
5.76E-7
6.41E-7
1.287E-6
1.184E-6
6.46E-7
9.63E-7
8.59E-7
4.14E-7
1.009E-6
9.67E-7
6.05E-7
5.56E-7
1.181E-6
6.17E-7
1.06E-6
7.51E-7
5.92E-7
6.71E-7
5.5E-7
7.7E-7
5.11E-7
1.006E-6
7.9E-7
6.91E-7
1.029E-6
6.35E-7
5.51E-7
9.02E-7
8.87E-7
1.295E-6
7.96E-7
6.54E-7
7.27E-7
6.45E-7
7.33E-7
5.66E-7
6.05E-7
5.39E-7
7.83E-7
4.99E-7
4.81E-7
1.344E-6
5.41E-7
7.01E-7
8.02E-7
5.32E-7
8.53E-7
3.022E-6
7.4E-7
7.18E-7
5.97E-7
5.14E-7
9.24E-7
6.57E-7
9.29E-7
9.14E-7
6.89E-7
6.49E-7
6.03E-7
9.61E-7
1.183E-6
6.49E-7
6.5E-7
8.28E-7
4.39E-7
7.65E-7
6.64E-7
8.59E-7
4.74E-7
9.63E-7
5.81E-7
6.15E-7
9.93E-7
6.03E-7
7.56E-7
5.66E-7
1.054E-6
1.124E-6
5.03E-7
7.79E-7
6.16E-7
6.26E-7
6.32E-7
4.11E-7
4.34E-7
6.91E-7
6.2E-7
6.41E-7
6.5E-7
1.006E-6
6.77E-7
8.42E-7
7.39E-7
6.77E-7
2.451E-6
1.247E-6
