3.2604E-5
3.478E-6
2.583E-6
3.03E-6
2.266E-6
2.589E-6
2.221E-6
3.765E-6
2.1439E-5
1.8299E-5
2.158E-6
2.008E-6
2.054E-6
2.626E-6
2.87E-6
2.084E-6
1.774E-6
2.159E-6
2.432E-6
1.711E-6
2.379E-6
1.069E-6
2.369E-6
1.223E-6
1.902E-6
2.733E-6
1.026E-6
1.623E-6
2.185E-6
1.957E-6
3.732E-6
1.969E-6
3.385E-6
1.647E-6
1.203E-6
3.044E-6
1.54E-6
1.49E-6
1.945E-6
9.86E-7
1.473E-6
2.957E-6
1.45E-6
2.376E-6
2.175E-6
1.617E-6
2.393E-6
2.095E-6
2.813E-6
1.934E-6
1.47E-6
8.459E-6
1.19E-6
1.446E-6
2.5421E-5
1.804E-6
2.773E-6
2.239E-6
2.0222E-5
2.98E-6
1.794E-6
1.179E-6
2.739E-6
2.88E-6
1.37E-6
1.433E-6
1.306E-6
2.926E-6
1.901E-6
2.376E-6
2.355E-6
1.443E-6
1.88E-6
2.018E-6
1.457E-6
2.235E-6
2.653E-6
5.52E-6
1.501E-6
2.71E-6
2.987E-6
1.022E-6
1.384E-6
2.154E-6
2.031E-6
1.881E-6
1.01E-6
1.962E-6
2.288E-6
9.66E-7
9.82E-7
1.443E-6
2.462E-6
1.74E-6
2.389E-6
1.453E-6
2.219E-6
1.093E-6
1.597E-6
2.479E-6
1.3E-6
1.386E-6
9.85E-7
1.443E-6
1.573E-6
2.803E-6
1.253E-6
1.363E-6
2.195E-6
3.488E-6
1.607E-6
2.302E-6
1.503E-6
1.557E-6
1.564E-6
1.286E-6
4.079E-6
4.42E-6
1.373E-6
2.064E-6
1.724E-6
2.405E-6
1.925E-6
3.221E-6
2.115E-6
2.542E-6
2.256E-6
2.245E-6
1.62E-6
2.312E-6
1.578E-6
1.34E-6
1.016E-6
4.183E-6
1.413E-6
3.05E-6
1.226E-6
2.305E-6
2.609E-6
1.457E-6
2.509E-6
1.494E-6
1.604E-6
3.157E-6
1.931E-6
2.252E-6
3.137E-6
1.403E-6
1.657E-6
2.672E-6
1.614E-6
2.613E-6
2.322E-6
2.182E-6
1.336E-6
2.372E-6
1.69E-6
2.479E-6
1.279E-6
1.41E-6
2.439E-6
1.703E-6
9.36E-7
1.226E-6
2.733E-6
3.461E-6
1.533E-6
2.345E-6
1.972E-6
1.175E-6
1.641E-6
1.984E-6
1.286E-6
1.253E-6
2.683E-6
9.35E-7
2.065E-6
2.904E-6
1.43E-6
3.027E-6
1.467E-6
2.438E-6
2.833E-6
1.423E-6
1.52E-6
1.594E-6
3.491E-6
3.13E-6
1.379E-6
1.72E-6
1.517E-6
3.237E-6
1.23E-6
1.58E-6
3.257E-6
1.146E-6
1.413E-6
2.739E-6
3.866E-6
1.119E-6
1.551E-6
2.716E-6
1.43E-6
2.473E-6
2.109E-6
2.606E-6
1.447E-6
1.517E-6
2.338E-6
2.182E-6
3.732E-6
1.22E-6
1.967E-6
3.097E-6
1.47E-6
3.475E-6
1.928E-6
2.98E-6
1.587E-6
2.79E-6
1.002E-6
3.912E-6
1.326E-6
3.291E-6
1.35E-6
1.283E-6
2.826E-6
1.19E-6
2.646E-6
1.056E-6
2.295E-6
1.931E-6
1.229E-6
2.352E-6
1.016E-6
2.312E-6
2.706E-6
2.633E-6
1.551E-6
2.662E-6
1.43E-6
2.062E-6
2.305E-6
1.262E-6
4.156E-6
1.51E-6
2.533E-6
1.887E-6
3.181E-6
1.54E-6
2.92E-6
1.176E-6
1.384E-6
2.512E-6
2.92E-6
2.068E-6
2.299E-6
2.382E-6
1.029E-6
6.061E-6
2.001E-6
2.797E-6
1.41E-6
2.366E-6
9.29E-7
2.281E-6
2.235E-6
3.478E-6
2.399E-6
1.807E-6
2.219E-6
2.459E-6
1.02E-6
1.627E-6
2.81E-6
3.204E-6
1.026E-6
1.991E-6
3.638E-6
3.578E-6
1.116E-6
2.539E-6
1.32E-6
3.411E-6
1.64E-6
1.43E-6
1.841E-6
3.281E-6
1.346E-6
2.73E-6
1.573E-6
3.31E-6
1.046E-6
3.041E-6
2.983E-6
1.667E-6
1.323E-6
1.954E-6
1.537E-6
2.576E-6
1.17E-6
3.187E-6
2.228E-6
9.46E-7
1.527E-6
3.04E-6
2.813E-6
1.547E-6
2.155E-6
2.341E-6
1.357E-6
1.407E-6
1.29E-6
1.43E-6
2.542E-6
2.823E-6
1.236E-6
2.276E-6
3.171E-6
3.474E-6
1.099E-6
1.657E-6
3.391E-6
1.774E-6
1.884E-6
2.506E-6
1.393E-6
2.028E-6
1.032E-6
1.37E-6
1.363E-6
1.276E-6
2.682E-6
2.338E-6
3.041E-6
3.465E-6
2.82E-6
1.991E-6
1.227E-6
1.761E-6
2.346E-6
1.694E-6
2.863E-6
2.152E-6
1.2E-6
3.254E-6
2.676E-6
1.216E-6
2.453E-6
2.576E-6
3.501E-6
1.506E-6
2.435E-6
3.348E-6
1.26E-6
1.297E-6
6.655E-6
2.993E-6
1.503E-6
1.55E-6
3.655E-6
1.41E-6
2.342E-6
9.92E-7
1.377E-6
2.733E-6
3.104E-6
1.567E-6
1.52E-6
1.764E-6
1.554E-6
2.619E-6
2.175E-6
1.399E-6
1.626E-6
1.497E-6
2.045E-6
3.341E-6
1.427E-6
2.075E-6
2.636E-6
3.228E-6
2.957E-6
9.26E-7
3.137E-6
1.329E-6
1.638E-6
1.57E-6
2.326E-6
2.706E-6
1.296E-6
2.529E-6
1.34E-6
1.306E-6
3.06E-6
2.385E-6
3.073E-6
1.169E-6
3.051E-6
1.483E-6
1.51E-6
1.54E-6
1.427E-6
2.228E-6
1.497E-6
2.687E-6
1.507E-6
3.582E-6
2.944E-6
1.303E-6
1.991E-6
9.62E-7
1.266E-6
2.525E-6
2.148E-6
9.95E-7
3.358E-6
2.786E-6
2.262E-6
2.114E-6
2.352E-6
2.913E-6
1.507E-6
2.048E-6
1.46E-6
1.39E-6
1.38E-6
2.011E-6
1.44E-6
1.587E-6
1.961E-6
1.627E-6
2.559E-6
1.377E-6
2.132E-6
9.68E-7
2.8E-6
1.346E-6
1.44E-6
1.543E-6
1.454E-6
3.08E-6
2.035E-6
3.097E-6
1.45E-6
1.991E-6
7.594E-6
2.282E-6
1.256E-6
2.963E-6
2.272E-6
2.205E-6
1.31E-6
9.35E-7
2.355E-6
1.082E-6
2.195E-6
2.382E-6
1.153E-6
2.612E-6
1.51E-6
2.884E-6
1.597E-6
1.691E-6
3.244E-6
1.116E-6
1.3E-6
1.647E-6
1.286E-6
2.589E-6
1.3E-6
1.994E-6
1.941E-6
2.991E-6
1.427E-6
1.664E-6
2.566E-6
3.067E-6
1.389E-6
1.463E-6
3.501E-6
1.393E-6
9.72E-7
1.45E-6
2.776E-6
2.787E-6
1.26E-6
2.572E-6
1.454E-6
1.536E-6
2.663E-6
1.634E-6
1.5E-6
2.522E-6
1.43E-6
1.216E-6
1.677E-6
1.022E-6
1.346E-6
2.93E-6
9.82E-7
2.853E-6
2.031E-6
5.867E-6
3.127E-6
3.147E-6
1.52E-6
1.667E-6
1.935E-6
1.57E-6
1.647E-6
1.012E-6
3.972E-6
3.057E-6
9.15E-7
2.332E-6
3.675E-6
1.399E-6
1.48E-6
3.17E-6
2.69E-6
2.321E-6
1.103E-6
3.685E-6
2.87E-6
1.012E-6
2.719E-6
1.571E-6
3.147E-6
9.75E-7
1.373E-6
2.322E-6
1.768E-6
2.502E-6
2.238E-6
2.383E-6
2.499E-6
1.661E-6
1.671E-6
2.643E-6
1.065E-6
1.266E-6
1.557E-6
1.764E-6
1.644E-6
1.784E-6
2.429E-6
1.744E-6
1.42E-6
2.726E-6
2.73E-6
1.136E-6
3.668E-6
8.72E-7
1.273E-6
1.307E-6
3.027E-6
3.003E-6
3.498E-6
1.093E-6
1.256E-6
2.573E-6
2.022E-6
2.709E-6
1.601E-6
2.773E-6
1.998E-6
1.514E-6
1.029E-6
1.684E-6
2.84E-6
1.253E-6
2.155E-6
2.636E-6
2.125E-6
2.762E-6
1.283E-6
2.332E-6
2.299E-6
1.366E-6
3.114E-6
2.713E-6
1.657E-6
3.127E-6
1.944E-6
2.094E-6
1.357E-6
1.089E-6
2.432E-6
1.543E-6
2.172E-6
2.8E-6
2.817E-6
1.079E-6
3.935E-6
1.37E-6
1.657E-6
2.603E-6
3.177E-6
1.911E-6
1.985E-6
3.167E-6
2.085E-6
1.237E-6
3.952E-6
1.667E-6
2.208E-6
1.243E-6
2.686E-6
1.761E-6
3.404E-6
1.58E-6
1.38E-6
3.388E-6
2.706E-6
9.89E-7
2.676E-6
2.452E-6
2.937E-6
2.493E-6
9.32E-7
5.957E-6
3.408E-6
1.213E-6
1.41E-6
2.209E-6
1.5E-6
1.537E-6
2.643E-6
9.06E-7
1.216E-6
1.446E-6
2.666E-6
2.235E-6
2.298E-6
1.032E-6
2.485E-6
1.222E-6
2.683E-6
1.189E-6
9.62E-7
2.122E-6
2.64E-6
1.504E-6
3.034E-6
1.567E-6
3.207E-6
2.69E-6
1.487E-6
1.998E-6
3.18E-6
9.42E-7
2.589E-6
2.215E-6
2.091E-6
1.56E-6
1.7E-6
1.905E-6
2.035E-6
1.781E-6
4.42E-6
3.711E-6
1.24E-6
1.891E-6
3.762E-6
2.382E-6
2.65E-6
4.354E-6
8.82E-7
1.267E-6
3.445E-6
1.43E-6
3.769E-6
1.653E-6
1.727E-6
2.506E-6
3.565E-6
1.41E-6
1.36E-6
2.475E-6
1.126E-6
1.397E-6
3.564E-6
2.864E-6
1.477E-6
1.737E-6
1.561E-6
2.849E-6
2.994E-6
2.519E-6
1.41E-6
2.743E-6
1.246E-6
3.661E-6
1.303E-6
1.233E-6
2.697E-6
8.78E-7
2.375E-6
1.467E-6
1.28E-6
2.222E-6
2.379E-6
3.791E-6
3.602E-6
1.64E-6
3.084E-6
1.146E-6
1.317E-6
2.034E-6
3.775E-6
1.34E-6
1.316E-6
2.259E-6
3.335E-6
1.166E-6
1.707E-6
2.208E-6
1.587E-6
2.74E-6
3.307E-6
9.12E-7
3.435E-6
1.313E-6
1.29E-6
1.684E-6
2.282E-6
2.114E-6
1.59E-6
3.659E-6
1.854E-6
1.55E-6
4.43E-6
3.117E-6
2.161E-6
2.77E-6
1.43E-6
1.767E-6
1.449E-6
2.005E-6
1.076E-6
1.25E-6
1.601E-6
2.549E-6
1.146E-6
1.544E-6
2.616E-6
1.079E-6
1.22E-6
1.827E-6
2.766E-6
1.273E-6
2.837E-6
8.99E-7
3.842E-6
1.65E-6
1.156E-6
2.054E-6
3.033E-6
2.129E-6
2.933E-6
9.82E-7
2.315E-6
2.101E-6
3.014E-6
9.05E-7
1.229E-6
2.779E-6
1.393E-6
2.97E-6
1.63E-6
2.863E-6
1.229E-6
1.624E-6
2.004E-6
2.646E-6
1.834E-6
2.589E-6
1.47E-6
1.788E-6
3.778E-6
1.925E-6
9.52E-7
2.198E-6
1.481E-6
2.205E-6
1.173E-6
1.129E-6
1.788E-6
1.66E-6
2.853E-6
1.406E-6
1.179E-6
3.204E-6
2.005E-6
3.044E-6
1.503E-6
2.526E-6
1.627E-6
1.377E-6
1.741E-6
2.823E-6
1.481E-6
1.447E-6
1.607E-6
1.507E-6
1.844E-6
2.429E-6
1.777E-6
2.385E-6
2.425E-6
1.336E-6
3.455E-6
2.205E-6
1.266E-6
4.035E-6
2.225E-6
1.647E-6
2.762E-6
1.019E-6
1.684E-6
1.63E-6
1.674E-6
1.45E-6
2.332E-6
2.199E-6
1.053E-6
7.377E-6
1.9E-6
3.939E-6
3.26E-6
2.105E-6
2.235E-6
2.188E-6
2.372E-6
4.38E-6
1.507E-6
1.476E-6
1.25E-6
1.501E-6
1.032E-6
3.946E-6
1.005E-6
1.036E-6
2.509E-6
3.395E-6
1.033E-6
1.684E-6
1.177E-6
3.865E-6
1.233E-6
2.159E-6
1.316E-6
1.708E-6
1.056E-6
1.811E-6
2.162E-6
1.407E-6
2.428E-6
1.049E-6
2.259E-6
1.1E-6
3.698E-6
1.199E-6
3.087E-6
9.95E-7
1.176E-6
2.479E-6
1.296E-6
1.103E-6
1.226E-6
2.987E-6
3.03E-6
1.323E-6
1.5E-6
2.947E-6
3.023E-6
9.89E-7
1.777E-6
1.724E-6
2.011E-6
1.617E-6
2.83E-6
1.577E-6
2.182E-6
1.066E-6
1.487E-6
3.752E-6
1.026E-6
1.76E-6
2.168E-6
1.604E-6
2.188E-6
2.118E-6
3.007E-6
1.58E-6
1.581E-6
1.62E-6
3.114E-6
1.543E-6
1.256E-6
2.085E-6
2.84E-6
1.26E-6
1.604E-6
1.844E-6
1.7E-6
2.372E-6
1.814E-6
2.262E-6
9.65E-7
2.098E-6
1.517E-6
3.434E-6
1.621E-6
2.459E-6
1.606E-6
1.519E-6
1.47E-6
1.526E-6
2.834E-6
1.223E-6
1.623E-6
1.397E-6
1.741E-6
1.008E-6
1.526E-6
1.498E-6
2.553E-6
9.99E-7
2.182E-6
4.29E-6
1.617E-6
2.96E-6
1.219E-6
3.524E-6
2.743E-6
1.3E-6
1.804E-6
3.291E-6
3.571E-6
1.487E-6
1.992E-6
2.546E-6
2.321E-6
1.751E-6
3.979E-6
2.198E-6
2.542E-6
3.892E-6
1.056E-6
3.327E-6
3.257E-6
1.526E-6
5.128E-6
1.38E-6
2.435E-6
2.245E-6
9.82E-7
2.348E-6
8.178E-6
1.15E-6
1.256E-6
2.298E-6
1.27E-6
2.355E-6
9.69E-7
1.303E-6
1.975E-6
3.245E-6
1.063E-6
1.577E-6
2.742E-6
1.012E-6
9.63E-7
2.248E-6
3.244E-6
1.567E-6
2.944E-6
1.604E-6
3.568E-6
1.764E-6
9.88E-7
1.243E-6
1.296E-6
4.177E-6
1.471E-6
1.647E-6
2.099E-6
9.65E-7
1.557E-6
3.274E-6
1.578E-6
2.666E-6
3.358E-6
1.637E-6
1.577E-6
3.504E-6
1.764E-6
1.316E-6
2.392E-6
1.5E-6
1.283E-6
1.517E-6
1.316E-6
2.799E-6
2.048E-6
3.933E-6
2.509E-6
1.373E-6
2.051E-6
1.76E-6
1.991E-6
1.309E-6
1.807E-6
2.426E-6
9.02E-7
1.611E-6
1.377E-6
1.737E-6
2.66E-6
1.467E-6
1.474E-6
2.713E-6
1.026E-6
1.647E-6
3.655E-6
1.086E-6
1.3E-6
1.911E-6
1.297E-6
1.551E-6
1.825E-6
2.312E-6
1.477E-6
2.803E-6
1.771E-6
2.82E-6
1.323E-6
3.444E-6
1.995E-6
1.514E-6
1.66E-6
1.64E-6
1.778E-6
1.991E-6
1.991E-6
1.466E-6
1.614E-6
2.529E-6
3.237E-6
2.349E-6
4.055E-6
2.95E-6
1.393E-6
1.196E-6
4.624E-6
1.63E-6
1.206E-6
3.368E-6
1.547E-6
1.26E-6
2.088E-6
3.004E-6
1.33E-6
1.42444E-4
2.743E-6
1.236E-6
2.9444E-5
3.888E-6
2.0059E-5
5.191E-6
3.989E-6
3.097E-6
2.2027E-5
2.2685E-5
5.86E-6
3.682E-6
3.29E-6
2.3112E-5
2.1706E-5
2.4566E-5
3.247E-6
3.635E-6
2.5194E-5
3.331E-6
3.802E-6
1.896E-5
2.4616E-5
3.745E-6
5.8509E-5
1.3854E-5
1.567E-6
2.453E-6
2.763E-6
1.24E-6
4.333E-6
2.456E-6
3.975E-6
1.584E-6
2.74E-6
7.5629E-5
8.352E-6
1.927E-6
2.593E-6
5.773E-6
1.71E-6
1.53E-6
2.312E-6
2.078E-6
1.791E-6
2.302E-6
1.39E-6
1.323E-6
2.268E-6
4.623E-6
1.834E-6
2.743E-6
2.102E-6
1.523E-6
5.235E-6
1.36E-6
2.155E-6
4.359E-6
1.761E-6
1.981E-6
1.53E-6
2.101E-6
3.445E-6
2.165E-6
3.548E-6
2.061E-6
2.616E-6
3.421E-6
2.763E-6
1.223E-6
3.061E-6
2.011E-6
2.763E-6
1.3E-6
1.784E-6
1.53E-6
1.507E-6
2.953E-6
3.648E-6
3.06E-6
3.087E-6
3.518E-6
1.683E-6
1.998E-6
3.228E-6
1.307E-6
3.024E-6
1.303E-6
2.716E-6
1.03E-6
1.159E-6
2.879E-6
1.336E-6
1.844E-6
2.114E-6
1.344E-6
2.479E-6
9.191E-6
3.585E-6
4.086E-6
2.757E-6
2.051E-6
3.267E-6
1.03E-6
1.694E-6
3.164E-6
2.954E-6
1.136E-6
3.662E-6
1.109E-6
1.707E-6
2.285E-6
4.246E-6
1.096E-6
3.725E-6
2.676E-6
1.888E-6
2.285E-6
2.522E-6
1.082E-6
1.988E-6
3.428E-6
1.117E-6
1.678E-6
3.144E-6
1.32E-6
2.355E-6
1.901E-6
1.484E-6
2.606E-6
1.122E-6
4.35E-6
1.386E-6
2.786E-6
2.596E-6
1.396E-6
1.192E-6
2.111E-6
1.44E-6
2.863E-6
2.078E-6
1.827E-6
3.275E-6
1.38E-6
1.724E-6
3.554E-6
1.37E-6
1.27E-6
2.843E-6
1.38E-6
2.071E-6
1.193E-6
2.148E-6
1.002E-6
4.052E-6
1.467E-6
3.241E-6
2.044E-6
1.379E-6
1.798E-6
1.046E-6
3.297E-6
1.69E-6
1.303E-6
2.365E-6
2.486E-6
1.313E-6
3.187E-6
1.119E-6
1.296E-6
2.959E-6
1.57E-6
2.017E-6
3.518E-6
2.539E-6
1.724E-6
1.356E-6
2.683E-6
1.714E-6
1.791E-6
2.79E-6
1.019E-6
4.072E-6
3.057E-6
1.704E-6
1.988E-6
1.707E-6
1.957E-6
4.664E-6
3.591E-6
2.279E-6
1.297E-6
2.322E-6
1.66E-6
3.848E-6
2.182E-6
1.57E-6
1.941E-6
1.413E-6
4.971E-6
1.653E-6
2.716E-6
5.221E-6
1.78E-6
2.967E-6
1.106E-6
1.216E-6
3.388E-6
3.531E-6
1.386E-6
1.918E-6
3.561E-6
1.971E-6
1.777E-6
1.924E-6
4.346E-6
2.278E-6
1.794E-6
3.574E-6
1.607E-6
3.839E-6
4.674E-6
1.356E-6
3.28E-6
1.202E-6
1.654E-6
1.914E-6
1.169E-6
2.108E-6
1.447E-6
1.6E-6
3.972E-6
1.083E-6
1.927E-6
1.46E-6
3.284E-6
2.335E-6
1.43E-6
1.851E-6
1.439E-6
3.311E-6
3.975E-6
1.273E-6
3.194E-6
1.668E-6
2.913E-6
1.009E-6
3.268E-6
1.346E-6
2.328E-6
2.429E-6
2.279E-6
2.363E-6
1.944E-6
2.47E-6
1.58E-6
2.295E-6
2.736E-6
1.851E-6
2.539E-6
1.339E-6
3.081E-6
2.091E-6
1.517E-6
1.407E-6
2.329E-6
3.745E-6
1.971E-6
1.79E-6
3.214E-6
1.476E-6
1.266E-6
2.185E-6
1.122E-6
3.735E-6
1.69E-6
3.308E-6
1.47E-6
3.06E-6
2.095E-6
1.433E-6
2.503E-6
1.814E-6
1.055E-6
2.566E-6
2.693E-6
1.724E-6
2.014E-6
2.71E-6
3.395E-6
1.3E-6
1.824E-6
3.15E-6
1.196E-6
1.784E-6
1.978E-6
4.159E-6
2.589E-6
1.289E-6
3.037E-6
1.701E-6
3.154E-6
1.901E-6
2.168E-6
1.5E-6
2.222E-6
5.492E-6
2.235E-6
1.671E-6
3.154E-6
3.318E-6
1.64E-6
3.311E-6
1.316E-6
1.396E-6
2.499E-6
1.486E-6
1.77E-6
3.031E-6
1.036E-6
1.123E-6
1.624E-6
1.129E-6
1.47E-6
2.883E-6
1.63E-6
1.564E-6
3.007E-6
1.099E-6
1.336E-6
3.441E-6
1.413E-6
1.296E-6
1.376E-6
2.897E-6
3.756E-6
2.375E-6
2.502E-6
3.281E-6
1.593E-6
2.385E-6
1.557E-6
1.42E-6
5.252E-6
3.752E-6
1.824E-6
2.539E-6
1.59E-6
2.355E-6
1.163E-6
3.672E-6
1.162E-6
3.679E-6
1.574E-6
4.083E-6
1.974E-6
1.854E-6
1.547E-6
3.562E-6
1.884E-6
2.252E-6
1.551E-6
1.601E-6
1.884E-6
1.407E-6
4.324E-6
2.085E-6
1.626E-6
1.975E-6
2.055E-6
1.423E-6
3.952E-6
1.413E-6
1.581E-6
3.689E-6
1.644E-6
1.473E-6
3.564E-6
1.57E-6
2.403E-6
2.135E-6
3.552E-6
2.215E-6
3.28E-6
2.005E-6
1.704E-6
3.187E-6
1.827E-6
1.477E-6
2.044E-6
1.055E-6
1.349E-6
2.686E-6
3.19E-6
1.737E-6
1.995E-6
1.363E-6
2.346E-6
1.747E-6
3.307E-6
2.091E-6
2.629E-6
2.743E-6
2.85E-6
2.047E-6
1.57E-6
1.848E-6
2.943E-6
6.358E-6
3.317E-6
2.035E-6
1.53E-6
2.145E-6
1.243E-6
1.49E-6
3.371E-6
1.972E-6
3.054E-6
1.39E-6
1.493E-6
3.308E-6
2.318E-6
1.778E-6
2.489E-6
4.941E-6
1.41E-6
2.499E-6
2.503E-6
1.734E-6
2.723E-6
3.217E-6
1.47E-6
1.751E-6
2.48E-6
1.38E-6
3.301E-6
1.884E-6
2.135E-6
4.36E-6
3.318E-6
1.186E-6
2.315E-6
1.885E-6
4.016E-6
2.369E-6
3.759E-6
2.065E-6
1.643E-6
2.673E-6
1.316E-6
1.477E-6
3.401E-6
1.707E-6
2.656E-6
1.313E-6
1.513E-6
2.145E-6
1.634E-6
3.177E-6
1.844E-6
2.048E-6
2.409E-6
1.691E-6
4.24E-6
1.65E-6
3.12E-6
4.831E-6
4.106E-6
1.333E-6
1.914E-6
5.827E-6
3.528E-6
1.961E-6
1.547E-6
2.954E-6
2.222E-6
2.439E-6
1.794E-6
3.575E-6
2.091E-6
2.93E-6
2.389E-6
2.015E-6
3.021E-6
1.206E-6
1.988E-6
4.113E-6
1.637E-6
1.454E-6
9.117E-6
1.4E-6
1.774E-6
2.162E-6
2.024E-6
1.52E-6
1.911E-6
4.547E-6
2.035E-6
4.6E-6
2.038E-6
3.882E-6
4.116E-6
1.266E-6
2.038E-6
3.421E-6
1.33E-6
1.861E-6
2.352E-6
3.756E-6
2.379E-6
3.561E-6
1.414E-6
2.092E-6
5.903E-6
1.741E-6
3.979E-6
1.721E-6
1.857E-6
1.239E-6
2.335E-6
2.018E-6
1.474E-6
1.366E-6
1.965E-6
1.681E-6
2.94E-6
1.507E-6
3.909E-6
2.312E-6
2.549E-6
3.735E-6
1.537E-6
2.686E-6
2.963E-6
1.62E-6
3.485E-6
1.443E-6
2.993E-6
1.564E-6
2.944E-6
1.42E-6
3.21E-6
1.517E-6
2.172E-6
3.735E-6
3.799E-6
2.001E-6
2.131E-6
1.193E-6
1.821E-6
2.455E-6
1.912E-6
1.67E-6
2.799E-6
3.866E-6
2.352E-6
2.055E-6
2.526E-6
2.272E-6
1.537E-6
1.905E-6
5.098E-6
1.7E-6
3.518E-6
1.38E-6
4.383E-6
1.407E-6
4.153E-6
1.34E-6
1.911E-6
3.278E-6
1.68E-6
1.484E-6
2.469E-6
2.693E-6
1.526E-6
1.457E-6
2.569E-6
2.057E-6
3.475E-6
1.61E-6
2.386E-6
1.109E-6
1.43E-6
1.961E-6
1.937E-6
1.867E-6
2.96E-6
1.874E-6
1.34E-6
2.171E-6
4.189E-6
2.162E-6
1.83E-6
2.716E-6
1.607E-6
2.175E-6
3.024E-6
2.355E-6
1.163E-6
1.586E-6
3.161E-6
4.25E-6
2.111E-6
1.49E-6
2.763E-6
2.492E-6
1.409E-6
3.813E-6
6.969E-6
1.503E-6
1.413E-6
2.529E-6
3.281E-6
1.527E-6
1.88E-6
1.731E-6
1.961E-6
1.123E-6
1.112E-6
1.995E-6
1.6E-6
3.722E-6
2.269E-6
3.565E-6
9.89E-7
1.39E-6
1.35E-6
2.94E-6
1.26E-6
1.574E-6
1.504E-6
2.993E-6
1.587E-6
2.044E-6
1.804E-6
4.096E-6
1.991E-6
1.751E-6
1.63E-6
2.218E-6
3.919E-6
2.265E-6
2.633E-6
3.475E-6
1.093E-6
1.28E-6
2.873E-6
3.397E-6
3.131E-6
1.824E-6
1.781E-6
2.87E-6
1.37E-6
4.043E-6
1.377E-6
7.366E-6
1.383E-6
1.39E-6
1.549E-6
1.016E-6
1.453E-6
2.509E-6
3.885E-6
1.527E-6
3.906E-6
3.929E-6
1.634E-6
2.689E-6
3.632E-6
1.797E-6
2.566E-6
1.921E-6
1.834E-6
3.651E-6
3.418E-6
1.604E-6
2.806E-6
2.285E-6
2.375E-6
1.44E-6
1.818E-6
1.671E-6
4.076E-6
1.785E-6
3.007E-6
1.389E-6
1.46E-6
2.592E-6
1.831E-6
2.051E-6
1.671E-6
1.603E-6
2.502E-6
3.328E-6
4.427E-6
2.316E-6
1.633E-6
1.721E-6
2.636E-6
2.102E-6
2.108E-6
1.434E-6
4.61E-6
2.349E-6
3.361E-6
1.232E-6
3.678E-6
3.124E-6
1.366E-6
2.7E-6
1.122E-6
1.914E-6
1.239E-6
6.872E-6
3.812E-6
3.164E-6
1.744E-6
2.315E-6
2.515E-6
1.152E-6
4.146E-6
3.003E-6
1.667E-6
3.922E-6
1.621E-6
1.884E-6
2.663E-6
1.831E-6
1.971E-6
2.065E-6
3.227E-6
1.339E-6
2.128E-6
2.642E-6
1.55E-6
1.74E-6
2.927E-6
1.179E-6
1.32E-6
4.303E-6
1.614E-6
2.315E-6
1.633E-6
4.317E-6
2.535E-6
1.604E-6
3.475E-6
1.497E-6
2.121E-6
1.519E-6
2.696E-6
1.474E-6
3.344E-6
2.85E-6
1.317E-6
1.751E-6
1.827E-6
1.453E-6
1.868E-6
3.448E-6
1.778E-6
1.841E-6
2.262E-6
1.4E-6
4.13E-6
2.5E-6
1.357E-6
1.479E-6
1.146E-6
1.861E-6
3.599E-6
3.602E-6
1.861E-6
1.636E-6
1.507E-6
1.513E-6
1.627E-6
2.495E-6
1.747E-6
1.223E-6
4.507E-6
1.878E-6
2.919E-6
3.077E-6
1.584E-6
1.858E-6
2.331E-6
1.203E-6
1.27E-6
4.961E-6
3.053E-6
1.236E-6
3.568E-6
1.59E-6
3.522E-6
1.57E-6
1.751E-6
4.44E-6
1.333E-6
1.526E-6
4.527E-6
2.118E-6
3.949E-6
1.874E-6
1.924E-6
2.71E-6
2.816E-6
1.988E-6
3.942E-6
1.212E-6
1.614E-6
2.235E-6
1.516E-6
1.971E-6
2.088E-6
1.4E-6
2.024E-6
1.419E-6
4.403E-6
6.277E-6
1.513E-6
1.941E-6
4.347E-6
1.8E-6
2.871E-6
1.79E-6
3.542E-6
1.794E-6
1.73E-6
2.101E-6
1.96E-6
1.247E-6
1.583E-6
2.195E-6
1.089E-6
2.098E-6
1.787E-6
3.666E-6
3.218E-6
1.376E-6
3.926E-6
1.353E-6
3.191E-6
1.143E-6
3.852E-6
1.477E-6
1.727E-6
3.488E-6
1.477E-6
4.099E-6
1.637E-6
3.595E-6
1.273E-6
1.527E-6
2.913E-6
1.811E-6
1.31E-6
2.793E-6
1.795E-6
1.003E-6
1.961E-6
1.877E-6
4.37E-6
1.116E-6
1.494E-6
2.125E-6
1.049E-6
1.353E-6
2.202E-6
1.109E-6
1.046E-6
1.223E-6
2.526E-6
2.161E-6
1.918E-6
2.014E-6
1.524E-6
1.383E-6
1.958E-6
1.524E-6
1.634E-6
2.125E-6
3.765E-6
3.726E-6
1.731E-6
3.321E-6
2.292E-6
4.728E-6
1.333E-6
2.232E-6
2.078E-6
1.052E-6
2.356E-6
3.928E-6
1.57E-6
1.353E-6
3.495E-6
1.447E-6
1.834E-6
3.154E-6
1.57E-6
1.534E-6
2.716E-6
3.124E-6
1.272E-6
3.08E-6
1.561E-6
1.503E-6
2.469E-6
2.833E-6
1.123E-6
3.665E-6
3.551E-6
2.068E-6
4.012E-6
1.901E-6
2.432E-6
1.429E-6
1.875E-6
4.414E-6
1.479E-6
1.557E-6
1.964E-6
1.998E-6
1.163E-6
4.343E-6
1.607E-6
1.934E-6
2.944E-6
1.667E-6
3.227E-6
1.584E-6
2.923E-6
1.714E-6
1.089E-6
1.751E-6
2.095E-6
1.583E-6
2.436E-6
3.154E-6
1.597E-6
2.085E-6
1.46E-6
2.566E-6
3.154E-6
1.501E-6
1.487E-6
3.458E-6
1.761E-6
3.15E-6
1.466E-6
2.095E-6
1.474E-6
3.992E-6
1.07E-6
1.517E-6
2.014E-6
1.206E-6
3.471E-6
9.63E-7
2.055E-6
1.454E-6
1.212E-6
1.811E-6
1.28E-6
1.483E-6
2.626E-6
1.557E-6
3.141E-6
1.627E-6
3.25E-6
1.339E-6
1.821E-6
3.0E-6
1.453E-6
2.813E-6
1.473E-6
1.681E-6
2.432E-6
1.86E-6
2.893E-6
1.343E-6
1.206E-6
1.951E-6
4.584E-6
1.363E-6
1.721E-6
1.901E-6
3.21E-6
1.35E-6
3.742E-6
1.035E-6
2.095E-6
2.121E-6
2.633E-6
3.973E-6
2.356E-6
1.62E-6
2.011E-6
1.523E-6
2.953E-6
1.58E-6
1.908E-6
1.537E-6
2.005E-6
3.455E-6
9.83E-7
1.724E-6
1.534E-6
1.697E-6
1.751E-6
3.438E-6
4.015E-6
3.628E-6
1.213E-6
3.725E-6
1.777E-6
5.416E-6
3.397E-6
1.671E-6
2.035E-6
2.034E-6
2.911E-6
1.236E-6
1.814E-6
2.82E-6
1.31E-6
1.554E-6
3.043E-6
2.375E-6
1.574E-6
2.091E-6
1.544E-6
3.134E-6
2.112E-6
1.927E-6
2.854E-6
3.738E-6
1.149E-6
2.566E-6
4.373E-6
1.831E-6
1.383E-6
3.227E-6
1.64E-6
2.589E-6
2.061E-6
1.52E-6
3.164E-6
1.824E-6
2.061E-6
1.466E-6
1.904E-6
3.622E-6
1.797E-6
2.158E-6
2.549E-6
1.73E-6
7.524E-6
1.771E-6
3.712E-6
2.556E-6
2.84E-6
1.617E-6
2.686E-6
1.583E-6
2.165E-6
1.159E-6
2.121E-6
1.426E-6
3.915E-6
1.182E-6
2.155E-6
1.657E-6
4.07E-6
1.309E-6
1.81E-6
1.597E-6
2.586E-6
3.969E-6
2.846E-6
1.577E-6
1.754E-6
3.201E-6
1.423E-6
2.73E-6
3.264E-6
1.009E-6
3.047E-6
2.903E-6
2.529E-6
2.062E-6
3.632E-6
1.811E-6
1.623E-6
2.659E-6
2.385E-6
1.443E-6
3.384E-6
1.553E-6
3.231E-6
2.476E-6
1.868E-6
2.803E-6
1.457E-6
2.592E-6
1.547E-6
1.547E-6
1.33E-6
1.099E-6
1.63E-6
2.687E-6
1.978E-6
1.677E-6
3.358E-6
1.594E-6
5.305E-6
1.917E-6
2.652E-6
1.059E-6
1.731E-6
3.689E-6
1.39E-6
1.821E-6
1.464E-6
3.244E-6
3.669E-6
1.718E-6
3.795E-6
1.533E-6
2.092E-6
1.583E-6
2.205E-6
3.144E-6
1.507E-6
1.416E-6
4.383E-6
1.186E-6
1.256E-6
1.319E-6
2.031E-6
1.2E-6
2.402E-6
3.658E-6
3.158E-6
1.563E-6
2.95E-6
1.427E-6
1.222E-6
1.627E-6
2.295E-6
1.117E-6
2.285E-6
2.271E-6
3.111E-6
1.818E-6
1.66E-6
1.537E-6
3.902E-6
1.703E-6
2.262E-6
2.813E-6
1.484E-6
1.924E-6
2.396E-6
4.016E-6
1.343E-6
1.674E-6
2.242E-6
9.96E-7
1.677E-6
3.521E-6
2.526E-6
2.162E-6
1.801E-6
2.135E-6
1.76E-6
1.814E-6
2.813E-6
1.935E-6
3.284E-6
3.946E-6
1.541E-6
2.699E-6
1.557E-6
3.421E-6
1.74E-6
1.59E-6
1.797E-6
1.947E-6
2.048E-6
1.697E-6
1.777E-6
1.193E-6
2.025E-6
3.561E-6
2.038E-6
2.158E-6
3.749E-6
1.67E-6
1.957E-6
2.362E-6
2.255E-6
1.658E-6
3.906E-6
1.186E-6
1.677E-6
1.817E-6
1.203E-6
1.459E-6
3.355E-6
1.697E-6
3.177E-6
1.7E-6
1.473E-6
2.689E-6
3.181E-6
1.096E-6
1.41E-6
2.359E-6
9.86E-7
5.015E-6
2.198E-6
3.665E-6
1.707E-6
1.49E-6
1.674E-6
4.717E-6
2.048E-6
1.631E-6
2.5E-6
1.33E-6
1.577E-6
2.963E-6
3.378E-6
1.794E-6
1.698E-6
2.332E-6
2.532E-6
2.803E-6
1.751E-6
1.954E-6
1.674E-6
2.472E-6
1.616E-6
3.381E-6
1.658E-6
3.889E-6
1.363E-6
3.284E-6
2.135E-6
1.654E-6
3.354E-6
2.916E-6
1.727E-6
2.392E-6
1.764E-6
4.0E-6
1.39E-6
1.346E-6
2.673E-6
1.553E-6
1.821E-6
2.001E-6
1.885E-6
2.215E-6
3.535E-6
1.914E-6
1.643E-6
2.599E-6
3.321E-6
2.162E-6
2.352E-6
1.216E-6
3.575E-6
4.19E-6
3.381E-6
2.148E-6
2.95E-6
3.495E-6
1.343E-6
3.545E-6
2.219E-6
2.101E-6
2.195E-6
3.371E-6
4.514E-6
1.881E-6
1.674E-6
2.392E-6
2.353E-6
3.799E-6
1.627E-6
2.229E-6
4.493E-6
2.145E-6
3.291E-6
1.557E-6
2.336E-6
3.515E-6
2.022E-6
1.871E-6
8.229E-6
1.837E-6
1.618E-6
1.704E-6
3.157E-6
1.638E-6
1.466E-6
1.804E-6
4.637E-6
1.721E-6
1.65E-6
3.227E-6
1.142E-6
3.153E-6
2.442E-6
3.554E-6
2.726E-6
1.684E-6
2.766E-6
4.132E-6
1.484E-6
3.905E-6
1.417E-6
2.482E-6
3.0E-6
3.347E-6
1.878E-6
1.837E-6
2.97E-6
1.61E-6
2.022E-6
3.08E-6
2.485E-6
3.899E-6
1.44E-6
2.075E-6
3.549E-6
1.514E-6
3.407E-6
1.434E-6
3.415E-6
1.55E-6
1.854E-6
3.902E-6
1.319E-6
1.396E-6
2.034E-6
2.105E-6
1.577E-6
2.643E-6
2.782E-6
4.1E-6
1.34E-6
2.569E-6
1.236E-6
2.125E-6
1.126E-6
1.277E-6
2.4E-6
1.48E-6
3.304E-6
1.273E-6
2.151E-6
1.484E-6
1.807E-6
1.924E-6
1.075E-6
2.045E-6
2.529E-6
1.651E-6
3.257E-6
1.507E-6
3.585E-6
1.002E-6
1.627E-6
1.38E-6
1.597E-6
2.318E-6
3.745E-6
1.587E-6
2.98E-6
3.237E-6
1.156E-6
2.389E-6
2.406E-6
2.593E-6
1.496E-6
2.486E-6
2.155E-6
1.717E-6
4.631E-6
1.674E-6
3.973E-6
1.176E-6
1.958E-6
3.244E-6
3.611E-6
1.51E-6
4.102E-6
1.744E-6
1.865E-6
2.392E-6
3.177E-6
1.991E-6
1.75E-6
1.39E-6
2.359E-6
1.741E-6
4.146E-6
1.621E-6
1.567E-6
1.617E-6
2.816E-6
2.165E-6
2.045E-6
2.401E-6
1.036E-6
3.374E-6
7.714E-6
2.606E-6
1.443E-6
1.721E-6
3.949E-6
1.233E-6
1.768E-6
4.464E-6
1.183E-6
1.323E-6
4.206E-6
1.647E-6
1.487E-6
2.138E-6
4.377E-6
1.376E-6
2.445E-6
1.871E-6
1.617E-6
1.607E-6
3.207E-6
1.117E-6
1.45E-6
1.553E-6
3.0E-6
1.667E-6
2.031E-6
1.075E-6
3.157E-6
3.846E-6
1.089E-6
2.428E-6
2.657E-6
8.857E-6
2.182E-6
1.566E-6
3.795E-6
1.389E-6
2.957E-6
1.019E-6
1.487E-6
3.598E-6
1.396E-6
3.618E-6
1.627E-6
2.452E-6
3.024E-6
3.996E-6
2.322E-6
3.518E-6
1.918E-6
1.447E-6
1.42E-6
3.127E-6
1.119E-6
2.118E-6
1.657E-6
3.511E-6
4.73E-6
2.984E-6
1.517E-6
1.403E-6
2.40153E-4
2.539E-6
2.72E-6
3.589E-6
2.024E-6
1.687E-6
1.604E-6
3.113E-6
1.594E-6
2.399E-6
1.279E-6
4.988E-6
4.192E-6
1.116E-6
2.095E-6
2.7E-6
1.123E-6
1.674E-6
1.881E-6
2.155E-6
3.421E-6
1.557E-6
3.435E-6
1.593E-6
1.928E-6
1.861E-6
3.227E-6
1.641E-6
3.976E-6
5.239E-6
2.413E-6
1.734E-6
1.313E-6
2.341E-6
2.559E-6
2.336E-6
3.949E-6
4.892E-6
1.634E-6
1.928E-6
4.968E-6
3.434E-6
1.934E-6
1.43E-6
2.399E-6
1.584E-6
3.181E-6
3.922E-6
1.601E-6
2.493E-6
1.627E-6
2.827E-6
1.303E-6
1.587E-6
2.229E-6
3.007E-6
1.387E-6
2.87E-6
1.497E-6
2.743E-6
2.081E-6
1.697E-6
1.591E-6
4.033E-6
1.647E-6
2.188E-6
1.44E-6
2.422E-6
3.207E-6
1.407E-6
3.722E-6
2.522E-6
3.832E-6
1.533E-6
2.876E-6
1.781E-6
1.5E-6
1.707E-6
1.754E-6
1.163E-6
1.804E-6
1.84E-6
1.37E-6
2.079E-6
1.623E-6
3.09E-6
1.196E-6
1.29E-6
1.587E-6
3.067E-6
3.708E-6
1.67E-6
1.648E-6
2.395E-6
1.961E-6
3.01E-6
2.887E-6
1.587E-6
1.47E-6
1.815E-6
3.818E-6
3.402E-6
1.68E-6
1.945E-6
4.526E-6
2.539E-6
1.707E-6
2.88E-6
3.729E-6
3.872E-6
1.491E-6
1.664E-6
2.987E-6
3.785E-6
1.624E-6
1.757E-6
2.769E-6
2.903E-6
1.59E-6
1.29E-6
1.995E-6
4.423E-6
3.658E-6
1.49E-6
3.314E-6
1.219E-6
1.857E-6
2.292E-6
4.497E-6
3.512E-6
1.945E-6
1.327E-6
3.682E-6
4.41E-6
1.841E-6
6.281E-6
2.941E-6
2.446E-6
4.37E-6
3.347E-6
2.155E-6
1.921E-6
1.313E-6
2.927E-6
1.748E-6
1.376E-6
4.143E-6
1.653E-6
2.907E-6
3.16E-6
1.297E-6
1.854E-6
1.868E-6
2.582E-6
1.895E-6
1.544E-6
1.404E-6
3.928E-6
2.75E-6
1.667E-6
1.721E-6
1.494E-6
2.319E-6
1.513E-6
1.423E-6
4.553E-6
3.452E-6
1.31E-6
3.278E-6
1.684E-6
1.6E-6
3.204E-6
1.5E-6
2.98E-6
1.751E-6
2.479E-6
2.479E-6
1.874E-6
1.751E-6
3.013E-6
3.298E-6
1.056E-6
1.7E-6
1.667E-6
3.858E-6
1.536E-6
2.8E-6
2.242E-6
1.794E-6
2.723E-6
1.671E-6
4.019E-6
1.938E-6
1.464E-6
1.587E-6
3.341E-6
2.349E-6
1.109E-6
1.517E-6
2.215E-6
2.682E-6
2.209E-6
1.51E-6
2.974E-6
3.227E-6
2.428E-6
2.279E-6
2.515E-6
2.606E-6
1.287E-6
3.301E-6
3.882E-6
1.534E-6
2.001E-6
1.379E-6
1.393E-6
2.128E-6
2.212E-6
1.961E-6
4.096E-6
1.554E-6
3.585E-6
3.815E-6
3.348E-6
3.137E-6
1.102E-6
4.29E-6
1.654E-6
1.363E-6
2.038E-6
2.526E-6
3.365E-6
2.222E-6
4.23E-6
1.961E-6
3.638E-6
1.644E-6
1.878E-6
4.266E-6
1.895E-6
2.426E-6
2.316E-6
1.156E-6
3.976E-6
3.428E-6
9.39E-7
3.354E-6
1.694E-6
2.553E-6
1.129E-6
2.466E-6
1.1132E-5
1.129E-6
1.974E-6
9.59E-7
3.899E-6
2.716E-6
1.567E-6
2.73E-6
2.74E-6
1.336E-6
4.106E-6
1.149E-6
3.668E-6
1.671E-6
2.532E-6
1.526E-6
3.213E-6
1.37E-6
1.737E-6
1.143E-6
2.078E-6
2.797E-6
2.165E-6
3.632E-6
1.46E-6
1.821E-6
2.048E-6
1.423E-6
1.877E-6
2.429E-6
9.05E-7
1.056E-6
2.906E-6
2.793E-6
1.182E-6
2.034E-6
2.863E-6
1.049E-6
2.93E-6
1.664E-6
1.293E-6
1.66E-6
1.016E-6
3.515E-6
1.781E-6
1.781E-6
1.74E-6
3.768E-6
1.5E-6
2.042E-6
2.282E-6
3.201E-6
1.222E-6
3.08E-6
2.67E-6
1.47E-6
1.45E-6
1.32E-6
2.68E-6
1.814E-6
1.49E-6
3.077E-6
1.463E-6
1.857E-6
2.743E-6
1.62E-6
1.867E-6
3.661E-6
1.744E-6
1.363E-6
2.476E-6
1.774E-6
5.022E-6
2.442E-6
1.938E-6
3.127E-6
2.512E-6
1.092E-6
2.851E-6
1.256E-6
2.779E-6
1.099E-6
2.719E-6
1.075E-6
1.239E-6
2.799E-6
1.674E-6
1.53E-6
1.487E-6
1.557E-6
2.198E-6
1.968E-6
1.333E-6
4.146E-6
1.393E-6
1.854E-6
2.179E-6
2.757E-6
1.349E-6
1.697E-6
2.131E-6
1.67E-6
1.664E-6
3.374E-6
1.59E-6
1.236E-6
2.553E-6
1.894E-6
1.484E-6
2.309E-6
1.758E-6
2.837E-6
2.372E-6
2.967E-6
3.425E-6
1.206E-6
2.315E-6
2.897E-6
1.437E-6
1.577E-6
1.386E-6
3.374E-6
1.563E-6
2.375E-6
2.276E-6
2.954E-6
1.136E-6
1.516E-6
2.037E-6
1.687E-6
3.044E-6
1.45E-6
1.521E-6
2.118E-6
1.016E-6
1.533E-6
3.999E-6
1.881E-6
2.062E-6
2.305E-6
3.28E-6
3.391E-6
1.152E-6
1.474E-6
2.666E-6
1.781E-6
1.32E-6
1.784E-6
3.244E-6
3.709E-6
7.33341E-4
3.061E-6
2.195E-6
2.976E-6
1.353E-6
6.215E-6
1.45E-6
1.356E-6
2.365E-6
2.225E-6
1.282E-6
4.163E-6
1.35E-6
2.299E-6
1.132E-6
3.347E-6
3.538E-6
3.371E-6
2.054E-6
9.385E-6
4.905E-6
2.886E-6
3.03E-6
3.017E-6
1.754E-6
3.237E-6
4.069E-6
2.155E-6
1.55E-6
4.658E-6
3.939E-6
2.095E-6
1.991E-6
1.466E-6
1.834E-6
2.205E-6
4.193E-6
2.496E-6
3.771E-6
1.346E-6
1.547E-6
3.141E-6
2.68E-6
3.695E-6
1.861E-6
1.253E-6
2.288E-6
1.236E-6
2.546E-6
4.013E-6
1.921E-6
4.51E-6
2.422E-6
1.991E-6
2.63E-6
1.306E-6
1.857E-6
2.904E-6
3.659E-6
5.125E-6
1.964E-6
1.721E-6
4.497E-6
1.961E-6
1.784E-6
2.7E-6
2.559E-6
2.191E-6
3.702E-6
2.91E-6
1.541E-6
2.142E-6
1.724E-6
1.918E-6
3.986E-6
1.841E-6
1.927E-6
4.263E-6
1.968E-6
1.934E-6
2.365E-6
1.858E-6
2.432E-6
2.349E-6
2.168E-6
5.676E-6
2.609E-6
2.004E-6
2.185E-6
3.521E-6
3.257E-6
1.42E-6
1.363E-6
2.398E-6
1.196E-6
2.302E-6
4.964E-6
1.858E-6
2.164E-6
2.438E-6
3.789E-6
2.438E-6
2.432E-6
1.911E-6
3.091E-6
4.404E-6
1.944E-6
2.752E-6
3.712E-6
1.968E-6
2.112E-6
1.436E-6
2.289E-6
2.018E-6
5.86E-6
4.835E-6
1.544E-6
3.468E-6
1.687E-6
2.784E-6
1.446E-6
1.366E-6
1.808E-6
3.859E-6
2.038E-6
3.137E-6
3.324E-6
2.318E-6
1.383E-6
2.479E-6
1.006E-6
1.313E-6
3.592E-6
4.32E-6
1.276E-6
2.008E-6
2.005E-6
1.895E-6
3.665E-6
1.447E-6
2.205E-6
1.433E-6
1.757E-6
2.566E-6
3.117E-6
4.032E-6
2.269E-6
1.727E-6
1.878E-6
1.928E-6
1.68E-6
2.7E-6
1.21E-6
5.385E-6
1.439E-6
3.885E-6
3.214E-6
1.249E-6
1.256E-6
2.89E-6
1.123E-6
2.209E-6
1.27E-6
2.773E-6
1.56E-6
1.895E-6
1.837E-6
2.763E-6
1.55E-6
1.731E-6
3.151E-6
3.427E-6
1.002E-6
1.861E-6
3.044E-6
1.273E-6
2.977E-6
9.96E-7
1.414E-6
1.72E-6
3.795E-6
1.904E-6
3.103E-6
1.243E-6
1.978E-6
2.308E-6
1.587E-6
1.778E-6
1.523E-6
2.542E-6
1.129E-6
1.423E-6
3.691E-6
2.054E-6
2.476E-6
3.07E-6
1.19E-6
1.34E-6
2.299E-6
6.93E-6
9.99E-7
1.778E-6
2.021E-6
1.827E-6
1.179E-6
1.697E-6
1.731E-6
2.787E-6
1.363E-6
1.416E-6
2.509E-6
1.55E-6
4.764E-6
2.636E-6
1.727E-6
2.736E-6
2.565E-6
3.886E-6
7.427E-6
1.119E-6
2.746E-6
3.244E-6
1.517E-6
2.332E-6
3.351E-6
2.051E-6
1.714E-6
2.88E-6
1.002E-6
1.233E-6
2.373E-6
1.463E-6
3.588E-6
2.061E-6
2.91E-6
1.023E-6
3.916E-6
2.763E-6
2.175E-6
2.219E-6
1.115E-6
1.209E-6
2.108E-6
1.861E-6
1.19E-6
1.623E-6
2.49E-6
3.982E-6
3.454E-6
1.04E-6
1.882E-6
1.581E-6
1.928E-6
4.166E-6
4.277E-6
3.836E-6
4.184E-6
1.15E-6
1.3E-6
2.466E-6
1.63E-6
3.094E-6
1.657E-6
2.132E-6
2.73E-6
1.463E-6
1.955E-6
3.866E-6
1.938E-6
2.993E-6
1.156E-6
1.563E-6
5.031E-6
1.897E-6
1.791E-6
1.477E-6
2.987E-6
1.624E-6
1.788E-6
3.401E-6
3.812E-6
1.517E-6
1.914E-6
1.303E-6
1.674E-6
3.077E-6
2.546E-6
1.704E-6
2.062E-6
1.016E-6
1.667E-6
2.76E-6
1.022E-6
1.336E-6
1.657E-6
1.086E-6
1.433E-6
2.231E-6
1.984E-6
1.273E-6
2.288E-6
2.709E-6
9.19E-7
4.393E-6
1.353E-6
2.642E-6
3.465E-6
1.887E-6
9.12E-7
2.68E-6
1.944E-6
4.126E-6
1.366E-6
1.21E-6
2.543E-6
4.78E-6
3.371E-6
1.681E-6
2.054E-6
2.579E-6
2.793E-6
2.786E-6
2.275E-6
1.313E-6
3.01E-6
1.567E-6
1.36E-6
2.208E-6
1.54E-6
4.086E-6
4.934E-6
1.727E-6
1.45E-6
2.439E-6
1.113E-6
1.209E-6
1.661E-6
1.07E-6
1.397E-6
2.348E-6
1.837E-6
1.637E-6
9.95E-7
1.25E-6
8.496E-6
1.126E-6
2.349E-6
2.833E-6
1.727E-6
4.089E-6
1.082E-6
2.298E-6
2.743E-6
1.527E-6
1.543E-6
3.114E-6
1.508E-6
1.703E-6
3.588E-6
3.257E-6
1.083E-6
2.586E-6
2.018E-6
1.744E-6
1.206E-6
1.657E-6
2.212E-6
1.045E-6
2.436E-6
2.759E-6
2.088E-6
3.227E-6
1.37E-6
1.376E-6
2.376E-6
1.088E-6
2.118E-6
3.722E-6
1.951E-6
1.046E-6
1.236E-6
1.957E-6
3.304E-6
2.332E-6
9.19E-7
4.23E-6
2.619E-6
3.788E-6
1.43E-6
4.724E-6
2.339E-6
1.921E-6
1.433E-6
1.227E-6
1.714E-6
1.266E-6
1.874E-6
1.53E-6
3.317E-6
3.581E-6
2.532E-6
2.155E-6
4.387E-6
1.647E-6
1.664E-6
1.029E-6
1.543E-6
1.554E-6
3.04E-6
2.686E-6
5.539E-6
1.507E-6
4.494E-6
1.858E-6
4.747E-6
1.941E-6
2.402E-6
1.126E-6
2.803E-6
2.282E-6
1.808E-6
4.223E-6
1.4E-6
1.356E-6
4.26E-6
1.694E-6
2.609E-6
1.156E-6
1.918E-6
2.265E-6
1.467E-6
3.808E-6
1.551E-6
1.67E-6
1.884E-6
1.3E-6
1.537E-6
1.376E-6
2.262E-6
3.28E-6
2.062E-6
1.557E-6
3.829E-6
1.126E-6
1.787E-6
2.873E-6
1.384E-6
1.413E-6
3.655E-6
1.737E-6
4.56E-6
1.603E-6
1.5E-6
1.527E-6
1.077E-6
1.46E-6
2.075E-6
1.343E-6
1.641E-6
1.744E-6
1.857E-6
1.447E-6
2.208E-6
1.557E-6
1.036E-6
3.398E-6
4.199E-6
1.466E-6
1.196E-6
1.927E-6
1.506E-6
3.604E-6
4.187E-6
2.963E-6
1.316E-6
1.671E-6
1.349E-6
3.034E-6
1.394E-6
1.981E-6
2.114E-6
1.5E-6
1.681E-6
3.077E-6
1.76E-6
3.308E-6
3.524E-6
1.935E-6
3.522E-6
1.219E-6
2.015E-6
1.306E-6
1.451E-6
2.723E-6
3.514E-6
2.031E-6
4.844E-6
1.293E-6
4.363E-6
1.78E-6
1.082E-6
1.637E-6
3.324E-6
1.33E-6
2.238E-6
2.155E-6
2.455E-6
6.508E-6
5.151E-6
1.313E-6
3.134E-6
1.594E-6
1.486E-6
3.926E-6
3.505E-6
1.423E-6
2.673E-6
4.297E-6
4.072E-6
1.801E-6
3.571E-6
1.319E-6
1.744E-6
1.075E-6
2.252E-6
1.039E-6
3.785E-6
1.708E-6
3.0E-6
1.496E-6
2.359E-6
1.032E-6
1.981E-6
4.343E-6
1.206E-6
1.499E-6
2.182E-6
2.305E-6
2.602E-6
1.784E-6
1.978E-6
1.43E-6
1.454E-6
1.848E-6
1.216E-6
3.41E-6
1.12E-6
1.44E-6
4.561E-6
1.878E-6
1.528E-6
3.475E-6
1.962E-6
1.644E-6
1.914E-6
1.092E-6
2.352E-6
2.406E-6
3.117E-6
1.574E-6
1.063E-6
1.74E-6
1.978E-6
1.958E-6
1.203E-6
1.991E-6
2.269E-6
2.787E-6
1.801E-6
1.844E-6
1.31E-6
1.296E-6
2.121E-6
1.597E-6
1.52E-6
2.67E-6
1.598E-6
1.493E-6
2.6E-6
1.851E-6
4.273E-6
1.58E-6
4.156E-6
3.813E-6
1.41E-6
1.751E-6
2.656E-6
1.069E-6
1.266E-6
2.813E-6
9.89E-7
2.84E-6
1.457E-6
1.711E-6
9.89E-7
1.58E-6
3.422E-6
1.262E-6
1.523E-6
2.92E-6
1.728E-6
1.999E-6
1.534E-6
2.807E-6
1.058E-6
1.871E-6
1.954E-6
1.42E-6
2.99E-6
4.113E-6
4.507E-6
1.65E-6
1.577E-6
4.718E-6
1.861E-6
3.815E-6
1.085E-6
1.514E-6
2.686E-6
3.417E-6
2.309E-6
4.203E-6
1.713E-6
1.804E-6
1.864E-6
2.122E-6
1.637E-6
1.446E-6
2.142E-6
1.543E-6
2.623E-6
3.491E-6
2.252E-6
1.015E-6
6.808E-6
2.686E-6
1.54E-6
1.57E-6
1.577E-6
2.753E-6
1.664E-6
2.806E-6
1.316E-6
1.897E-6
1.613E-6
1.684E-6
3.705E-6
2.255E-6
1.747E-6
2.832E-6
1.964E-6
2.205E-6
3.829E-6
1.434E-6
2.343E-6
1.329E-6
2.469E-6
2.299E-6
2.279E-6
1.594E-6
2.368E-6
1.163E-6
1.44E-6
2.128E-6
2.418E-6
3.552E-6
3.07E-6
2.335E-6
4.55E-6
2.195E-6
4.433E-6
1.664E-6
1.734E-6
1.32E-6
3.294E-6
3.641E-6
1.571E-6
1.42E-6
1.781E-6
2.57E-6
2.836E-6
1.384E-6
3.094E-6
2.392E-6
1.43E-6
1.4E-6
2.73E-6
1.36E-6
1.606E-6
1.657E-6
1.356E-6
2.406E-6
1.453E-6
2.646E-6
1.296E-6
3.224E-6
2.112E-6
1.126E-6
1.61E-6
1.497E-6
1.299E-6
2.038E-6
1.072E-6
2.475E-6
5.502E-6
2.857E-6
1.363E-6
2.269E-6
2.443E-6
1.103E-6
1.57E-6
3.037E-6
1.003E-6
1.413E-6
1.894E-6
1.296E-6
3.238E-6
2.479E-6
2.038E-6
3.939E-6
1.32E-6
2.596E-6
2.82E-6
4.801E-6
1.758E-6
3.465E-6
1.403E-6
2.7E-6
1.501E-6
3.017E-6
2.058E-6
1.855E-6
2.152E-6
2.092E-6
2.86E-6
2.238E-6
1.066E-6
3.418E-6
2.319E-6
1.838E-6
1.817E-6
3.732E-6
2.363E-6
1.587E-6
2.041E-6
1.864E-6
3.241E-6
1.546E-6
2.285E-6
1.393E-6
3.077E-6
1.764E-6
3.675E-6
1.53E-6
3.685E-6
2.382E-6
3.077E-6
1.874E-6
2.933E-6
2.048E-6
1.466E-6
2.657E-6
3.388E-6
1.317E-6
2.272E-6
1.32E-6
1.6E-6
1.403E-6
2.686E-6
2.582E-6
1.494E-6
2.368E-6
1.313E-6
2.723E-6
5.019E-6
2.425E-6
1.373E-6
2.569E-6
1.083E-6
1.436E-6
2.075E-6
1.547E-6
2.058E-6
1.102E-6
2.175E-6
1.387E-6
1.651E-6
1.854E-6
1.647E-6
1.771E-6
2.76E-6
1.38E-6
3.026E-6
2.526E-6
2.182E-6
2.048E-6
1.701E-6
1.934E-6
5.199E-6
1.921E-6
1.363E-6
1.406E-6
2.439E-6
1.49E-6
1.443E-6
4.169E-6
1.71E-6
1.143E-6
1.443E-6
2.589E-6
1.738E-6
1.834E-6
1.055E-6
1.825E-6
3.22E-6
2.743E-6
1.567E-6
1.369E-6
1.974E-6
4.43E-6
1.243E-6
2.188E-6
2.168E-6
5.098E-6
1.644E-6
3.144E-6
1.37E-6
1.323E-6
5.844E-6
1.564E-6
2.031E-6
1.417E-6
1.617E-6
2.419E-6
1.028E-6
1.397E-6
2.185E-6
1.406E-6
2.195E-6
1.817E-6
3.235E-6
2.188E-6
1.57E-6
1.567E-6
2.662E-6
1.519E-6
2.826E-6
1.644E-6
1.296E-6
2.792E-6
3.628E-6
3.892E-6
3.532E-6
1.537E-6
1.55E-6
2.956E-6
1.397E-6
1.992E-6
1.527E-6
1.895E-6
2.599E-6
3.892E-6
1.64E-6
1.988E-6
1.049E-6
1.968E-6
1.47E-6
2.292E-6
2.065E-6
1.176E-6
1.847E-6
1.804E-6
1.196E-6
3.204E-6
1.497E-6
1.479E-6
2.222E-6
1.056E-6
1.289E-6
3.515E-6
3.484E-6
3.04E-6
1.5E-6
2.436E-6
1.106E-6
2.189E-6
2.395E-6
1.944E-6
1.861E-6
1.206E-6
3.702E-6
1.329E-6
3.184E-6
1.07E-6
1.317E-6
3.776E-6
1.704E-6
1.984E-6
1.049E-6
5.115E-6
2.482E-6
1.5E-6
3.338E-6
3.217E-6
4.26E-6
2.002E-6
3.164E-6
1.66E-6
3.097E-6
1.34E-6
2.366E-6
1.075E-6
1.553E-6
1.845E-6
1.276E-6
2.529E-6
1.296E-6
1.567E-6
1.493E-6
2.749E-6
1.059E-6
1.965E-6
1.426E-6
2.279E-6
2.934E-6
2.967E-6
9.99E-7
1.51E-6
2.766E-6
3.943E-6
1.808E-6
1.697E-6
3.451E-6
1.974E-6
2.703E-6
2.386E-6
2.292E-6
2.215E-6
4.31E-6
1.874E-6
1.232E-6
2.573E-6
1.47E-6
2.355E-6
1.55E-6
1.621E-6
2.172E-6
3.902E-6
1.129E-6
1.423E-6
1.476E-6
2.015E-6
1.901E-6
1.951E-6
3.595E-6
1.049E-6
2.419E-6
2.807E-6
2.649E-6
1.42E-6
3.04E-6
1.527E-6
2.783E-6
2.997E-6
1.934E-6
1.617E-6
2.826E-6
2.209E-6
3.351E-6
1.841E-6
1.36E-6
2.069E-6
3.481E-6
1.403E-6
2.389E-6
1.333E-6
1.35E-6
2.218E-6
1.126E-6
2.749E-6
2.71E-6
1.597E-6
2.65E-6
1.476E-6
2.823E-6
1.005E-6
1.594E-6
1.741E-6
1.578E-6
2.182E-6
1.146E-6
3.702E-6
1.377E-6
1.57E-6
1.383E-6
2.312E-6
4.574E-6
2.626E-6
1.306E-6
1.497E-6
2.659E-6
1.513E-6
2.372E-6
3.301E-6
3.973E-6
2.131E-6
1.476E-6
3.464E-6
2.867E-6
9.69E-7
3.839E-6
1.727E-6
2.466E-6
2.305E-6
1.203E-6
2.175E-6
1.045E-6
2.499E-6
1.464E-6
2.051E-6
3.763E-6
2.823E-6
1.052E-6
1.423E-6
3.771E-6
1.744E-6
1.466E-6
3.425E-6
1.136E-6
1.928E-6
3.06E-6
1.737E-6
2.068E-6
2.375E-6
1.413E-6
3.395E-6
3.217E-6
1.466E-6
2.121E-6
3.378E-6
1.506E-6
2.71E-6
2.054E-6
2.128E-6
1.229E-6
2.308E-6
2.372E-6
1.346E-6
2.957E-6
2.416E-6
1.66E-6
3.501E-6
1.16E-6
3.431E-6
9.89E-7
2.839E-6
1.617E-6
1.835E-6
2.256E-6
1.22E-6
2.416E-6
1.086E-6
2.322E-6
1.838E-6
2.997E-6
1.591E-6
2.883E-6
1.307E-6
1.847E-6
2.212E-6
1.252E-6
2.008E-6
1.273E-6
1.433E-6
2.92E-6
1.513E-6
1.457E-6
1.731E-6
1.948E-6
1.233E-6
2.639E-6
1.38E-6
3.875E-6
2.402E-6
1.33E-6
2.523E-6
4.451E-6
1.774E-6
2.278E-6
1.29E-6
2.827E-6
4.307E-6
1.564E-6
1.854E-6
1.643E-6
1.764E-6
2.108E-6
4.961E-6
2.562E-6
2.369E-6
2.015E-6
1.473E-6
2.305E-6
1.771E-6
2.031E-6
2.656E-6
1.36E-6
1.647E-6
1.346E-6
1.972E-6
1.513E-6
3.781E-6
2.031E-6
1.042E-6
1.403E-6
3.308E-6
1.163E-6
1.394E-6
2.135E-6
1.403E-6
2.155E-6
1.62E-6
3.074E-6
1.571E-6
2.226E-6
3.257E-6
1.75E-6
3.271E-6
3.571E-6
1.5E-6
5.523E-6
1.497E-6
1.854E-6
1.55E-6
1.584E-6
1.012E-6
1.349E-6
1.757E-6
9.29E-7
3.124E-6
1.346E-6
1.467E-6
2.382E-6
1.56E-6
3.007E-6
