2.9667E-5
1.8788E-5
1.0804E-5
2.914E-6
1.1989E-5
1.1235E-5
1.0765E-5
2.675E-6
7.845E-6
1.0064E-5
9.048E-6
9.386E-6
1.17E-5
2.4802E-5
9.436E-6
9.532E-6
7.885E-6
1.1466E-5
1.2139E-5
1.3899E-5
9.075E-6
6.973E-6
1.9395E-5
2.3136E-5
8.21E-6
7.045E-6
8.11E-6
2.255E-6
1.0114E-5
1.2348E-5
5.903E-6
9.17E-6
3.653E-6
8.658E-6
1.2173E-5
8.182E-6
6.614E-6
3.193E-6
7.573E-6
6.097E-6
5.905E-6
2.86E-6
3.0486E-5
2.563E-6
8.939E-6
7.306E-6
8.732E-6
1.5983E-5
8.966E-6
2.404E-5
2.392E-6
8.856E-6
1.3546E-5
1.1096E-5
9.31E-6
3.211E-6
7.026E-6
7.234E-6
3.414E-6
7.638E-6
8.802E-6
5.215E-6
1.121E-5
6.07E-6
8.634E-6
7.232E-6
4.408E-6
7.871E-6
3.142E-6
7.549E-6
3.028E-6
7.135E-6
7.9E-6
2.017E-6
3.45E-6
9.644E-6
3.758E-6
8.01E-6
3.013E-6
8.676E-6
4.033E-6
4.4362E-5
1.2773E-5
8.145E-6
7.297E-6
3.07E-6
8.863E-6
8.092E-6
2.197E-6
4.234E-6
7.502E-6
2.692E-6
1.4302E-5
1.6735E-5
3.93E-6
9.933E-6
7.089E-6
6.005E-6
1.861E-6
4.327E-6
7.144E-6
1.676E-6
8.52E-6
2.457E-6
6.632E-6
8.143E-6
2.773E-6
7.26E-6
8.287E-6
2.717E-6
6.964E-6
1.0115E-5
1.703E-6
2.199E-6
3.7666E-5
6.726E-6
1.6531E-5
1.5242E-5
7.224E-6
1.036E-6
8.89E-7
5.686E-6
4.744E-6
7.469E-6
1.269E-6
5.792E-6
5.971E-6
2.835E-6
1.511E-6
1.244E-6
5.907E-6
1.147E-6
5.905E-6
4.766E-6
9.64E-7
1.296E-6
1.7505E-5
2.148E-6
1.196E-6
1.204E-6
1.581E-6
2.6187E-5
3.717E-6
1.2345E-5
1.955E-6
1.0516E-5
2.38E-6
7.297E-6
5.884E-6
7.508E-6
6.081E-6
1.099E-5
6.208E-6
1.965E-5
2.188E-6
6.326E-6
1.32E-6
4.905E-6
3.1941E-5
8.149E-6
6.636E-6
1.288E-6
5.353E-6
1.118E-6
1.021E-6
6.183E-6
4.8E-6
1.333E-6
6.125E-6
4.988E-6
4.904E-6
1.387E-6
1.07E-6
1.214E-6
4.712E-6
1.282E-6
1.05E-6
5.031E-6
8.786E-6
1.387E-6
1.028E-6
7.553E-6
1.369E-6
6.871E-6
7.893E-6
1.323E-6
1.091E-6
4.986E-6
1.712E-6
1.731E-6
7.573E-6
1.267E-6
8.458E-6
5.843E-6
1.321E-6
1.269E-6
6.937E-6
1.056E-6
1.159E-6
1.253E-6
4.841E-6
5.482E-6
2.31E-6
1.2032E-5
5.292E-6
4.137E-6
1.106E-6
1.315E-6
5.345E-6
5.978E-6
1.249E-6
1.205E-6
4.224E-6
8.348E-6
1.01E-6
5.47E-6
6.932E-6
1.193E-6
1.24E-6
1.046E-6
5.497E-6
9.95E-7
1.028E-6
6.245E-6
3.575E-6
4.712E-6
6.676E-6
4.795E-6
1.523E-6
3.243E-6
4.886E-6
1.142E-6
7.939E-6
7.185E-6
1.087E-6
3.344E-6
5.425E-6
1.5847E-5
1.0564E-5
1.471E-6
6.925E-6
1.234E-6
6.342E-6
1.32E-6
6.867E-6
1.184E-6
6.624E-6
7.552E-6
4.393E-6
5.828E-6
1.159E-6
5.845E-6
1.476E-6
1.012E-6
1.41E-6
4.002E-6
1.2792E-5
1.942E-6
5.491E-6
5.766E-6
1.072E-6
3.953E-6
1.083E-6
3.893E-6
1.412E-6
4.928E-6
1.223E-6
4.977E-6
1.081E-6
4.543E-6
1.334E-6
3.795E-6
4.634E-6
4.995E-6
9.76E-7
1.179E-6
1.015E-6
4.373E-6
1.115E-6
3.61E-6
4.336E-6
4.583E-6
9.37E-7
7.877E-6
1.905E-6
1.453E-6
1.127E-6
1.062E-6
5.096E-6
4.489E-6
1.073E-6
4.414E-6
9.97E-7
4.997E-6
1.199E-6
1.076E-6
4.297E-6
1.38E-6
9.22E-7
5.728E-6
1.109E-6
4.679E-6
3.675E-6
1.125E-6
1.001E-6
4.476E-6
3.596E-6
1.179E-6
6.555E-6
5.283E-6
1.076E-6
4.477E-6
1.048E-6
4.507E-6
4.907E-6
1.039E-6
1.114E-6
1.092E-6
9.18E-7
1.322E-6
1.268E-6
1.177E-6
4.215E-6
4.594E-6
1.101E-6
4.773E-6
1.125E-6
5.495E-6
3.972E-6
1.139E-6
4.811E-6
1.097E-6
4.123E-6
4.303E-6
4.124E-6
1.137E-6
1.052E-6
1.269E-6
1.082E-6
4.829E-6
3.348E-6
2.099E-6
4.875E-6
1.063E-6
4.807E-6
1.075E-6
1.069E-6
1.105E-6
9.35E-7
1.05E-6
3.6722E-5
1.253E-6
5.721E-6
9.72E-7
1.4941E-5
1.4458E-5
1.149E-6
1.536E-6
4.104E-6
3.632E-6
1.093E-6
1.324E-6
3.975E-6
1.15E-6
3.656E-6
1.6716E-5
3.959E-6
1.265E-6
6.798E-6
1.809E-6
1.7249E-5
7.145E-6
6.121E-6
2.146E-6
1.74E-6
1.711E-6
5.682E-6
2.104E-6
5.305E-6
1.725E-6
1.715E-6
1.729E-6
1.6007E-5
5.75E-6
4.211E-6
1.285E-6
9.07E-7
1.0E-6
1.44E-6
6.564E-6
1.466E-6
9.94E-7
6.076E-6
3.872E-6
9.72E-7
1.448E-6
3.643E-6
9.31E-7
1.199E-6
1.235E-6
1.182E-6
1.1765E-5
9.63E-7
3.823E-6
3.429E-6
3.303E-6
7.79E-7
3.345E-6
6.86E-7
8.51E-7
3.484E-6
8.15E-7
8.68E-7
2.855E-6
1.052E-6
8.72E-7
4.176E-6
7.86E-7
3.582E-6
6.64E-7
1.9188E-5
9.57E-7
3.489E-6
3.488E-6
3.56E-6
8.85E-7
8.47E-7
3.525E-6
7.64E-7
1.008E-6
3.756E-6
8.15E-7
8.74E-7
8.0E-7
4.427E-6
7.28E-7
8.04E-7
3.398E-6
6.29E-7
1.294E-6
7.39E-7
7.68E-7
1.205E-6
3.388E-6
2.972E-6
3.126E-6
8.72E-7
8.78E-7
6.62E-7
3.3E-6
6.13E-7
1.316E-6
4.367E-6
3.155E-6
1.164E-6
1.168E-6
8.81E-7
1.075E-6
8.56E-7
5.89E-7
1.102E-6
1.169E-6
3.666E-6
1.022E-6
8.07E-7
3.48E-6
3.346E-6
3.252E-6
2.948E-6
1.3363E-5
5.503E-6
1.329E-6
5.857E-6
5.683E-6
4.4239E-5
5.927E-6
1.051E-6
5.362E-6
5.153E-6
1.511E-6
1.121E-6
5.672E-6
1.665E-6
5.466E-6
3.147E-6
1.252E-6
1.202E-6
1.281E-6
8.143E-6
7.636E-6
8.46E-7
5.628E-6
4.239E-6
4.662E-6
5.682E-6
5.089E-6
1.507E-6
8.01E-7
5.585E-6
1.174E-6
1.227E-6
8.25E-7
5.42E-6
9.6E-7
4.46E-6
4.391E-6
4.367E-6
1.292E-6
5.152E-6
1.06E-6
4.541E-6
1.02E-6
6.405E-6
5.37E-6
9.16E-7
8.27E-7
4.921E-6
1.496E-6
6.236E-6
1.149E-6
5.888E-6
5.363E-6
8.53E-7
5.414E-6
4.855E-6
7.62E-7
7.62E-7
5.132E-6
1.383E-6
1.322E-6
1.208E-6
9.06E-7
5.123E-6
5.385E-6
4.972E-6
9.34E-7
4.408E-6
5.289E-6
8.77E-7
4.556E-6
4.735E-6
4.8E-6
8.07E-7
4.223E-6
1.171E-6
1.25E-6
4.145E-6
9.49E-7
1.539E-6
1.06E-6
5.168E-6
9.94E-7
1.809E-6
1.092E-6
5.138E-6
4.197E-6
4.658E-6
1.09E-6
4.891E-6
1.318E-6
8.52E-7
6.58E-7
5.026E-6
9.72E-7
9.16E-7
4.974E-6
4.577E-6
1.151E-6
4.942E-6
1.017E-6
4.136E-6
1.024E-6
4.926E-6
4.856E-6
4.872E-6
8.08E-7
9.58E-7
4.891E-6
4.893E-6
4.74E-6
4.207E-6
7.97E-7
1.092E-6
5.486E-6
8.89E-7
4.778E-6
5.628E-6
4.245E-6
1.244E-6
4.967E-6
4.633E-6
1.161E-6
4.779E-6
7.32E-7
4.34E-6
6.52E-7
4.722E-6
1.304E-6
1.7068E-5
1.375E-6
5.537E-6
1.269E-6
5.142E-6
1.214E-6
1.688E-6
1.047E-6
8.73E-7
1.298E-6
4.852E-6
4.971E-6
4.965E-6
8.17E-7
1.077E-6
1.215E-6
1.504E-6
1.813E-6
1.545E-6
5.005E-6
8.87E-7
1.148E-6
8.94E-7
8.8E-7
4.828E-6
3.86E-6
9.57E-7
7.432E-6
1.014E-6
1.065E-6
5.396E-6
1.391E-6
7.606E-6
6.88E-7
9.17E-7
5.145E-6
1.283E-6
4.673E-6
1.132E-6
1.279E-6
1.589E-6
1.486E-6
2.574E-6
5.572E-6
4.893E-6
8.98E-7
4.896E-6
7.11E-7
8.72E-7
1.539E-6
4.731E-6
2.8466E-5
5.723E-6
9.51E-7
1.22E-6
7.52E-7
5.318E-6
1.336E-6
5.379E-6
1.1E-6
1.113E-6
4.722E-6
4.671E-6
7.24E-7
1.56E-6
1.163E-6
1.165E-6
1.097E-6
5.331E-6
1.465E-6
5.123E-6
1.198E-6
7.6E-7
1.172E-6
4.744E-6
1.098E-6
1.319E-6
1.401E-6
5.003E-6
4.331E-6
1.592E-6
4.388E-6
1.394E-6
4.319E-6
7.618E-6
4.904E-6
5.167E-6
9.31E-7
1.207E-6
1.409E-6
1.157E-6
7.55E-7
5.648E-6
8.18E-7
4.618E-6
9.48E-7
1.724E-6
1.019E-6
1.292E-6
9.2E-7
5.774E-6
9.98E-7
1.164E-6
1.322E-6
5.292E-6
1.365E-6
1.2E-6
4.889E-6
7.36E-7
9.22E-7
4.784E-6
1.657E-6
9.67E-7
4.637E-6
4.516E-6
1.328E-6
4.454E-6
1.054E-6
1.602E-6
8.0E-7
1.218E-6
9.82E-7
1.0E-6
9.72E-7
1.283E-6
6.3E-7
8.56E-7
5.779E-6
4.553E-6
4.781E-6
1.314E-6
4.303E-6
4.691E-6
9.51E-7
1.185E-6
1.203E-6
5.425E-6
1.129E-6
1.39E-6
8.31E-7
9.45E-7
5.097E-6
9.77E-7
4.877E-6
9.24E-7
4.952E-6
4.96E-6
1.284E-6
1.005E-6
5.123E-6
8.45E-7
4.272E-6
1.526E-6
7.62E-7
1.573E-6
3.611E-6
1.059E-6
1.353E-6
5.093E-6
1.279E-6
1.278E-6
1.083E-6
4.966E-6
9.45E-7
1.607E-6
3.647E-6
4.596E-6
4.68E-6
1.1E-6
7.31E-7
2.371E-6
1.688E-6
1.85E-6
1.254E-6
8.93E-7
8.35E-7
6.126E-6
4.861E-6
7.37E-7
4.454E-6
9.39E-7
6.902E-6
5.114E-6
4.735E-6
5.458E-6
4.907E-6
5.026E-6
6.84E-7
5.039E-6
1.21E-6
1.375E-6
9.85E-7
1.451E-6
1.9393E-5
1.0692E-5
1.1595E-5
1.143E-6
1.0559E-5
1.488E-6
6.83E-7
1.769E-6
1.762E-6
1.1616E-5
2.074E-6
1.154E-6
1.466E-6
1.534E-6
1.02E-6
9.38E-7
2.276E-6
1.312E-6
1.75E-6
7.33E-7
1.019E-6
1.178E-6
2.497E-6
1.707E-6
1.118E-6
1.608E-6
1.026E-6
1.876E-6
1.074E-6
1.974E-6
1.253E-6
1.461E-6
1.343E-6
8.65E-7
2.573E-6
8.39E-7
7.46E-7
1.586E-6
5.56E-7
2.225E-6
7.88E-7
1.407E-6
2.273E-6
2.107E-6
1.429E-6
1.053E-6
1.786E-6
1.359E-6
1.526E-6
1.353E-6
1.456E-6
1.366E-6
1.532E-6
9.69E-7
1.457E-6
6.5E-7
1.237E-6
1.06E-6
2.278E-6
1.127E-6
1.057E-6
1.953E-6
3.064E-6
1.197E-6
7.96E-7
2.428E-6
2.077E-6
1.274E-6
1.184E-6
9.19E-7
8.99E-7
7.64E-7
2.177E-6
1.037E-6
1.16E-6
1.319E-6
1.758E-6
1.085E-6
1.925E-6
6.03E-7
7.86E-7
2.239E-6
9.83E-7
1.057E-6
1.465E-6
1.442E-6
2.17E-6
1.043E-6
1.229E-6
1.936E-6
6.96E-7
7.31E-7
1.102E-6
9.75E-7
7.26E-7
2.074E-6
1.647E-6
9.11E-7
1.87E-6
1.081E-6
1.304E-6
1.923E-6
1.12E-6
9.7E-7
8.4E-7
9.7E-7
1.683E-6
1.867E-6
8.48E-7
1.984E-6
6.58E-7
2.038E-6
6.7E-7
5.43E-7
1.343E-6
1.6722E-5
1.212E-6
1.982E-6
1.094E-6
1.14E-6
2.228E-6
7.84E-7
9.48E-7
1.85E-6
1.493E-6
1.218E-6
9.54E-7
9.63E-7
1.382E-6
2.084E-6
7.06E-7
7.82E-7
1.863E-6
1.132E-6
1.519E-6
1.125E-6
6.51E-7
6.46E-7
7.29E-7
1.127E-6
2.802E-6
1.754E-6
1.09E-6
1.842E-6
9.04E-7
1.588E-6
6.21E-7
8.91E-7
9.64E-7
2.003E-6
1.509E-6
2.402E-6
9.94E-7
1.893E-6
1.084E-6
1.048E-6
2.271E-6
2.142E-6
5.8E-7
1.589E-6
1.367E-6
1.048E-6
1.789E-6
1.324E-6
1.35E-6
1.583E-6
1.849E-6
1.674E-6
1.067E-6
2.397E-6
9.62E-7
1.753E-6
1.615E-6
2.194E-6
1.292E-6
1.377E-6
1.123E-6
1.123E-6
5.58E-7
1.417E-6
7.48E-7
1.905E-6
1.581E-6
6.97E-7
1.991E-6
1.617E-6
1.212E-6
1.206E-6
1.386E-6
1.39E-6
5.83E-7
1.657E-6
6.01E-7
1.97E-6
8.84E-7
1.6E-6
1.277E-6
8.67E-7
9.5E-7
5.8E-7
1.003E-6
2.137E-6
7.3E-7
1.006E-6
1.195E-6
1.079E-6
1.019E-6
1.033E-6
1.154E-6
2.292E-6
1.12E-6
1.376E-6
9.76E-7
1.682E-6
7.68E-7
1.79E-6
7.29E-7
8.24E-7
1.463E-6
2.112E-6
1.216E-6
9.11E-7
1.501E-6
6.71E-7
1.431E-6
9.23E-7
1.205E-6
1.305E-6
7.5E-7
8.84E-7
1.043E-6
9.2E-7
