5.975E-6
2.139E-6
9.94E-7
1.145E-6
1.493E-6
1.516E-6
1.391E-6
7.88E-7
1.098E-6
1.181E-6
1.124E-6
1.174E-6
1.138E-6
1.367E-6
1.098E-6
1.32E-6
9.44E-7
1.429E-6
5.63E-7
1.362E-6
1.209E-6
1.057E-6
1.204E-6
1.134E-6
1.124E-6
1.011E-6
1.187E-6
7.49E-7
1.521E-6
1.087E-6
9.03E-7
1.436E-6
4.94E-7
1.367E-6
1.607E-6
1.091E-6
9.87E-7
6.74E-7
1.264E-6
8.18E-7
8.26E-7
6.24E-7
1.326E-6
5.87E-7
1.243E-6
9.77E-7
1.185E-6
1.758E-6
9.29E-7
1.129E-6
5.58E-7
1.233E-6
6.95E-7
1.325E-6
1.483E-6
7.96E-7
1.023E-6
1.006E-6
7.69E-7
1.328E-6
1.009E-6
8.83E-7
1.415E-6
1.004E-6
1.43E-6
1.115E-6
8.96E-7
1.21E-6
6.73E-7
1.093E-6
6.91E-7
1.415E-6
1.372E-6
4.37E-7
6.72E-7
1.637E-6
8.26E-7
1.306E-6
2.363E-6
1.43E-6
8.49E-7
1.048E-6
9.07E-7
1.328E-6
1.093E-6
2.599E-6
9.21E-7
1.17E-6
5.65E-7
9.54E-7
1.193E-6
6.63E-7
1.012E-6
9.64E-7
5.59E-7
1.368E-6
1.128E-6
9.83E-7
4.64E-7
6.7E-7
1.102E-6
5.0E-7
1.092E-6
6.11E-7
1.123E-6
1.323E-6
7.11E-7
1.262E-6
1.582E-6
6.54E-7
1.221E-6
1.529E-6
4.27E-7
5.9E-7
1.616E-6
1.442E-6
1.387E-6
7.54E-7
1.489E-6
5.52E-7
6.84E-7
1.36E-6
1.225E-6
1.479E-6
7.56E-7
1.215E-6
1.175E-6
6.28E-7
8.75E-7
8.25E-7
1.46E-6
5.06E-7
1.339E-6
7.74E-7
4.07E-7
7.38E-7
1.177E-6
1.051E-6
6.34E-7
9.02E-7
1.386E-6
7.99E-7
1.024E-6
1.388E-6
5.96E-7
1.121E-6
8.66E-7
1.567E-6
2.921E-6
1.831E-6
1.4E-6
2.605E-6
1.137E-6
9.85E-7
8.12E-7
1.051E-6
8.5E-7
1.111E-6
1.372E-6
1.149E-6
1.336E-6
6.52E-7
1.191E-6
5.4E-7
6.58E-7
1.37E-6
1.336E-6
6.67E-7
1.258E-6
1.013E-6
1.199E-6
8.45E-7
5.32E-7
7.62E-7
1.513E-6
9.21E-7
6.05E-7
1.309E-6
1.617E-6
7.54E-7
5.37E-7
1.18E-6
7.0E-7
1.31E-6
1.38E-6
1.032E-6
6.46E-7
1.032E-6
1.019E-6
6.6E-7
1.43E-6
8.32E-7
1.539E-6
1.336E-6
6.94E-7
1.001E-6
1.579E-6
4.65E-7
6.07E-7
1.849E-6
1.048E-6
1.112E-6
6.11E-7
1.264E-6
9.09E-7
9.13E-7
5.22E-7
7.99E-7
9.98E-7
1.177E-6
7.83E-7
7.86E-7
8.65E-7
1.441E-6
5.13E-7
1.211E-6
1.27E-6
7.29E-7
1.289E-6
5.89E-7
1.133E-6
5.53E-7
5.62E-7
1.422E-6
6.43E-7
1.13E-6
1.568E-6
2.922E-6
1.048E-6
6.42E-7
1.138E-6
7.41E-7
1.791E-6
1.462E-6
5.23E-7
6.38E-7
1.089E-6
1.065E-6
1.282E-6
6.91E-7
1.506E-6
7.85E-7
1.287E-6
8.94E-7
1.326E-6
6.16E-7
1.378E-6
1.395E-6
1.261E-6
1.232E-6
7.02E-7
1.458E-6
6.69E-7
5.16E-7
5.08E-7
7.8E-7
2.526E-6
9.49E-7
1.057E-6
1.596E-6
5.57E-7
9.0E-7
5.72E-7
1.043E-6
8.59E-7
1.295E-6
1.047E-6
1.33E-6
7.36E-7
1.189E-6
8.05E-7
9.36E-7
1.362E-6
1.49E-6
4.85E-7
1.041E-6
6.39E-7
1.229E-6
6.8E-7
1.033E-6
1.281E-6
1.335E-6
5.14E-7
1.57E-6
9.08E-7
8.18E-7
7.23E-7
6.91E-7
1.155E-6
1.182E-6
7.09E-7
1.029E-6
4.46E-7
1.471E-6
7.31E-7
6.48E-7
1.056E-6
1.249E-6
4.61E-7
1.761E-6
6.1E-7
1.574E-6
9.44E-7
7.22E-7
5.72E-7
1.332E-6
6.62E-7
7.54E-7
1.484E-6
1.857E-6
5.89E-7
1.345E-6
7.15E-7
1.385E-6
1.452E-6
6.8E-7
7.08E-7
7.39E-7
6.15E-7
9.09E-7
8.94E-7
7.92E-7
1.378E-6
2.587E-6
8.23E-7
1.374E-6
7.58E-7
1.189E-6
1.227E-6
7.57E-7
1.446E-6
7.53E-7
1.178E-6
1.348E-6
1.61E-6
8.92E-7
6.87E-7
8.99E-7
6.64E-7
1.273E-6
8.07E-7
5.52E-7
1.409E-6
7.01E-7
1.123E-6
6.64E-7
6.26E-7
7.13E-7
4.81E-7
6.51E-7
1.206E-6
7.37E-7
1.422E-6
5.22E-7
1.674E-6
1.673E-6
6.98E-7
1.133E-6
1.534E-6
1.424E-6
6.26E-7
8.08E-7
1.669E-6
7.33E-7
1.289E-6
1.166E-6
1.304E-6
7.28E-7
1.245E-6
5.26E-7
8.48E-7
1.599E-6
1.279E-6
7.51E-7
8.79E-7
4.96E-7
1.412E-6
8.09E-7
1.396E-6
7.67E-7
5.72E-7
7.07E-7
1.27E-6
7.69E-7
1.32E-6
7.69E-7
5.85E-7
8.9E-7
7.96E-7
1.477E-6
8.75E-7
6.96E-7
1.323E-6
3.586E-6
7.73E-7
1.113E-6
1.195E-6
7.08E-7
9.75E-7
7.39E-7
8.32E-7
1.161E-6
7.54E-7
1.365E-6
1.521E-6
7.97E-7
7.53E-7
1.124E-6
6.67E-7
8.35E-7
1.596E-6
9.29E-7
7.39E-7
6.04E-7
5.46E-7
6.86E-7
1.708E-6
7.47E-7
1.394E-6
5.27E-7
1.309E-6
8.35E-7
1.253E-6
1.227E-6
1.748E-6
9.62E-7
8.04E-7
1.148E-6
6.53E-7
7.91E-7
1.731E-6
1.918E-6
1.05E-6
7.54E-7
1.074E-6
6.95E-7
6.97E-7
1.373E-6
4.99E-7
1.167E-6
7.13E-7
7.24E-7
9.35E-7
1.191E-6
8.69E-7
1.151E-6
1.256E-6
7.81E-7
5.41E-7
1.178E-6
4.84E-7
1.111E-6
1.575E-6
1.116E-6
6.63E-7
7.36E-7
6.64E-7
9.11E-7
8.44E-7
4.65E-7
1.148E-6
8.35E-7
7.6E-7
8.5E-7
6.73E-7
1.225E-6
1.37E-6
1.255E-6
9.28E-7
1.026E-6
1.067E-6
7.24E-7
1.426E-6
1.262E-6
9.85E-7
1.468E-6
4.53E-7
1.054E-6
1.395E-6
1.004E-6
4.92E-7
1.246E-6
7.56E-7
1.116E-6
6.91E-7
8.14E-7
8.48E-7
1.015E-6
1.465E-6
1.308E-6
4.81E-7
1.293E-6
6.44E-7
1.199E-6
1.584E-6
1.22E-6
6.58E-7
4.94E-7
1.456E-6
5.25E-7
6.4E-7
6.61E-7
1.333E-6
6.78E-7
8.63E-7
1.101E-6
1.425E-6
7.5E-7
1.216E-6
7.83E-7
1.129E-6
7.56E-7
1.522E-6
1.709E-6
6.44E-7
5.15E-7
1.008E-6
8.16E-7
1.352E-6
7.11E-7
1.495E-6
1.582E-6
5.09E-7
1.467E-6
1.218E-6
5.63E-7
5.99E-7
1.231E-6
7.62E-7
1.077E-6
9.68E-7
8.43E-7
1.329E-6
1.205E-6
1.549E-6
6.37E-7
8.1E-7
1.515E-6
6.73E-7
1.115E-6
1.356E-6
1.215E-6
1.769E-6
8.98E-7
8.3E-7
8.27E-7
9.46E-7
6.55E-7
1.0E-6
8.83E-7
1.277E-6
6.36E-7
1.065E-6
8.4E-7
1.414E-6
5.87E-7
1.237E-6
8.23E-7
1.733E-6
8.45E-7
6.51E-7
4.86E-7
1.295E-6
7.59E-7
6.01E-7
1.322E-6
1.496E-6
1.045E-6
1.71E-6
8.02E-7
8.55E-7
7.24E-7
1.202E-6
1.37E-6
1.522E-6
4.73E-7
8.57E-7
1.383E-6
1.538E-6
1.562E-6
1.287E-6
5.91E-7
7.1E-7
1.599E-6
6.47E-7
1.138E-6
1.967E-6
7.87E-7
9.14E-7
1.301E-6
1.32E-6
1.056E-6
1.483E-6
5.68E-7
1.381E-6
5.6E-7
1.632E-6
9.57E-7
5.05E-7
9.23E-7
1.349E-6
1.005E-6
2.0E-6
8.65E-7
1.109E-6
7.59E-7
6.72E-7
8.27E-7
7.22E-7
1.238E-6
1.463E-6
4.76E-7
9.19E-7
8.83E-7
1.389E-6
1.38E-6
1.395E-6
1.475E-6
7.24E-7
1.027E-6
9.85E-7
8.49E-7
1.462E-6
7.3E-7
6.97E-7
1.748E-6
7.61E-7
9.3E-7
1.36E-6
9.34E-7
1.629E-6
4.66E-7
7.47E-7
1.612E-6
8.49E-7
1.113E-6
9.94E-7
1.102E-6
1.369E-6
1.344E-6
2.41E-6
1.972E-6
1.694E-6
6.6E-7
1.487E-6
1.774E-6
8.1E-7
1.086E-6
1.3E-6
8.55E-7
1.688E-6
7.26E-7
1.012E-6
5.78E-7
1.392E-6
8.04E-7
1.883E-6
8.07E-7
8.92E-7
1.188E-6
1.699E-6
4.81E-7
1.156E-6
1.182E-6
9.29E-7
7.34E-7
1.197E-6
9.6E-7
1.818E-6
8.58E-7
5.14E-7
1.295E-6
1.213E-6
8.49E-7
1.465E-6
1.137E-6
1.44E-6
9.15E-7
1.082E-6
1.198E-6
8.82E-7
9.3E-7
8.88E-7
1.556E-6
1.798E-6
5.79E-7
9.9E-7
1.07E-6
7.69E-7
5.32E-7
1.316E-6
5.73E-7
1.559E-6
7.63E-7
1.527E-6
7.12E-7
8.47E-7
8.83E-7
2.103E-6
7.79E-7
1.298E-6
1.101E-6
1.523E-6
1.278E-6
1.042E-6
1.618E-6
5.54E-7
7.19E-7
1.257E-6
1.277E-6
7.41E-7
1.329E-6
1.553E-6
1.0E-6
1.202E-6
7.59E-7
1.142E-6
4.96E-7
1.079E-6
8.14E-7
7.53E-7
7.45E-7
8.69E-7
4.53E-7
6.41E-7
1.808E-6
1.428E-6
1.311E-6
1.073E-6
8.29E-7
1.347E-6
6.92E-7
1.277E-6
9.85E-7
1.641E-6
8.4E-7
7.81E-7
6.02E-7
7.58E-7
1.36E-6
7.28E-7
5.128E-6
8.7E-7
1.142E-6
1.402E-6
1.119E-6
6.68E-7
1.577E-6
6.69E-7
7.84E-7
2.483E-6
5.92E-7
1.284E-6
1.386E-6
7.18E-7
1.275E-6
1.509E-6
9.74E-7
1.019E-6
8.8E-7
1.869E-6
6.82E-7
1.128E-6
6.77E-7
1.756E-6
1.623E-6
7.23E-7
5.57E-7
1.925E-6
1.271E-6
1.29E-6
1.288E-6
8.28E-7
7.63E-7
2.276E-6
1.691E-6
6.14E-7
1.282E-6
7.68E-7
1.844E-6
1.686E-6
1.121E-6
1.365E-6
1.156E-6
1.521E-6
5.35E-7
1.671E-6
1.076E-6
1.304E-6
6.21E-7
1.15E-6
1.86E-6
8.94E-7
1.295E-6
7.21E-7
1.533E-6
1.815E-6
5.16E-7
1.431E-6
1.65E-6
1.134E-6
1.622E-6
8.19E-7
9.15E-7
1.401E-6
7.61E-7
5.3E-7
1.655E-6
1.056E-6
1.217E-6
5.2E-7
7.32E-7
1.512E-6
1.97E-6
1.268E-6
7.98E-7
1.089E-6
1.014E-6
1.443E-6
7.4E-7
1.724E-6
8.43E-7
1.074E-6
1.091E-6
6.03E-7
2.314E-6
7.69E-7
5.41E-7
1.099E-6
4.2E-7
1.298E-6
7.4E-7
9.72E-7
2.041E-6
1.177E-6
9.6E-7
1.038E-6
1.175E-6
1.193E-6
1.088E-6
1.253E-6
1.22E-6
1.525E-6
1.264E-6
7.57E-7
1.268E-6
6.56E-7
1.071E-6
8.26E-7
2.42E-6
3.934E-6
8.17E-7
1.137E-6
4.66E-7
8.03E-7
4.82E-7
1.717E-6
1.788E-6
7.59E-7
9.17E-7
8.67E-7
7.9E-7
6.74E-7
2.129E-6
9.52E-7
9.81E-7
7.54E-7
1.251E-6
7.78E-7
1.178E-6
4.49E-7
6.45E-7
4.351E-6
9.56E-7
7.71E-7
9.5E-7
9.56E-7
1.444E-6
8.08E-7
9.96E-7
1.446E-6
4.95E-7
4.8E-7
9.52E-7
7.46E-7
5.48E-7
1.378E-6
1.231E-6
6.55E-7
1.204E-6
1.114E-6
9.36E-7
2.006E-6
9.21E-7
9.38E-7
1.107E-6
7.92E-7
1.981E-6
2.088E-6
6.8E-7
1.922E-6
5.5E-7
3.092E-6
4.81E-7
3.76E-7
1.007E-6
3.237E-6
8.07E-7
3.936E-6
1.64E-6
8.87E-7
2.0E-6
6.02E-7
9.24E-7
1.811E-6
2.231E-6
1.996E-6
1.001E-6
8.17E-7
1.271E-6
3.929E-6
1.364E-6
7.12E-7
1.916E-6
1.021E-6
3.034E-6
9.55E-7
6.77E-7
5.59E-7
9.47E-7
1.191E-6
1.725E-6
1.282E-6
8.68E-7
1.296E-6
6.75E-7
1.246E-6
4.86E-7
6.98E-7
9.65E-7
1.76E-6
8.05E-7
1.857E-6
7.97E-7
1.534E-6
1.04E-6
7.05E-7
1.984E-6
2.031E-6
5.2E-7
1.184E-6
1.224E-6
6.89E-7
1.998E-6
1.282E-6
1.434E-6
1.91E-6
1.921E-6
1.473E-6
6.04E-7
4.895E-6
9.82E-7
1.447E-6
1.581E-6
9.51E-7
1.163E-6
1.186E-6
8.11E-7
1.244E-6
4.88E-7
1.215E-6
7.11E-7
1.566E-6
4.189E-6
7.71E-7
1.816E-6
1.591E-6
1.42E-6
1.0E-6
1.408E-6
2.204E-6
9.06E-7
1.847E-6
8.67E-7
2.035E-6
9.44E-7
1.579E-6
1.187E-6
8.41E-7
8.69E-7
4.96E-7
1.24E-6
2.333E-6
5.45E-7
7.85E-7
1.137E-6
1.133E-6
1.031E-6
6.53E-7
8.95E-7
1.804E-6
9.02E-7
1.648E-6
6.6E-7
1.678E-6
7.69E-7
1.393E-6
7.41E-7
6.67E-7
1.207E-6
1.881E-6
8.63E-7
6.8E-7
1.347E-6
5.6E-7
1.569E-6
8.59E-7
1.168E-6
9.95E-7
7.89E-7
9.34E-7
1.339E-6
8.57E-7
6.95E-7
1.55E-6
1.667E-6
7.17E-7
1.819E-6
4.37E-7
1.635E-6
8.03E-7
6.37E-7
2.172E-6
9.94E-7
1.132E-6
1.063E-6
8.37E-7
1.485E-6
7.57E-7
7.39E-7
1.493E-6
6.53E-7
1.449E-6
1.855E-6
6.01E-7
1.573E-6
8.07E-7
1.392E-6
1.29E-6
6.36E-7
1.3E-6
1.372E-6
1.484E-6
5.36E-7
1.052E-6
1.829E-6
1.268E-6
5.28E-7
5.62E-7
1.568E-6
7.69E-7
7.08E-7
6.78E-7
1.623E-6
6.73E-7
6.81E-7
2.251E-6
6.05E-7
1.813E-6
1.523E-6
3.693E-6
1.154E-6
6.82E-7
1.356E-6
1.321E-6
1.072E-6
4.85E-7
5.99E-7
1.343E-6
1.159E-6
1.046E-6
6.78E-7
5.17E-7
7.24E-7
1.768E-6
9.28E-7
7.76E-7
6.09E-7
1.319E-6
1.295E-6
8.21E-7
8.56E-7
6.71E-7
8.27E-7
8.56E-7
1.171E-6
1.16E-6
1.702E-6
1.559E-6
4.02E-7
7.31E-7
1.354E-6
1.049E-6
8.25E-7
8.45E-7
1.562E-6
5.16E-7
1.047E-6
6.92E-7
2.803E-6
1.683E-6
7.2E-7
1.28E-6
2.06E-6
1.198E-6
1.537E-6
4.12E-7
9.0E-7
9.81E-7
1.276E-6
6.28E-7
1.032E-6
1.261E-6
1.084E-6
1.682E-6
7.49E-7
6.66E-7
1.541E-6
5.03E-7
8.09E-7
8.06E-7
2.478E-6
1.517E-6
6.74E-7
1.134E-6
1.507E-6
8.24E-7
1.781E-6
7.84E-7
7.24E-7
9.83E-7
4.66E-7
4.01E-7
1.464E-6
7.84E-7
1.429E-6
6.89E-7
8.5E-7
1.332E-6
5.95E-7
1.122E-6
1.556E-6
7.11E-7
4.24E-7
7.86E-7
8.65E-7
1.829E-6
8.33E-7
7.15E-7
4.62E-7
1.406E-6
9.05E-7
1.716E-6
7.05E-7
7.88E-7
7.3E-7
4.75E-7
8.24E-7
1.357E-6
1.223E-6
1.325E-6
6.17E-7
1.009E-6
4.96E-7
1.368E-6
2.863E-6
1.121E-6
5.93E-7
6.08E-7
7.86E-7
1.722E-6
8.43E-7
6.72E-7
1.217E-6
6.81E-7
6.57E-7
7.58E-7
1.184E-6
1.06E-6
1.183E-6
5.33E-7
1.088E-6
4.72E-7
5.66E-7
1.004E-6
9.91E-7
1.444E-6
1.013E-6
1.683E-6
5.6E-7
5.35E-7
1.927E-6
8.17E-7
7.58E-7
1.526E-6
1.624E-6
6.01E-7
7.59E-7
7.79E-7
6.12E-7
1.525E-6
9.22E-7
8.32E-7
2.095E-6
4.86E-7
5.65E-7
1.315E-6
8.98E-7
9.73E-7
5.82E-7
1.412E-6
1.087E-6
1.528E-6
1.281E-6
8.04E-7
8.23E-7
1.137E-6
1.713E-6
1.572E-6
4.39E-7
7.12E-7
7.52E-7
1.525E-6
7.67E-7
6.72E-7
7.87E-7
6.31E-7
1.554E-6
1.494E-6
1.933E-6
4.61E-7
1.733E-6
6.33E-7
9.03E-7
7.22E-7
1.562E-6
1.771E-6
1.487E-6
6.75E-7
1.408E-6
8.82E-7
2.153E-6
7.98E-7
1.588E-6
7.54E-7
1.484E-6
6.03E-7
1.253E-6
9.89E-7
8.45E-7
1.864E-6
5.22E-7
8.42E-7
7.06E-7
1.509E-6
8.43E-7
1.007E-6
4.39E-7
7.59E-7
1.281E-6
6.86E-7
2.295E-6
6.67E-7
7.94E-7
1.048E-6
8.43E-7
7.72E-7
1.96E-6
1.772E-6
7.02E-7
1.661E-6
8.24E-7
2.311E-6
8.04E-7
1.456E-6
1.554E-6
1.059E-6
1.23E-6
1.502E-6
2.693E-6
6.42E-7
1.562E-6
5.51E-7
1.844E-6
8.64E-7
7.58E-7
2.021E-6
1.176E-6
5.59E-7
1.319E-6
1.15E-6
1.885E-6
1.685E-6
7.38E-7
1.278E-6
7.11E-7
7.51E-7
1.317E-6
1.204E-6
7.11E-7
1.123E-6
5.49E-7
1.237E-6
1.155E-6
9.17E-7
1.454E-6
7.63E-7
9.13E-7
1.684E-6
4.28E-7
1.442E-6
7.19E-7
9.14E-7
6.16E-7
9.96E-7
1.544E-6
6.18E-7
1.864E-6
1.852E-6
1.466E-6
1.961E-6
1.289E-6
1.745E-6
7.99E-7
6.49E-7
1.501E-6
1.214E-6
9.24E-7
8.88E-7
8.43E-7
6.39E-7
6.4E-7
1.329E-6
1.646E-6
4.13E-7
6.45E-7
2.089E-6
7.24E-7
1.185E-6
6.88E-7
8.8E-7
6.89E-7
9.44E-7
8.85E-7
1.3E-6
2.36E-6
5.44E-7
1.697E-6
7.89E-7
6.9E-7
1.243E-6
1.837E-6
1.276E-6
7.24E-7
6.91E-7
1.563E-6
7.52E-7
1.03E-6
8.3E-7
1.144E-6
9.84E-7
6.88E-7
7.76E-7
1.855E-6
8.52E-7
7.66E-7
1.64E-6
5.09E-7
5.98E-7
2.883E-6
1.079E-6
7.78E-7
1.419E-6
1.173E-6
9.62E-7
1.107E-6
6.89E-7
7.97E-7
7.41E-7
1.283E-6
6.62E-7
1.383E-6
6.26E-7
1.221E-6
1.003E-6
7.49E-7
1.237E-6
1.286E-6
1.245E-6
1.495E-6
6.58E-7
1.58E-6
1.256E-6
8.11E-7
1.837E-6
1.118E-6
5.34E-7
6.4E-7
9.61E-7
1.4E-6
8.14E-7
1.565E-6
8.94E-7
1.175E-6
7.29E-7
1.375E-6
9.34E-7
2.201E-6
1.85E-6
7.29E-7
6.77E-7
1.449E-6
6.55E-7
8.34E-7
1.386E-6
7.95E-7
1.191E-6
1.135E-6
1.719E-6
8.73E-7
6.37E-7
9.96E-7
1.62E-6
7.8E-7
1.363E-6
1.413E-6
9.06E-7
1.247E-6
6.42E-7
7.71E-7
1.702E-6
5.36E-7
1.757E-6
7.04E-7
8.96E-7
1.379E-6
6.95E-7
5.69E-7
1.667E-6
1.197E-6
1.651E-6
7.5E-7
9.59E-7
1.816E-6
5.25E-7
6.11E-7
1.042E-6
7.18E-7
1.456E-6
5.86E-7
3.93E-7
7.93E-7
1.299E-6
6.83E-7
6.43E-7
1.317E-6
1.736E-6
6.37E-7
1.316E-6
5.11E-7
9.64E-7
8.24E-7
7.05E-7
1.616E-6
6.89E-7
1.621E-6
1.248E-6
6.13E-7
6.25E-7
7.8E-7
1.198E-6
4.37E-7
2.361E-6
1.765E-6
7.91E-7
1.35E-6
5.48E-7
8.42E-7
1.388E-6
7.08E-7
1.154E-6
9.55E-7
9.82E-7
6.81E-7
1.37E-6
4.89E-7
6.68E-7
6.5E-7
1.425E-6
7.4E-7
1.54E-6
1.029E-6
5.09E-7
6.52E-7
7.57E-7
6.84E-7
1.059E-6
5.42E-7
1.387E-6
7.79E-7
5.93E-7
5.79E-7
1.391E-6
1.066E-6
9.6E-7
9.38E-7
5.7E-7
6.51E-7
1.326E-6
5.41E-7
6.66E-7
9.79E-7
6.68E-7
3.187E-6
7.92E-7
1.6E-6
8.4E-7
7.03E-7
7.89E-7
6.9E-7
1.243E-6
8.56E-7
8.07E-7
9.42E-7
1.567E-6
4.15E-7
8.89E-7
7.06E-7
6.47E-7
6.97E-7
1.105E-6
1.582E-6
7.15E-7
1.618E-6
6.76E-7
9.61E-7
4.62E-7
5.76E-7
9.96E-7
8.42E-7
1.909E-6
6.41E-7
5.62E-7
8.11E-7
8.93E-7
5.85E-7
7.18E-7
1.672E-6
1.476E-6
7.53E-7
1.995E-6
7.17E-7
6.99E-7
7.82E-7
1.626E-6
1.005E-6
8.05E-7
9.42E-7
4.72E-7
4.97E-7
7.68E-7
7.92E-7
4.89E-7
5.02E-7
9.15E-7
7.9E-7
1.079E-6
2.539E-6
1.356E-6
1.286E-6
4.47E-7
1.144E-6
1.248E-6
1.065E-6
5.6E-7
1.326E-6
7.08E-7
1.193E-6
2.487E-6
1.277E-6
6.05E-7
8.26E-7
1.082E-6
9.45E-7
1.586E-6
1.097E-6
1.105E-6
1.225E-6
6.99E-7
1.167E-6
7.28E-7
1.164E-6
7.66E-7
7.79E-7
5.44E-7
1.291E-6
8.77E-7
9.36E-7
4.02E-7
1.09E-6
1.305E-6
7.78E-7
1.702E-6
4.37E-7
1.534E-6
1.094E-6
6.23E-7
1.17E-6
8.46E-7
6.82E-7
6.12E-7
4.15E-7
1.736E-6
6.39E-7
4.97E-7
1.097E-6
6.68E-7
8.84E-7
1.489E-6
1.089E-6
1.467E-6
2.171E-6
9.13E-7
9.63E-7
1.127E-6
1.862E-6
1.13E-6
9.96E-7
5.73E-7
1.202E-6
1.255E-6
1.328E-6
1.563E-6
7.58E-7
1.712E-6
7.62E-7
1.358E-6
7.36E-7
1.417E-6
8.32E-7
1.483E-6
6.74E-7
6.96E-7
9.2E-7
7.38E-7
5.36E-7
7.6E-7
1.59E-6
1.021E-6
6.6E-7
7.24E-7
1.483E-6
1.381E-6
1.456E-6
6.67E-7
6.03E-7
1.203E-6
5.58E-7
1.001E-6
1.471E-6
6.87E-7
4.083E-6
6.9E-7
6.19E-7
1.111E-6
6.73E-7
9.63E-7
1.071E-6
7.55E-7
7.57E-7
8.41E-7
1.002E-6
1.426E-6
1.684E-6
7.01E-7
6.7E-7
4.9E-7
6.49E-7
1.195E-6
6.81E-7
1.287E-6
9.73E-7
8.45E-7
1.013E-6
5.09E-7
6.29E-7
9.46E-7
7.32E-7
6.81E-7
1.302E-6
9.85E-7
8.06E-7
1.003E-6
9.56E-7
7.99E-7
6.34E-7
6.35E-7
8.08E-7
7.88E-7
1.741E-6
7.87E-7
1.586E-6
7.43E-7
5.673E-6
1.173E-6
1.435E-6
8.19E-7
1.034E-6
1.534E-6
5.23E-7
1.138E-6
1.574E-6
9.05E-7
2.29E-6
8.62E-7
7.98E-7
2.002E-6
1.044E-6
7.82E-7
1.442E-6
2.039E-6
9.25E-7
8.09E-7
1.628E-6
8.76E-7
1.742E-6
6.76E-7
6.64E-7
1.046E-6
1.3E-6
6.43E-7
6.22E-7
1.593E-6
1.182E-6
1.569E-6
5.13E-7
1.691E-6
5.34E-7
1.205E-6
1.618E-6
1.032E-6
2.258E-6
7.29E-7
7.17E-7
8.77E-7
1.157E-6
5.2E-7
8.92E-7
1.258E-6
1.877E-6
8.31E-7
7.19E-7
1.146E-6
6.61E-7
2.038E-6
6.97E-7
9.49E-7
5.17E-7
5.79E-7
8.3E-7
2.012E-6
1.732E-6
1.703E-6
6.21E-7
1.186E-6
8.87E-7
7.73E-7
1.394E-6
1.161E-6
1.308E-6
4.21E-7
9.71E-7
3.071E-6
5.07E-7
9.55E-7
1.684E-6
6.42E-7
8.92E-7
7.07E-7
1.714E-6
9.39E-7
8.36E-7
2.857E-6
1.695E-6
7.51E-7
9.22E-7
1.01E-6
6.52E-7
1.253E-6
1.804E-6
1.237E-6
8.18E-7
1.155E-6
1.706E-6
5.94E-7
1.475E-6
7.02E-7
1.452E-6
8.71E-7
1.891E-6
8.54E-7
1.411E-6
9.52E-7
1.329E-6
1.468E-6
1.268E-6
8.37E-7
1.31E-6
4.3E-7
1.466E-6
5.8E-7
7.78E-7
1.016E-6
8.16E-7
1.883E-6
7.57E-7
1.082E-6
1.127E-6
6.84E-7
1.044E-6
1.811E-6
1.49E-6
9.3E-7
7.25E-7
1.012E-6
5.32E-7
8.49E-7
5.71E-7
2.274E-6
1.828E-6
6.95E-7
7.79E-7
1.786E-6
6.46E-7
8.08E-7
1.572E-6
5.47E-7
1.011E-6
1.405E-6
9.92E-7
1.096E-6
1.414E-6
1.835E-6
9.9E-7
7.07E-7
1.328E-6
6.08E-7
8.91E-7
1.384E-6
6.01E-7
2.051E-6
9.4E-7
1.258E-6
1.597E-6
1.129E-6
9.97E-7
1.9E-6
1.203E-6
8.44E-7
1.643E-6
8.04E-7
7.78E-7
1.185E-6
5.14E-7
1.008E-6
1.469E-6
1.085E-6
9.37E-7
8.53E-7
7.74E-7
2.827E-6
1.638E-6
1.205E-6
8.46E-7
1.147E-6
1.114E-6
1.481E-6
9.42E-7
8.57E-7
5.13E-7
1.384E-6
7.62E-7
1.143E-6
1.603E-6
4.61E-7
8.02E-7
1.01E-6
1.407E-6
8.48E-7
1.89E-6
6.46E-7
1.062E-6
1.436E-6
1.96E-6
1.184E-6
9.34E-7
1.135E-6
1.604E-6
1.521E-6
6.88E-7
6.88E-7
1.952E-6
7.49E-7
1.579E-6
5.33E-7
1.054E-6
1.138E-6
9.99E-7
1.256E-6
5.22E-7
1.373E-6
5.36E-7
1.482E-6
6.89E-7
1.59E-6
1.646E-6
7.69E-7
9.58E-7
1.282E-6
8.55E-7
6.8E-7
1.336E-6
5.85E-7
7.19E-7
1.001E-6
8.27E-7
4.85E-7
6.36E-7
1.561E-6
1.61E-6
5.2E-7
1.47E-6
1.084E-6
8.27E-7
1.184E-6
1.272E-6
1.376E-6
8.09E-7
1.356E-6
7.42E-7
2.198E-6
3.552E-6
6.61E-7
1.714E-6
1.021E-6
1.377E-6
1.108E-6
1.769E-6
1.606E-6
9.23E-7
2.035E-6
1.986E-6
1.524E-6
6.94E-7
1.382E-6
5.97E-7
2.005E-6
1.636E-6
5.71E-7
1.026E-6
8.62E-7
4.91E-7
8.1E-7
1.514E-6
1.118E-6
4.98E-7
7.51E-7
9.78E-7
1.472E-6
1.075E-6
1.053E-6
4.559E-6
1.395E-6
1.024E-6
6.57E-7
1.57E-6
1.456E-6
1.345E-6
6.89E-7
1.683E-6
6.67E-7
9.21E-7
1.781E-6
4.65E-7
1.169E-6
1.174E-6
8.07E-7
2.294E-6
8.65E-7
6.63E-7
1.645E-6
5.35E-7
1.278E-6
7.39E-7
1.546E-6
8.95E-7
1.519E-6
1.326E-6
5.67E-7
1.185E-6
1.152E-6
1.537E-6
5.2E-7
9.44E-7
1.118E-6
2.33E-6
6.53E-7
8.65E-7
1.41E-6
8.76E-7
1.145E-6
1.438E-6
1.011E-6
8.44E-7
7.79E-7
1.64E-6
6.67E-7
1.451E-6
5.26E-7
6.08E-7
7.11E-7
1.048E-6
6.98E-7
7.59E-7
5.15E-7
8.0E-7
1.463E-6
6.91E-7
1.888E-6
5.62E-7
1.099E-6
1.661E-6
8.78E-7
1.7E-6
8.1E-7
9.23E-7
1.377E-6
