2.106E-6
1.36E-6
1.009E-6
2.5536E-5
2.334E-6
6.542E-6
1.1136E-5
4.33E-7
2.88E-7
2.62E-7
4.423E-6
4.68E-7
3.3E-7
5.954E-6
1.384E-6
3.07E-7
3.01E-7
5.867E-6
6.111E-6
4.15E-7
4.656E-6
2.19E-7
2.487E-6
2.55E-7
4.41E-7
2.529E-6
2.44E-7
6.99E-7
5.703E-6
1.659E-6
3.01E-7
4.44E-7
4.51E-7
2.11E-7
2.36E-7
7.74E-7
2.2E-7
1.716E-6
1.409E-6
2.17E-7
2.84E-7
2.417E-6
2.33E-7
6.952E-6
2.35E-7
2.91E-7
4.63E-7
1.703E-6
3.94E-7
3.37E-7
2.22E-7
6.553E-6
2.23E-7
2.04E-7
5.684E-6
2.25E-7
5.548E-6
1.099E-6
2.89E-7
5.531E-6
2.19E-7
2.47E-7
2.241E-6
2.329E-6
2.3E-7
1.642E-6
1.39E-6
6.63E-7
2.58E-7
7.142E-6
6.689E-6
2.25E-7
8.068E-6
5.711E-6
2.67E-7
5.79E-7
5.629E-6
2.73E-7
2.13E-7
1.26E-6
5.377E-6
2.28E-7
2.21E-7
2.91E-7
6.565E-6
2.418E-6
2.23E-7
2.76E-7
2.29E-7
2.11E-7
1.98E-7
3.05E-7
5.458E-6
4.41E-7
4.97E-6
2.41E-7
7.462E-6
2.29E-7
7.059E-6
4.27E-7
2.03E-7
7.21E-7
2.05E-7
2.81E-7
5.279E-6
4.73E-7
2.3E-7
2.25E-7
7.35E-6
3.123E-6
2.74E-7
6.0E-7
2.4E-7
4.358E-6
2.42E-7
2.19E-7
2.62E-7
4.0E-7
2.62E-7
1.237E-6
3.31E-7
4.54E-6
2.68E-7
2.588E-6
5.585E-6
5.236E-6
7.449E-6
3.73E-7
3.56E-7
1.17E-6
1.924E-6
2.19E-7
2.13E-7
6.68E-7
5.659E-6
4.482E-6
2.19E-7
6.32E-6
4.03E-6
2.52E-7
6.984E-6
2.62E-7
1.675E-6
2.385E-6
3.14E-7
1.473E-6
2.371E-6
2.01E-7
3.99E-7
4.405E-6
7.68E-7
4.308E-6
6.659E-6
5.93E-7
2.2E-7
4.811E-6
2.31E-7
2.58E-7
2.12E-7
2.85E-7
2.782E-6
5.699E-6
2.22E-7
2.21E-7
2.848E-6
3.45E-7
2.94E-7
6.63E-7
4.1E-7
2.27E-7
4.225E-6
6.78E-7
2.47E-7
5.538E-6
2.501E-6
2.86E-7
3.36E-7
3.968E-6
2.11E-7
1.918E-6
2.18E-7
3.769E-6
3.744E-6
2.44E-7
2.19E-7
2.82E-7
2.81E-7
6.44E-6
3.11E-7
7.83E-7
3.07E-7
2.82E-7
2.09E-7
2.28E-7
3.802E-6
2.42E-7
3.02E-7
3.12E-6
5.635E-6
2.29E-7
2.11E-7
2.98E-7
2.56E-7
4.09E-7
5.892E-6
9.4E-7
2.08E-7
2.2E-7
1.762E-6
4.48E-7
2.78E-7
2.03E-7
3.54E-7
2.7E-6
2.02E-7
1.469E-6
7.1E-7
2.848E-6
5.17E-7
5.196E-6
2.58E-7
3.2E-7
2.06E-7
2.69E-7
3.36E-7
2.43E-7
5.667E-6
2.4E-7
5.493E-6
2.36E-7
3.36E-7
2.81E-7
2.52E-7
8.343E-6
2.55E-7
1.15E-6
9.11E-7
6.053E-6
3.21E-7
5.633E-6
3.26E-7
3.32E-7
7.486E-6
2.55E-7
3.15E-7
2.67E-7
6.341E-6
3.924E-6
2.94E-7
2.58E-7
4.347E-6
2.83E-7
2.81E-7
1.269E-6
3.57E-7
3.53E-7
6.07E-7
5.943E-6
2.31E-7
1.52E-6
5.78E-7
5.619E-6
2.87E-7
5.108E-6
2.47E-7
3.72E-7
5.985E-6
2.8E-7
5.545E-6
2.27E-7
9.11E-7
7.12E-6
2.38E-7
2.75E-7
5.95E-6
2.88E-7
2.13E-7
8.0E-7
2.875E-6
1.466E-6
2.07E-7
4.318E-6
1.036E-6
1.197E-6
3.03E-7
2.67E-7
2.97E-7
1.747E-6
2.29E-7
5.435E-6
2.87E-7
3.545E-6
2.63E-7
2.29E-6
1.176E-6
2.66E-7
2.61E-7
1.131E-6
2.1E-7
1.876E-6
2.26E-7
2.8E-7
6.852E-6
2.7E-7
2.12E-7
2.494E-6
5.41E-7
3.01E-7
1.17E-6
2.63E-7
2.56E-7
2.8E-7
2.34E-7
2.2E-7
5.475E-6
3.001E-6
2.41E-7
6.15E-7
3.727E-6
2.78E-7
2.64E-7
3.83E-7
2.82E-7
7.08E-7
1.669E-6
4.467E-6
2.39E-7
3.82E-7
2.6E-7
2.45E-7
2.08E-7
2.56E-7
4.193E-6
7.214E-6
4.7E-7
1.659E-6
2.47E-7
4.23E-7
2.43E-7
4.228E-6
7.04E-7
3.65E-7
1.345E-6
2.47E-7
2.2E-7
4.126E-6
7.035E-6
2.25E-7
1.678E-6
5.617E-6
4.27E-7
2.11E-7
2.36E-7
1.426E-6
2.11E-7
2.44E-7
2.043E-6
2.7E-7
2.17E-7
2.97E-7
2.986E-6
2.96E-7
4.67E-6
2.65E-7
2.22E-7
6.91E-6
4.498E-6
2.91E-7
2.78E-7
5.61E-6
3.42E-7
2.85E-7
4.03E-7
2.3E-7
3.14E-7
2.18E-7
3.88E-7
5.77E-7
2.6E-7
3.31E-7
6.693E-6
2.38E-7
4.342E-6
2.11E-7
2.84E-7
2.12E-7
4.093E-6
6.18E-7
1.176E-6
2.501E-6
2.15E-7
3.26E-7
2.88E-7
2.56E-7
5.567E-6
4.09E-7
2.86E-7
2.06E-7
4.306E-6
4.49E-7
2.43E-7
5.77E-6
2.31E-7
3.41E-7
3.26E-7
2.35E-6
2.79E-7
2.96E-6
4.04E-7
2.52E-7
5.84E-7
2.45E-7
2.42E-7
1.674E-6
2.606E-6
3.52E-7
6.88E-6
1.2028E-5
8.91E-7
5.49E-7
4.62E-7
3.114E-6
2.97E-7
7.09E-7
1.604E-6
3.44E-7
2.81E-7
2.48E-7
2.6E-7
2.24E-7
6.452E-6
3.783E-6
3.98E-7
2.24E-7
6.804E-6
2.65E-7
4.469E-6
3.1E-7
2.28E-7
1.692E-6
1.39E-6
1.673E-6
4.8E-7
4.849E-6
2.23E-7
1.301E-6
3.008E-6
1.657E-6
2.12E-7
2.34E-6
2.67E-7
6.63E-7
1.492E-6
2.25E-7
7.413E-6
2.15E-7
3.77E-7
7.192E-6
2.2E-7
5.41E-6
2.33E-7
4.72E-7
2.22E-7
2.17E-7
2.523E-6
2.17E-7
2.97E-7
4.149E-6
2.1E-7
4.539E-6
2.12E-7
6.78E-7
3.44E-7
2.257E-6
3.15E-7
4.89E-7
4.049E-6
3.54E-7
2.04E-7
3.2E-7
2.001E-6
3.19E-7
2.25E-7
7.06E-7
3.74E-7
3.953E-6
2.32E-7
2.56E-7
2.15E-7
2.28E-7
2.392E-6
1.691E-6
2.21E-7
4.83E-7
2.81E-7
2.35E-7
4.143E-6
2.25E-7
2.85E-7
4.782E-6
2.3E-7
4.061E-6
5.659E-6
7.59E-7
4.16E-7
3.17E-7
2.13E-7
2.51E-7
8.72E-7
2.9E-7
7.69E-7
2.0E-7
3.62E-7
2.94E-7
2.28E-7
5.447E-6
2.483E-6
2.42E-7
6.645E-6
7.221E-6
5.384E-6
6.621E-6
2.48E-7
3.51E-7
4.125E-6
2.31E-7
2.774E-6
2.43E-7
2.766E-6
2.16E-7
2.16E-7
7.282E-6
2.97E-7
1.803E-6
4.93E-7
5.632E-6
3.814E-6
2.79E-7
2.11E-7
4.378E-6
2.34E-7
2.36E-7
1.477E-6
3.07E-7
2.15E-7
3.14E-7
7.021E-6
2.85E-7
2.54E-7
6.813E-6
3.817E-6
2.26E-7
1.377E-6
2.03E-7
2.1E-7
1.484E-6
3.88E-7
5.3E-7
2.72E-7
2.34E-7
2.19E-7
5.449E-6
1.671E-6
5.618E-6
2.95E-7
2.926E-6
3.61E-7
1.633E-6
2.53E-7
2.32E-7
4.725E-6
2.49E-7
6.855E-6
6.045E-6
3.31E-7
1.387E-6
2.66E-7
7.68E-7
1.31E-6
2.42E-7
1.579E-6
4.428E-6
2.37E-7
2.86E-7
8.93E-7
2.37E-7
2.35E-7
2.14E-7
2.238E-6
3.17E-7
3.86E-7
7.232E-6
6.54E-6
2.55E-7
2.85E-7
2.23E-7
6.33E-7
2.411E-6
3.031E-6
5.237E-6
6.34E-6
3.99E-6
7.054E-6
3.48E-7
2.66E-7
2.12E-7
4.368E-6
2.65E-7
3.347E-6
2.94E-7
5.07E-7
2.59E-7
2.3E-7
2.191E-6
5.912E-6
2.27E-7
3.74E-7
6.475E-6
2.759E-6
3.975E-6
2.35E-7
7.111E-6
3.07E-7
2.38E-7
2.89E-7
1.266E-6
2.04E-7
2.97E-7
6.318E-6
2.09E-7
2.51E-7
2.83E-7
6.332E-6
1.694E-6
7.088E-6
2.48E-7
2.32E-7
1.97E-7
5.538E-6
2.09E-7
1.99E-7
2.987E-6
3.39E-7
5.42E-7
2.684E-6
2.25E-7
5.411E-6
1.365E-6
2.04E-7
2.27E-7
3.871E-6
2.05E-7
6.871E-6
1.667E-6
2.66E-7
2.04E-7
2.14E-7
2.53E-7
8.194E-6
3.34E-7
3.28E-7
2.94E-7
2.02E-7
2.37E-7
4.072E-6
2.77E-7
4.223E-6
4.02E-7
2.14E-7
2.71E-7
2.15E-6
2.89E-7
3.22E-7
2.85E-7
2.42E-7
5.821E-6
2.842E-6
2.98E-7
2.44E-7
6.962E-6
2.39E-7
2.19E-7
2.95E-7
6.43E-7
2.3E-7
4.203E-6
5.84E-7
1.169E-6
1.818E-6
1.431E-6
2.14E-7
2.29E-7
2.05E-7
1.797E-6
2.33E-7
2.19E-7
6.846E-6
2.11E-7
8.55E-7
2.65E-7
2.28E-7
2.72E-7
5.685E-6
2.92E-7
3.395E-6
2.34E-7
4.141E-6
2.21E-7
2.16E-7
4.054E-6
1.883E-6
2.09E-7
2.25E-7
5.545E-6
1.925E-6
2.24E-7
3.0E-7
2.68E-7
2.6E-7
5.548E-6
2.92E-7
2.06E-7
2.91E-7
2.31E-7
2.47E-7
4.188E-6
4.57E-7
1.524E-6
2.74E-7
1.185E-6
1.277E-6
2.2E-7
2.38E-7
2.54E-6
3.893E-6
4.501E-6
3.01E-7
1.394E-6
2.73E-7
5.629E-6
2.58E-7
2.42E-7
4.121E-6
7.321E-6
2.28E-7
2.89E-7
8.08E-7
2.48E-7
2.59E-7
3.22E-7
2.235E-6
3.45E-7
2.562E-6
2.45E-7
1.209E-6
6.46E-7
2.14E-7
8.109E-6
1.0E-6
3.17E-7
2.273E-6
2.48E-7
2.89E-7
1.826E-6
2.85E-7
2.3E-7
4.46E-7
2.48E-7
2.55E-7
2.847E-6
2.83E-7
1.399E-6
2.24E-7
3.42E-7
2.392E-6
2.8E-7
2.4E-6
3.53E-7
2.69E-7
4.12E-6
3.186E-6
2.72E-7
2.29E-7
2.75E-7
2.1E-7
2.49E-7
1.99E-7
2.7E-7
4.145E-6
5.5E-7
2.446E-6
2.3E-7
2.27E-7
2.856E-6
4.21E-7
4.587E-6
2.62E-7
6.944E-6
2.72E-7
2.11E-7
4.049E-6
6.938E-6
2.36E-7
7.14E-7
2.32E-7
3.08E-7
5.793E-6
2.73E-7
5.375E-6
8.91E-7
8.36E-7
2.58E-7
1.058E-6
4.22E-7
5.673E-6
3.73E-7
2.268E-6
2.26E-7
3.932E-6
2.77E-7
2.39E-7
2.27E-7
1.135E-6
2.12E-7
1.821E-6
3.77E-7
2.21E-7
2.322E-6
2.13E-7
2.79E-7
1.016E-6
7.06E-7
1.194E-6
4.42E-7
8.44E-7
2.98E-7
3.43E-7
2.06E-7
2.23E-7
3.49E-7
2.05E-7
7.281E-6
2.15E-7
1.98E-7
7.031E-6
2.698E-6
2.07E-7
7.205E-6
2.6E-7
3.08E-7
2.17E-7
7.24E-7
2.0E-7
6.819E-6
2.23E-7
3.2E-7
2.6E-7
2.46E-7
2.77E-7
2.54E-7
3.945E-6
2.2E-7
3.41E-7
2.13E-7
1.211E-6
2.3E-7
2.47E-7
5.278E-6
2.44E-7
2.36E-7
2.98E-7
5.893E-6
2.299E-6
3.21E-7
2.91E-7
4.272E-6
4.48E-7
2.52E-7
2.83E-7
5.703E-6
2.82E-7
3.67E-7
4.472E-6
3.28E-7
7.57E-7
2.09E-7
2.76E-7
2.58E-7
2.26E-7
2.44E-7
3.876E-6
2.56E-7
4.316E-6
3.52E-7
3.536E-6
5.857E-6
3.29E-7
2.34E-7
2.47E-6
2.31E-7
2.32E-7
7.031E-6
2.496E-6
2.27E-7
4.119E-6
2.89E-7
3.42E-7
1.884E-6
2.25E-7
5.639E-6
2.33E-7
1.46E-6
2.2E-7
2.147E-6
2.33E-7
6.99E-6
1.127E-6
2.12E-7
6.97E-7
2.3E-7
9.42E-7
2.94E-7
4.227E-6
3.16E-7
8.33E-7
2.61E-7
7.159E-6
2.43E-7
7.498E-6
3.16E-7
2.11E-7
7.273E-6
2.32E-7
7.018E-6
2.15E-7
2.64E-7
9.37E-7
2.14E-7
2.11E-7
3.126E-6
2.93E-7
2.26E-7
2.23E-7
1.74E-6
3.39E-7
2.64E-7
3.03E-7
3.23E-7
2.65E-7
2.77E-7
2.07E-7
2.528E-6
2.717E-6
2.92E-7
5.38E-7
2.55E-7
4.903E-6
5.657E-6
2.2E-7
4.46E-6
4.435E-6
2.26E-7
2.25E-7
6.756E-6
2.32E-7
5.664E-6
2.17E-7
2.14E-7
4.05E-6
2.398E-6
2.19E-7
3.77E-7
4.733E-6
1.99E-7
2.55E-7
3.876E-6
1.069E-6
2.29E-7
1.103E-6
3.742E-6
1.202E-6
2.47E-7
2.09E-7
2.33E-7
2.17E-7
2.88E-7
2.22E-7
2.99E-7
4.818E-6
2.19E-7
2.15E-7
2.941E-6
3.37E-7
2.498E-6
5.248E-6
2.96E-7
2.32E-7
2.331E-6
8.44E-7
2.37E-7
3.07E-7
2.35E-7
2.37E-7
3.52E-7
2.4E-7
6.931E-6
4.39E-7
3.09E-7
7.042E-6
2.69E-7
2.312E-6
2.33E-7
1.3513E-5
2.59E-7
6.51E-7
2.6E-6
2.27E-7
2.63E-7
2.42E-7
7.404E-6
3.36E-7
2.39E-7
2.19E-7
2.672E-6
2.14E-7
2.21E-7
2.66E-7
2.57E-7
3.06E-7
4.133E-6
2.25E-7
2.29E-7
2.26E-7
1.288E-6
3.01E-7
5.928E-6
3.38E-7
1.432E-6
2.64E-7
2.91E-7
3.61E-7
2.19E-7
6.839E-6
2.84E-7
6.363E-6
6.252E-6
4.116E-6
2.37E-7
2.38E-7
8.69E-7
2.88E-7
8.19E-7
3.16E-7
3.806E-6
2.81E-7
2.34E-7
3.747E-6
2.25E-7
2.37E-7
4.357E-6
2.5E-7
2.36E-7
6.881E-6
5.581E-6
2.32E-7
5.92E-6
3.24E-7
3.68E-7
5.711E-6
2.33E-7
8.35E-7
4.186E-6
7.185E-6
2.16E-7
2.3E-7
4.32E-6
2.725E-6
2.85E-7
2.71E-7
2.39E-7
2.95E-7
4.364E-6
3.13E-7
2.51E-7
4.75E-7
2.19E-7
7.351E-6
2.32E-7
6.86E-6
2.09E-7
9.6E-7
7.004E-6
2.34E-7
2.16E-7
4.021E-6
2.17E-7
2.313E-6
2.29E-7
4.277E-6
2.42E-7
4.028E-6
4.087E-6
6.216E-6
2.45E-7
3.27E-7
2.84E-7
2.12E-7
2.21E-7
5.034E-6
2.46E-7
2.99E-7
5.685E-6
2.17E-7
2.18E-7
3.02E-7
5.689E-6
2.38E-7
2.89E-7
6.16E-7
3.03E-7
2.381E-6
2.02E-7
3.18E-7
2.446E-6
2.58E-7
2.32E-7
2.1E-7
3.93E-7
4.902E-6
3.57E-7
2.611E-6
3.04E-7
4.175E-6
6.888E-6
8.28E-7
2.27E-7
5.461E-6
2.47E-7
4.1E-6
3.62E-7
4.077E-6
2.28E-7
2.51E-7
4.81E-7
2.672E-6
2.26E-7
6.62E-7
6.963E-6
2.33E-7
3.53E-7
3.08E-7
2.2E-7
3.964E-6
2.38E-7
3.86E-6
2.34E-7
2.36E-7
7.092E-6
2.36E-7
3.849E-6
3.73E-7
2.58E-7
1.825E-6
2.15E-7
5.469E-6
5.339E-6
5.5E-6
3.23E-7
5.947E-6
2.32E-7
2.14E-7
4.5E-7
6.853E-6
2.31E-7
9.5E-7
2.06E-7
1.561E-6
4.12E-7
3.05E-7
2.1E-7
6.831E-6
2.832E-6
2.48E-7
5.147E-6
6.949E-6
2.23E-7
2.49E-7
4.403E-6
2.28E-7
2.26E-7
4.366E-6
2.43E-7
3.766E-6
3.02E-7
2.4E-7
5.924E-6
2.46E-7
3.01E-7
2.65E-7
7.225E-6
3.14E-7
1.516E-6
2.1E-7
9.0E-7
2.02E-7
4.283E-6
2.866E-6
2.59E-7
2.372E-6
2.16E-7
2.44E-7
3.845E-6
2.29E-7
2.32E-7
5.68E-7
2.28E-7
7.023E-6
2.19E-7
1.826E-6
2.45E-7
3.114E-6
2.07E-7
5.856E-6
2.99E-7
2.24E-7
6.637E-6
2.3E-7
2.878E-6
2.24E-7
2.17E-7
6.253E-6
6.392E-6
2.25E-7
5.584E-6
2.13E-7
2.25E-7
3.762E-6
2.35E-7
3.897E-6
4.18E-7
4.459E-6
3.15E-7
2.25E-7
5.683E-6
2.41E-7
3.873E-6
3.683E-6
2.37E-7
2.13E-6
5.117E-6
5.873E-6
8.34E-7
2.14E-7
2.39E-7
2.97E-7
9.36E-7
5.316E-6
2.29E-7
2.187E-6
2.73E-7
3.04E-7
1.043E-6
2.26E-7
7.072E-6
2.47E-7
3.0E-7
2.3E-7
4.359E-6
4.37E-6
3.0E-7
2.59E-7
2.16E-7
2.63E-7
3.627E-6
2.438E-6
2.41E-7
6.293E-6
2.82E-7
2.5E-7
2.15E-7
3.994E-6
4.224E-6
3.04E-7
3.2E-7
4.464E-6
2.66E-7
5.553E-6
3.12E-7
2.3E-7
2.2E-6
2.08E-7
2.13E-7
4.074E-6
2.13E-7
1.219E-6
2.71E-7
2.23E-7
4.73E-7
2.08E-7
2.81E-7
2.29E-7
3.97E-6
4.012E-6
2.19E-7
7.8E-7
2.85E-7
3.7576E-5
2.365E-6
5.13E-7
1.0653E-5
4.07E-7
8.211E-6
3.96E-7
5.833E-6
2.53E-7
3.755E-6
2.128E-6
5.359E-6
9.34E-7
2.55E-7
3.95E-6
2.49E-7
3.38E-7
4.69E-7
2.89E-7
8.053E-6
2.73E-7
7.439E-6
3.42E-7
2.63E-7
2.29E-7
3.996E-6
2.28E-6
2.9E-7
6.658E-6
5.33E-6
2.3E-7
2.29E-7
3.905E-6
2.66E-7
9.57E-7
2.2E-7
6.7E-6
2.43E-7
2.12E-6
2.89E-7
2.43E-7
5.1E-7
5.184E-6
2.41E-7
3.43E-7
2.074E-6
2.81E-7
8.14E-7
3.39E-7
4.554E-6
2.08E-7
6.22E-7
5.293E-6
2.5E-7
2.33E-7
3.867E-6
5.412E-6
8.09E-7
2.28E-7
3.687E-6
2.26E-7
6.645E-6
2.49E-7
7.002E-6
2.7E-7
3.76E-7
5.01E-7
2.57E-7
2.27E-7
1.85E-6
5.864E-6
2.43E-7
2.75E-7
2.11E-7
2.39E-7
6.842E-6
2.5E-7
2.55E-7
6.391E-6
2.51E-7
2.29E-7
4.133E-6
2.52E-7
2.09E-7
1.851E-6
3.18E-7
2.11E-7
2.957E-6
2.36E-7
2.63E-7
5.573E-6
2.26E-7
2.8E-7
2.2E-7
3.735E-6
4.498E-6
1.875E-6
4.36E-7
2.078E-6
4.89E-7
3.302E-6
5.06E-7
5.56E-7
5.21E-7
3.76E-6
4.7E-7
7.015E-6
4.84E-7
1.1579E-5
4.85E-7
4.879E-6
4.11E-7
5.18E-7
3.82E-7
3.86E-6
4.86E-7
1.256E-6
4.13E-7
1.87E-6
4.05E-7
7.72E-6
5.5E-7
4.22E-7
1.236E-5
4.93E-7
5.3E-7
4.61E-7
5.92E-7
4.15E-7
4.93E-7
3.61E-7
1.938E-6
5.21E-7
3.04E-7
4.81E-7
3.23E-7
3.9E-7
4.05E-7
3.24E-7
9.921E-6
4.65E-7
1.2118E-5
5.39E-7
2.072E-6
5.57E-7
4.01E-7
1.0355E-5
4.52E-7
4.22E-7
6.449E-6
4.1E-7
4.15E-7
6.434E-6
9.722E-6
5.15E-7
6.445E-6
4.2E-7
1.2335E-5
4.35E-7
8.905E-6
7.134E-6
3.48E-6
5.7E-7
6.61E-7
4.14E-7
3.46E-7
3.63E-7
7.496E-6
4.945E-6
6.31E-7
3.92E-7
3.95E-7
8.47E-7
4.03E-7
4.37E-7
9.581E-6
5.04E-7
1.39E-6
4.16E-7
3.97E-7
1.2176E-5
4.93E-7
3.65E-7
6.78E-6
5.3E-7
3.94E-7
7.253E-6
6.65E-7
4.54E-7
1.0296E-5
4.761E-6
4.24E-7
5.42E-7
6.892E-6
5.1E-7
1.127E-6
4.52E-7
6.965E-6
5.7E-7
6.624E-6
5.94E-7
1.2161E-5
6.44E-7
9.926E-6
9.634E-6
9.937E-6
5.4E-7
4.14E-7
1.1395E-5
4.63E-7
4.16E-7
7.935E-6
4.42E-7
1.1549E-5
4.93E-7
6.2E-7
7.021E-6
4.61E-7
3.924E-6
3.76E-7
3.26E-7
1.662E-6
5.38E-7
4.66E-7
5.45E-7
4.87E-7
6.63E-7
5.24E-7
3.31E-7
5.37E-7
1.23E-5
3.26E-6
3.75E-7
3.23E-7
4.8E-7
3.57E-7
6.649E-6
3.84E-7
1.1637E-5
4.58E-7
1.1432E-5
7.33E-7
5.03E-7
1.1951E-5
4.9E-7
4.24E-7
4.87E-7
4.22E-7
3.98E-7
4.57E-7
3.61E-7
3.69E-7
1.372E-6
1.358E-6
3.58E-7
7.435E-6
1.55E-6
3.8E-7
7.56E-7
3.38E-7
4.73E-7
2.51E-6
3.94E-7
5.19E-7
9.627E-6
3.52E-7
3.7E-7
4.21E-7
4.634E-6
3.97E-7
6.18E-7
3.53E-7
9.38E-7
4.099E-6
3.77E-7
4.417E-6
3.92E-7
9.666E-6
5.14E-7
1.298E-5
6.52E-7
4.27E-7
4.49E-7
3.75E-7
4.72E-7
4.75E-7
3.6E-7
7.431E-6
4.69E-7
1.544E-6
5.17E-6
4.38E-7
1.2711E-5
7.85E-7
4.36E-7
3.434E-6
3.87E-7
1.2205E-5
4.85E-7
7.186E-6
4.94E-7
3.125E-6
3.89E-7
4.63E-7
4.923E-6
9.863E-6
5.11E-7
1.335E-6
4.45E-7
6.27E-7
8.098E-6
7.93E-7
4.02E-7
4.034E-6
1.331E-6
5.69E-7
5.89E-7
3.173E-6
5.16E-7
4.24E-7
7.208E-6
6.58E-7
4.42E-7
5.285E-6
4.29E-7
8.01E-7
3.56E-7
4.655E-6
3.68E-7
4.92E-7
6.83E-7
4.29E-7
4.15E-7
8.142E-6
6.687E-6
4.59E-7
5.34E-7
4.93E-7
4.9E-7
2.453E-6
1.172E-6
2.796E-6
5.43E-7
3.9E-7
4.58E-7
2.365E-6
4.13E-7
4.59E-7
1.488E-6
4.4E-7
7.525E-6
1.734E-6
4.24E-7
4.84E-7
7.05E-6
4.81E-7
4.19E-7
2.354E-6
1.386E-6
3.87E-7
4.3E-7
4.423E-6
4.931E-6
1.956E-6
5.41E-7
1.0005E-5
3.033E-6
4.68E-7
5.495E-6
6.266E-6
4.48E-7
4.25E-7
4.9E-7
1.964E-6
4.42E-7
4.3E-7
8.99E-7
6.661E-6
4.76E-7
4.01E-7
1.159E-5
5.58E-7
1.1843E-5
1.1041E-5
9.576E-6
5.19E-7
3.9E-7
4.53E-7
1.2143E-5
4.49E-7
5.44E-7
5.36E-7
9.265E-6
4.51E-7
1.625E-6
4.49E-7
5.371E-6
7.354E-6
9.56E-7
4.51E-7
7.451E-6
6.44E-7
2.043E-6
1.1076E-5
4.455E-6
4.23E-7
4.21E-7
9.234E-6
9.808E-6
6.37E-7
5.4E-7
4.14E-7
2.326E-6
4.11E-7
4.92E-7
4.0E-7
1.2595E-5
5.44E-7
4.85E-7
4.94E-7
3.93E-7
3.83E-7
1.515E-6
1.0935E-5
4.62E-7
6.721E-6
5.7E-7
5.08E-7
2.063E-6
3.093E-6
3.75E-7
1.32E-6
2.708E-6
6.05E-7
2.415E-6
5.75E-7
3.53E-7
4.87E-7
4.325E-6
5.86E-7
4.67E-7
7.389E-6
4.25E-7
2.304E-6
4.32E-7
9.182E-6
6.07E-7
4.33E-7
1.614E-6
5.05E-7
5.88E-7
3.37E-7
4.25E-7
1.254E-6
1.399E-6
5.54E-7
4.86E-7
4.88E-7
5.36E-7
7.655E-6
8.45E-7
4.79E-7
4.48E-7
4.3E-6
1.2506E-5
9.784E-6
4.47E-7
9.929E-6
4.124E-6
5.28E-7
3.168E-6
4.38E-7
4.98E-7
3.84E-7
4.22E-7
8.322E-6
7.059E-6
4.9E-7
1.4E-6
1.004E-6
3.86E-7
5.251E-6
3.626E-6
4.45E-7
2.327E-6
3.92E-7
6.59E-7
1.2669E-5
8.49E-7
5.0E-7
1.365E-6
8.676E-6
4.46E-7
7.142E-6
6.92E-6
5.73E-7
4.31E-7
9.262E-6
4.77E-7
3.98E-7
5.16E-7
3.65E-7
5.21E-7
2.833E-6
5.08E-7
7.012E-6
4.87E-7
1.0001E-5
4.87E-7
1.16E-5
5.13E-7
1.1123E-5
4.37E-7
6.35E-6
6.542E-6
4.22E-7
4.97E-7
9.627E-6
7.47E-7
4.04E-7
7.185E-6
4.35E-7
4.66E-7
5.49E-7
3.7E-7
5.39E-7
5.77E-7
3.75E-7
5.15E-7
4.08E-7
3.86E-7
2.277E-6
7.611E-6
5.24E-7
4.65E-7
3.84E-7
4.12E-7
9.84E-7
3.288E-6
5.98E-7
4.4E-7
5.31E-7
3.67E-7
6.75E-7
2.178E-6
4.13E-7
9.509E-6
6.29E-7
3.9E-7
3.58E-7
2.939E-6
6.499E-6
4.66E-7
7.373E-6
4.67E-7
4.509E-6
4.69E-7
4.62E-7
5.39E-7
3.53E-7
9.02E-7
6.61E-7
4.83E-7
4.879E-6
4.5E-7
1.123E-6
3.84E-7
5.21E-7
4.81E-7
1.944E-6
4.25E-7
4.66E-7
8.352E-6
4.95E-7
3.94E-7
1.209E-6
5.42E-7
1.277E-5
5.07E-7
4.85E-7
5.22E-7
3.94E-7
1.1574E-5
7.14E-7
4.29E-7
2.44E-6
6.16E-7
1.126E-6
4.14E-7
3.92E-7
1.144E-6
4.07E-7
3.84E-7
5.59E-7
8.443E-6
4.67E-7
5.22E-7
3.92E-7
1.1026E-5
5.73E-7
4.53E-7
1.077E-6
3.61E-7
9.421E-6
4.47E-7
3.321E-6
4.25E-7
7.033E-6
5.64E-7
4.41E-7
4.58E-7
3.92E-7
7.677E-6
4.78E-7
4.9E-7
1.2067E-5
9.51E-6
4.61E-7
4.001E-6
4.98E-7
4.04E-7
6.18E-7
1.1E-6
6.45E-7
3.7E-7
5.36E-7
4.269E-6
4.72E-7
4.11E-7
7.168E-6
5.48E-7
3.93E-7
3.98E-7
1.2093E-5
1.369E-6
4.13E-7
5.39E-7
3.43E-7
4.27E-7
1.002E-6
4.38E-7
4.35E-7
5.65E-7
7.238E-6
4.406E-6
4.87E-7
5.487E-6
6.7E-7
7.11E-7
4.77E-7
1.2665E-5
6.277E-6
4.07E-7
7.146E-6
5.54E-7
3.17E-7
3.71E-7
9.341E-6
3.95E-7
1.738E-6
3.587E-6
3.31E-7
4.55E-7
1.1452E-5
7.476E-6
3.39E-7
5.922E-6
4.4E-7
3.46E-7
1.507E-6
2.967E-6
3.44E-7
9.73E-6
4.048E-6
8.093E-6
6.177E-6
5.57E-7
1.2688E-5
4.84E-7
1.01E-6
5.55E-7
4.57E-7
4.47E-7
5.62E-7
3.93E-7
4.16E-7
2.334E-6
6.45E-7
7.67E-7
5.32E-7
3.38E-7
8.25E-6
4.25E-7
1.1991E-5
9.515E-6
4.99E-7
4.76E-7
6.905E-6
4.46E-7
5.22E-7
9.336E-6
5.04E-7
1.186E-5
5.77E-7
1.1457E-5
1.872E-6
4.31E-7
4.51E-7
5.26E-7
3.42E-7
4.577E-6
3.81E-7
7.083E-6
5.3E-7
5.07E-7
3.85E-7
6.76E-7
9.811E-6
4.11E-7
2.202E-6
3.56E-7
6.45E-7
8.26E-7
3.88E-7
1.2342E-5
5.04E-7
3.7E-7
1.2214E-5
4.58E-7
1.1837E-5
5.92E-7
2.244E-6
4.05E-7
1.013E-6
5.63E-7
5.18E-7
4.309E-6
5.01E-7
2.465E-6
1.673E-6
1.389E-6
