2.489E-6
1.697E-6
8.65E-7
1.12601E-4
2.667E-6
7.028E-6
4.8926E-5
1.6507E-5
6.15E-7
4.36E-7
4.365E-5
1.185E-6
6.33E-7
4.2398E-5
3.1359E-5
6.63E-7
5.92E-7
4.226E-5
1.1061E-5
7.88E-7
3.8963E-5
5.98E-7
3.4929E-5
6.14E-7
6.83E-7
2.1061E-5
6.27E-7
1.535E-6
2.5582E-5
4.3897E-5
2.3578E-5
7.28E-7
2.6931E-5
6.34E-7
4.29E-7
2.971E-5
6.56E-7
3.232E-6
4.2906E-5
6.0E-7
5.18E-7
3.688E-5
6.0E-7
4.3013E-5
6.93E-7
5.02E-7
4.483E-6
3.4301E-5
2.6775E-5
7.27E-7
5.11E-7
3.5282E-5
6.09E-7
4.06E-7
4.4917E-5
6.27E-7
4.1483E-5
3.7032E-5
7.45E-7
3.1749E-5
6.04E-7
5.02E-7
3.3648E-5
3.3707E-5
6.53E-7
3.151E-6
4.6341E-5
2.1183E-5
6.27E-7
4.3287E-5
4.2314E-5
5.9E-7
1.7502E-5
4.1551E-5
6.56E-7
7.42E-7
3.7409E-5
6.03E-7
3.74E-7
2.278E-6
4.0927E-5
5.51E-7
4.12E-7
4.81E-7
4.2914E-5
1.774E-5
5.84E-7
4.59E-7
4.37E-7
3.84E-7
4.78E-7
4.81E-7
4.0518E-5
6.83E-7
3.8608E-5
6.28E-7
4.6916E-5
5.79E-7
4.286E-5
8.94E-7
4.18E-7
1.532E-6
3.71E-7
5.01E-7
4.1004E-5
1.035E-6
4.84E-7
5.84E-7
4.1515E-5
3.5047E-5
7.52E-7
6.19E-7
4.22E-7
4.215E-5
6.99E-7
3.8E-7
2.2982E-5
1.3308E-5
5.56E-7
2.083E-6
4.79E-7
3.8601E-5
6.58E-7
3.3674E-5
9.884E-6
3.9705E-5
1.8514E-5
6.49E-7
5.03E-7
6.941E-6
3.5685E-5
6.32E-7
6.0E-7
1.22E-6
2.5546E-5
3.8269E-5
5.33E-7
4.205E-5
2.8689E-5
5.56E-7
4.1733E-5
6.08E-7
3.125E-6
3.7394E-5
8.83E-7
3.0358E-5
3.3123E-5
6.14E-7
3.569E-6
3.771E-5
1.555E-6
3.7036E-5
4.3036E-5
1.341E-6
4.94E-7
4.4119E-5
7.08E-7
2.2914E-5
6.51E-7
6.23E-7
3.3956E-5
4.1528E-5
7.23E-7
5.14E-7
3.4613E-5
2.6728E-5
7.17E-7
1.074E-6
7.88E-7
4.3E-7
4.1806E-5
1.268E-6
4.7E-7
2.5757E-5
3.3438E-5
6.82E-7
5.5E-7
3.0547E-5
5.06E-7
3.2023E-5
6.91E-7
3.69E-5
3.7251E-5
6.38E-7
3.63E-7
5.9E-7
3.1479E-5
4.3658E-5
6.9E-7
3.126E-6
5.23E-7
2.0937E-5
5.65E-7
4.54E-7
3.7481E-5
6.63E-7
7.58E-7
6.777E-6
1.582E-5
6.53E-7
4.68E-7
5.96E-7
4.03E-7
5.55E-7
4.1658E-5
1.664E-6
4.49E-7
3.99E-7
3.104E-6
9.41E-7
2.7125E-5
5.88E-7
6.47E-7
3.4685E-5
7.13E-7
3.0789E-5
1.502E-6
3.4271E-5
1.253E-6
4.0261E-5
5.78E-7
2.3581E-5
5.44E-7
2.4155E-5
6.39E-7
5.13E-7
4.4243E-5
6.26E-7
2.441E-5
5.43E-7
5.36E-7
4.6E-7
4.35E-7
4.4305E-5
5.63E-7
2.694E-6
1.51E-6
4.0407E-5
6.55E-7
4.3551E-5
1.172E-6
6.2E-7
4.6917E-5
6.44E-7
2.0943E-5
6.55E-7
1.9676E-5
3.6639E-5
2.1775E-5
6.33E-7
3.841E-5
6.09E-7
6.3E-7
2.277E-6
6.16E-7
6.14E-7
1.528E-6
4.1737E-5
6.07E-7
2.744E-6
1.025E-6
4.4069E-5
6.49E-7
4.071E-5
6.18E-7
5.28E-7
4.134E-5
2.0642E-5
3.0443E-5
5.85E-7
1.514E-6
4.9219E-5
6.14E-7
8.16E-7
4.5857E-5
2.652E-5
5.65E-7
1.49E-6
3.482E-5
3.0599E-5
6.79E-7
8.181E-6
5.16E-7
2.9813E-5
2.722E-6
4.69E-7
4.68E-7
3.0533E-5
5.38E-7
4.3567E-5
7.75E-7
3.6163E-5
5.8E-7
3.3646E-5
3.0129E-5
8.73E-7
4.0E-7
7.472E-6
4.39E-7
3.8812E-5
6.78E-7
2.4096E-5
4.6235E-5
6.05E-7
4.45E-7
3.3436E-5
9.07E-7
6.0E-7
2.286E-6
4.99E-7
6.04E-7
4.76E-7
5.24E-7
3.69E-7
4.0175E-5
3.2138E-5
5.68E-7
1.172E-6
3.5132E-5
5.2394E-5
9.28E-7
4.673E-6
2.2639E-5
1.606E-6
3.9184E-5
7.882E-6
5.02E-7
7.29E-7
3.88E-7
4.23E-7
5.42E-7
5.41E-7
3.7183E-5
1.3593E-5
2.6338E-5
1.5486E-5
4.6925E-5
8.66E-7
4.13E-7
3.7851E-5
1.313E-6
2.76E-6
2.9851E-5
4.3295E-5
5.13E-7
2.6209E-5
4.1848E-5
5.0E-7
4.4746E-5
4.0902E-5
1.5501E-5
4.84E-7
4.0371E-5
2.9919E-5
4.19E-7
4.55E-7
2.5418E-5
2.2329E-5
4.61E-7
5.1E-7
3.6029E-5
5.69E-7
7.4239E-5
7.44E-7
4.45E-7
5.6701E-5
5.5615E-5
9.47E-7
5.09E-7
1.6303E-5
2.876E-6
2.1015E-5
6.14E-7
3.75E-7
7.68E-7
5.0E-7
5.29E-7
4.687E-5
8.37E-7
5.7E-7
4.3586E-5
7.26E-7
2.4456E-5
5.05E-7
2.7014E-5
5.91E-7
3.8298E-5
1.547E-6
2.391E-6
3.441E-5
6.72E-7
5.99E-7
4.35E-7
3.77E-7
4.5164E-5
8.79E-7
2.6184E-5
5.9E-7
3.8562E-5
9.89E-7
5.63E-7
1.0578E-5
4.78E-7
6.21E-7
6.17E-7
3.4069E-5
7.84E-7
3.5061E-5
8.53E-7
4.41E-7
8.67E-7
4.35E-7
4.15E-7
1.43E-6
4.123E-6
6.22E-7
3.6648E-5
4.4702E-5
2.254E-6
5.98E-7
4.24E-7
3.4134E-5
5.7E-7
1.226E-6
2.867E-6
6.06E-7
4.53E-7
8.48E-7
4.49E-7
4.01E-7
1.952E-5
3.4522E-5
7.11E-7
3.94E-7
4.1031E-5
5.69E-7
2.4634E-5
6.88E-7
4.51E-7
3.291E-6
4.2255E-5
2.9042E-5
2.55E-6
3.6292E-5
4.72E-7
4.1197E-5
3.3017E-5
1.7384E-5
4.5E-7
3.3902E-5
4.257E-5
1.277E-6
2.618E-6
3.47E-7
1.207E-5
3.33E-7
4.1E-7
4.0751E-5
4.32E-7
3.9393E-5
5.47E-7
5.65E-7
3.21E-7
3.84E-7
3.2233E-5
3.62E-7
3.26E-7
3.8723E-5
4.11E-7
7.739E-6
4.02E-7
2.222E-6
6.0E-7
3.1432E-5
6.6E-7
9.23E-7
2.31E-5
2.4676E-5
3.92E-7
4.58E-7
2.9952E-5
6.72E-7
3.51E-7
1.244E-6
7.47E-7
3.5888E-5
3.93E-7
3.8916E-5
3.84E-7
3.86E-7
3.2102E-5
3.163E-6
3.48E-7
7.12E-7
3.36E-7
3.24E-7
3.7243E-5
4.07E-7
4.94E-7
3.7839E-5
4.16E-7
3.6032E-5
3.3526E-5
1.193E-6
2.8279E-5
1.606E-5
3.59E-7
4.93E-7
1.42E-6
4.63E-7
2.707E-6
3.17E-7
5.34E-7
2.3041E-5
4.1E-7
3.9474E-5
3.2989E-5
5.11E-7
2.4843E-5
4.1441E-5
4.2708E-5
4.0989E-5
4.84E-7
2.599E-5
3.6505E-5
4.63E-7
3.3006E-5
5.47E-7
3.4307E-5
4.27E-7
3.28E-7
4.4593E-5
7.1E-7
4.4343E-5
4.49E-7
4.0476E-5
9.392E-6
5.89E-7
5.42E-7
3.7625E-5
5.79E-7
3.92E-7
2.723E-6
4.92E-7
3.07E-7
5.35E-7
4.5718E-5
6.16E-7
3.53E-7
1.5469E-5
3.5767E-5
4.31E-7
2.974E-5
5.42E-7
5.36E-7
2.572E-6
5.08E-7
5.2E-7
2.2942E-5
4.22E-7
3.72E-7
4.0491E-5
4.3124E-5
4.1805E-5
7.45E-7
3.4478E-5
5.56E-7
4.1869E-5
5.27E-7
4.15E-7
3.7217E-5
4.45E-7
4.3816E-5
4.3571E-5
5.81E-7
2.004E-6
3.91E-7
1.402E-6
2.2812E-5
3.78E-7
3.2863E-5
8.105E-6
4.28E-7
2.3707E-5
1.496E-6
4.3E-7
3.5E-7
3.24E-7
3.3657E-5
7.52E-7
5.3E-7
4.3146E-5
4.2444E-5
5.11E-7
2.3126E-5
4.32E-7
9.78E-7
3.2663E-5
3.3448E-5
9.555E-6
1.8655E-5
3.5215E-5
4.4391E-5
4.44E-7
2.765E-5
4.65E-7
3.6456E-5
5.4E-7
3.4619E-5
6.16E-7
2.6039E-5
4.95E-7
3.35E-7
3.2346E-5
4.4293E-5
4.81E-7
6.42E-7
4.2407E-5
3.4056E-5
3.6577E-5
4.73E-7
4.1984E-5
2.5782E-5
6.24E-7
6.37E-7
2.908E-6
3.22E-7
3.89E-7
4.3777E-5
5.4E-7
3.73E-7
4.77E-7
2.9423E-5
4.3328E-5
4.2232E-5
4.16E-7
4.3403E-5
4.39E-7
4.3006E-5
4.53E-7
3.78E-7
5.862E-6
5.56E-7
9.63E-7
3.3694E-5
6.7E-7
3.9815E-5
3.151E-5
6.52E-7
5.54E-7
9.584E-6
3.85E-7
3.1755E-5
2.1919E-5
6.52E-7
4.43E-7
4.94E-7
5.49E-7
4.4304E-5
6.56E-7
1.7466E-5
2.3648E-5
3.7E-7
4.2E-7
3.7212E-5
4.2862E-5
3.7235E-5
1.4955E-5
4.16E-7
4.7E-7
3.3384E-5
7.37E-7
2.5535E-5
5.36E-7
3.87E-7
1.6285E-5
3.2298E-5
5.65E-7
3.82E-7
2.3844E-5
6.18E-7
4.8E-7
2.3547E-5
2.8751E-5
7.07E-7
4.0711E-5
1.574E-6
3.0122E-5
3.2863E-5
4.1922E-5
5.19E-7
4.2504E-5
4.51E-7
1.1512E-5
3.75E-7
3.66E-7
4.5608E-5
5.07E-7
2.026E-6
4.51E-7
4.2E-7
5.77E-7
4.0386E-5
2.0852E-5
3.6172E-5
5.95E-7
3.8155E-5
6.06E-7
4.05E-7
3.8005E-5
3.5134E-5
6.05E-7
5.38E-7
2.3682E-5
3.1495E-5
5.37E-7
6.4E-7
6.38E-7
4.59E-7
2.6346E-5
2.1354E-5
5.64E-7
2.6589E-5
5.18E-7
3.99E-7
3.7715E-5
8.02E-7
2.73E-6
6.4E-7
3.3129E-5
3.0629E-5
5.81E-7
8.47E-7
3.4228E-5
3.8273E-5
3.8806E-5
6.57E-7
5.85E-7
4.84E-7
3.1719E-5
5.07E-7
3.89E-7
4.0604E-5
1.902E-5
4.91E-7
5.92E-7
1.696E-6
4.65E-7
3.9E-7
3.03E-6
3.4485E-5
6.81E-7
3.4476E-5
4.86E-7
2.999E-5
2.354E-6
3.65E-7
4.2678E-5
3.008E-5
7.79E-7
3.5582E-5
5.94E-7
2.615E-6
3.269E-6
2.5732E-5
5.52E-7
4.72E-7
2.3942E-5
7.14E-7
3.4177E-5
5.25E-7
3.0632E-5
4.51E-7
5.81E-7
1.7239E-5
4.326E-5
1.9658E-5
8.39E-7
4.0E-7
3.7886E-5
3.5371E-5
6.94E-7
4.17E-7
6.38E-7
3.53E-7
4.44E-7
3.42E-7
3.95E-7
3.8747E-5
1.496E-6
2.4547E-5
4.94E-7
3.7E-7
3.4046E-5
6.4E-7
4.0699E-5
6.64E-7
4.2624E-5
6.63E-7
4.0E-7
3.8336E-5
4.3354E-5
6.56E-7
3.009E-6
4.07E-7
5.54E-7
1.6179E-5
1.917E-5
8.984E-6
1.472E-6
1.564E-6
4.93E-7
2.9661E-5
9.74E-7
2.8445E-5
2.7012E-5
2.4295E-5
4.86E-7
3.6378E-5
4.08E-7
5.03E-7
4.41E-7
1.901E-6
3.16E-7
4.2736E-5
5.48E-7
4.45E-7
3.2738E-5
5.12E-7
2.6758E-5
3.0259E-5
1.58E-6
2.348E-6
6.8E-7
1.507E-6
1.6738E-5
8.05E-7
4.04E-7
4.42E-7
3.303E-6
3.98E-7
4.376E-5
5.95E-7
3.77E-7
4.2071E-5
3.4486E-5
5.54E-7
4.6565E-5
6.41E-7
1.7677E-5
4.73E-7
1.382E-6
4.31E-7
2.4173E-5
4.89E-7
5.31E-7
5.09E-7
5.59E-7
2.2029E-5
5.66E-7
2.3007E-5
4.56E-7
2.2115E-5
5.58E-7
3.0548E-5
5.46E-7
3.68E-7
2.4143E-5
4.01E-7
3.86E-7
4.39E-7
4.4099E-5
1.1704E-5
3.053E-6
6.35E-7
3.2603E-5
1.269E-6
3.78E-7
4.84E-7
1.5921E-5
1.8551E-5
2.634E-6
3.5834E-5
6.23E-7
1.74E-6
3.22E-7
4.26E-7
2.3396E-5
4.16E-7
4.76E-7
3.7921E-5
5.86E-7
4.1666E-5
6.65E-7
3.5944E-5
1.2918E-5
7.21E-7
5.42E-7
3.4858E-5
8.0E-7
5.25E-7
4.4036E-5
3.4925E-5
6.11E-7
4.1883E-5
8.21E-7
6.44E-7
5.401E-6
5.16E-7
2.6517E-5
5.0E-7
3.149E-6
4.08E-7
3.27E-5
7.12E-7
4.3097E-5
2.156E-6
4.5E-7
1.252E-6
5.64E-7
3.884E-6
3.95E-7
3.7675E-5
5.57E-7
1.561E-6
3.47E-7
4.154E-5
5.2E-7
4.5182E-5
4.61E-7
2.8305E-5
2.0238E-5
1.084E-6
5.6187E-5
5.44E-7
2.1306E-5
1.882E-6
3.76E-7
5.17E-7
3.4328E-5
2.4103E-5
4.4E-7
4.7E-7
4.6101E-5
9.16E-7
4.08E-7
6.7E-7
5.27E-7
4.59E-7
1.839E-5
4.36E-7
1.5717E-5
3.2466E-5
4.87E-7
2.6733E-5
6.22E-7
3.7498E-5
1.8608E-5
5.24E-7
7.902E-6
3.984E-5
5.78E-7
4.56E-7
4.2179E-5
6.56E-7
4.4112E-5
6.3E-7
3.87E-7
3.7828E-5
3.3777E-5
4.24E-7
7.23E-7
4.1803E-5
4.89E-7
4.16E-7
3.7631E-5
3.0371E-5
4.82E-7
2.9804E-5
3.7137E-5
3.1018E-5
7.22E-7
3.42E-7
4.39E-7
4.29E-7
1.8501E-5
5.82E-7
8.59E-7
4.2045E-5
5.79E-7
5.46E-7
3.4713E-5
7.58E-7
1.6312E-5
9.323E-6
4.72E-7
3.29E-7
3.3245E-5
2.28E-6
4.41E-7
4.85E-7
3.45E-7
5.53E-7
4.448E-6
4.41E-7
4.3121E-5
8.64E-7
1.8132E-5
4.5916E-5
6.61E-7
3.2765E-5
1.029E-6
4.1516E-5
6.27E-7
1.442E-6
3.3408E-5
7.28E-7
5.66E-7
5.11E-7
1.3131E-5
2.3439E-5
6.61E-7
4.94E-7
3.3306E-5
6.97E-7
4.52E-7
2.8599E-5
5.48E-7
5.91E-7
3.7298E-5
5.95E-7
5.9E-7
4.09E-7
2.106E-6
7.64E-7
4.1023E-5
7.74E-7
2.311E-6
3.95E-7
2.3245E-5
8.58E-7
3.58E-7
4.2704E-5
1.036E-6
9.77E-6
1.8609E-5
4.0602E-5
6.67E-7
4.71E-7
2.9792E-5
2.5577E-5
3.242E-6
2.3492E-5
3.6995E-5
8.38E-7
5.0E-7
3.7219E-5
6.56E-7
4.85E-7
4.1171E-5
6.16E-7
4.15E-7
4.3223E-5
4.0194E-5
8.7E-7
4.0259E-5
8.96E-7
4.25E-7
4.0772E-5
5.95E-7
2.617E-6
7.767E-6
4.5106E-5
8.3E-7
4.83E-7
3.7293E-5
3.3228E-5
7.08E-7
3.53E-7
2.4163E-5
8.53E-7
3.6553E-5
6.87E-7
1.137E-6
2.0304E-5
7.2E-7
4.4333E-5
6.01E-7
4.229E-5
5.8E-7
2.9356E-5
4.2088E-5
8.31E-7
4.98E-7
3.715E-5
5.92E-7
2.3104E-5
5.12E-7
3.9598E-5
6.73E-7
3.6979E-5
3.7417E-5
4.1815E-5
6.12E-7
6.81E-7
1.8048E-5
5.51E-7
4.2E-7
3.7294E-5
6.01E-7
5.51E-7
1.6038E-5
4.84E-7
3.15E-7
4.68E-7
4.3599E-5
7.51E-7
3.802E-6
1.081E-6
5.91E-7
3.3224E-5
6.85E-7
4.9E-7
3.3781E-5
7.87E-7
5.68E-7
3.58E-7
6.39E-7
3.6541E-5
7.52E-7
3.3128E-5
7.11E-7
7.911E-6
4.5716E-5
1.898E-6
3.9E-7
4.1132E-5
7.67E-7
3.8367E-5
9.53E-7
4.2598E-5
7.3E-7
4.48E-7
9.25E-7
3.4781E-5
5.81E-7
1.816E-6
4.7858E-5
7.0E-7
4.69E-7
3.3755E-5
6.1E-7
4.299E-5
6.63E-7
4.114E-5
5.99E-7
4.08E-7
4.9281E-5
6.57E-7
3.9958E-5
1.204E-6
5.39E-7
5.1108E-5
7.5E-7
4.0727E-5
1.0036E-5
4.0667E-5
4.5344E-5
4.1975E-5
5.72E-7
4.59E-7
6.95E-7
4.669E-5
6.03E-7
1.771E-6
3.77E-7
2.747E-6
7.34E-7
1.5271E-5
5.01E-7
4.3166E-5
3.5122E-5
7.02E-7
3.7877E-5
4.4235E-5
5.35E-7
3.91E-7
4.1942E-5
5.37E-7
4.34E-7
3.9553E-5
5.45E-7
3.6687E-5
7.9E-7
3.68E-7
3.9184E-5
4.01E-7
2.1876E-5
3.65E-7
4.2553E-5
6.02E-7
2.659E-6
3.33E-7
1.581E-6
4.88E-7
2.614E-5
3.2695E-5
4.33E-7
3.206E-5
3.99E-7
3.62E-7
3.7198E-5
5.11E-7
3.8E-7
2.795E-6
3.23E-7
4.2016E-5
4.13E-7
4.5298E-5
4.23E-7
3.4031E-5
4.45E-7
4.0426E-5
5.64E-7
2.99E-7
4.2536E-5
4.31E-7
3.471E-5
5.34E-7
2.95E-7
1.9534E-5
4.6211E-5
4.47E-7
4.0753E-5
4.28E-7
3.49E-7
3.511E-5
4.77E-7
3.719E-5
7.18E-7
3.7969E-5
6.24E-7
5.01E-7
4.1872E-5
5.9E-7
3.943E-5
3.6841E-5
4.55E-7
3.3394E-5
3.7311E-5
1.1311E-5
1.354E-6
3.28E-7
3.75E-7
1.8089E-5
2.8947E-5
4.3371E-5
4.65E-7
3.3412E-5
5.07E-7
2.2969E-5
8.19E-7
4.04E-7
4.4622E-5
4.4E-7
1.8303E-5
4.61E-7
3.93E-5
8.081E-6
5.45E-7
4.6379E-5
5.38E-7
3.74E-7
3.7593E-5
3.3079E-5
5.63E-7
1.9287E-5
2.5515E-5
4.46E-7
4.47E-7
3.6752E-5
4.0437E-5
8.6E-7
5.97E-7
3.8525E-5
5.84E-7
4.2038E-5
1.537E-5
4.71E-7
3.3373E-5
5.72E-7
4.51E-7
3.8815E-5
5.17E-7
2.434E-6
5.1E-7
5.83E-7
2.7862E-5
4.21E-7
4.44E-7
5.64E-7
4.1053E-5
3.7871E-5
5.6E-7
1.393E-6
5.63E-7
4.5355E-5
3.1402E-5
2.712E-6
4.3129E-5
5.65E-7
4.4338E-5
6.64E-7
4.113E-5
6.02E-7
3.7023E-5
3.3384E-5
1.0113E-5
2.686E-6
1.012E-6
3.9582E-5
6.49E-7
1.441E-6
6.98E-7
3.45E-7
4.3436E-5
5.91E-7
4.238E-5
6.9E-7
2.99E-7
4.02E-7
3.7493E-5
3.1934E-5
4.39E-7
4.1069E-5
1.6631E-5
5.83E-7
3.49E-7
3.6908E-5
4.0E-7
1.3038E-5
3.47E-7
4.0554E-5
4.28E-7
3.2801E-5
9.77E-7
3.0E-7
2.813E-6
9.654E-6
3.33E-7
4.11E-7
3.1805E-5
5.09E-7
1.594E-6
5.21E-7
3.9134E-5
3.75E-7
5.95E-7
4.3039E-5
3.86E-7
3.87E-7
3.7739E-5
4.005E-5
2.046E-6
3.31E-7
6.862E-6
2.98E-7
4.2793E-5
4.86E-7
4.4305E-5
5.71E-7
4.9E-7
2.9313E-5
5.93E-7
4.65E-7
5.116E-5
4.2186E-5
5.42E-7
4.5199E-5
4.57E-7
3.65E-7
4.4743E-5
6.11E-7
3.22E-7
2.5064E-5
3.46E-7
3.59E-7
4.1323E-5
3.91E-7
3.22E-7
4.4041E-5
5.04E-7
2.79E-7
3.43E-5
3.72E-7
4.93E-7
4.1402E-5
4.69E-7
5.27E-7
4.87E-7
3.4483E-5
3.5179E-5
2.173E-6
7.19E-7
3.5502E-5
8.28E-7
4.6077E-5
8.59E-7
6.16E-7
2.3199E-5
3.2974E-5
6.33E-7
3.6655E-5
5.13E-7
4.6956E-5
4.13E-7
3.3781E-5
3.87E-7
2.096E-5
4.99E-7
3.4194E-5
7.15E-7
1.336E-6
7.94E-7
3.0889E-5
4.93E-7
4.0184E-5
7.04E-7
4.06E-7
4.5202E-5
9.6E-7
2.5468E-5
6.0E-7
9.61E-7
4.0E-7
8.31E-7
3.82E-7
3.0522E-5
4.66E-7
2.87E-7
2.2695E-5
4.89E-7
4.81E-7
2.7122E-5
5.85E-7
4.0703E-5
4.56E-7
4.3951E-5
4.89E-7
3.2124E-5
4.57E-7
3.55E-7
4.1313E-5
5.99E-7
3.6E-7
3.6083E-5
4.34E-7
3.79E-7
3.5893E-5
2.9871E-5
4.02E-7
3.4773E-5
3.68E-7
4.6909E-5
5.86E-7
3.9357E-5
4.1091E-5
4.6725E-5
6.32E-7
2.4578E-5
5.15E-7
3.64E-7
5.27E-7
2.5333E-5
3.8039E-5
7.87E-7
4.21E-7
3.67E-7
3.754E-6
3.48E-7
3.15E-7
4.1083E-5
5.52E-7
1.538E-6
3.59E-7
3.21E-7
4.4281E-5
6.97E-7
2.92E-7
3.7731E-5
2.0738E-5
4.02E-7
3.809E-5
7.8E-7
4.74E-7
4.016E-5
3.3533E-5
4.45E-7
4.73E-7
3.6742E-5
4.5E-7
2.696E-6
4.47E-7
3.7746E-5
2.2785E-5
3.7081E-5
5.76E-7
4.6057E-5
5.22E-7
2.3641E-5
2.9325E-5
3.9979E-5
6.37E-7
4.81E-7
2.2895E-5
5.46E-7
3.51E-7
1.81306E-4
7.2E-7
4.8028E-5
4.96E-7
3.8E-7
3.5821E-5
5.62E-7
3.1327E-5
7.22E-7
3.97E-7
4.163E-6
6.89E-7
2.1733E-5
9.93E-7
2.5061E-5
1.6005E-5
2.5731E-5
5.29E-7
6.33E-7
4.2524E-5
3.1034E-5
6.92E-7
5.36E-7
5.99E-7
4.71E-7
3.6354E-5
5.99E-7
4.1055E-5
4.52E-7
4.0773E-5
6.85E-7
5.47E-7
4.3966E-5
4.25E-7
4.17E-7
2.7233E-5
6.54E-7
3.97E-7
2.1867E-5
4.19E-7
2.91E-7
1.617E-6
2.054E-6
4.02E-7
3.7411E-5
2.858E-5
3.93E-7
2.0517E-5
3.81E-7
2.3033E-5
3.1941E-5
4.68E-7
5.82E-7
4.0472E-5
4.59E-7
3.8E-7
2.4577E-5
3.3317E-5
4.82E-7
6.71E-7
3.23E-7
1.435E-6
2.4329E-5
4.4E-7
3.2643E-5
3.9E-7
3.9449E-5
4.45E-7
4.3749E-5
7.12E-7
4.64E-7
3.15E-7
3.71E-7
3.86E-7
2.2129E-5
4.87E-7
3.7797E-5
4.73E-7
1.638E-6
3.5182E-5
6.17E-7
2.3634E-5
7.44E-7
4.58E-7
4.7416E-5
5.07E-7
1.2853E-5
4.77E-7
7.499E-6
4.06E-7
4.3054E-5
6.24E-7
5.49E-7
3.5357E-5
2.039E-5
6.09E-7
1.316E-6
3.37E-7
4.74E-7
3.8114E-5
1.211E-6
3.89E-7
1.1426E-5
2.7604E-5
4.315E-6
9.57E-7
3.354E-6
7.12E-7
2.94E-7
4.175E-5
2.3533E-5
5.9E-7
3.6786E-5
7.27E-7
6.55E-7
4.66E-7
3.5216E-5
5.27E-7
8.73E-7
6.17E-7
3.49E-7
3.5E-7
3.9715E-5
3.7115E-5
5.75E-7
4.84E-7
5.33E-7
5.71E-7
3.4166E-5
1.421E-6
3.5594E-5
6.81E-7
3.75E-7
7.14E-7
2.252E-6
5.02E-7
3.27E-6
1.362E-6
3.68E-7
3.8748E-5
2.9704E-5
7.09E-7
8.01E-7
3.796E-5
7.48E-7
4.27E-7
2.504E-6
1.408E-6
4.16E-7
4.82E-7
3.7431E-5
3.5612E-5
2.205E-6
5.75E-7
1.0729E-5
4.3491E-5
6.21E-7
3.5378E-5
3.7564E-5
6.12E-7
4.02E-7
4.45E-7
3.0725E-5
6.22E-7
4.17E-7
3.94E-7
4.1005E-5
6.36E-7
4.17E-7
4.3012E-5
7.01E-7
4.3389E-5
8.303E-6
4.0762E-5
5.52E-7
3.66E-7
5.2E-7
4.3497E-5
6.49E-7
5.55E-7
4.81E-7
9.966E-6
5.87E-7
3.421E-6
6.3E-7
3.8317E-5
8.19E-6
2.642E-6
6.55E-7
3.9076E-5
2.3695E-5
2.1182E-5
1.1161E-5
3.4441E-5
5.85E-7
4.72E-7
4.4148E-5
3.5453E-5
6.17E-7
5.47E-7
5.15E-7
2.667E-6
4.52E-7
2.8563E-5
5.43E-7
1.521E-5
4.82E-7
4.1E-7
2.848E-6
4.14E-7
4.26E-7
1.648E-6
4.1573E-5
5.61E-7
3.7825E-5
2.6754E-5
5.78E-7
2.226E-6
3.4256E-5
5.94E-7
1.37E-6
2.802E-6
6.12E-7
2.464E-6
6.13E-7
3.75E-7
4.9E-7
1.7686E-5
9.62E-7
3.95E-7
3.8185E-5
6.33E-7
3.0715E-5
5.77E-7
4.1144E-5
8.09E-7
4.06E-7
1.666E-6
5.88E-7
7.13E-7
3.3E-7
3.7E-7
1.739E-6
2.115E-6
2.3621E-5
6.45E-7
3.92E-7
5.48E-7
3.4269E-5
1.022E-6
4.62E-7
4.03E-7
3.765E-5
4.4248E-5
4.2186E-5
6.65E-7
3.7816E-5
2.2777E-5
5.44E-7
4.7073E-5
4.87E-7
4.43E-7
3.63E-7
1.7316E-5
3.3695E-5
3.8368E-5
5.83E-7
1.506E-6
2.439E-6
3.81E-7
3.4742E-5
3.3431E-5
6.06E-7
3.0852E-5
5.97E-7
1.511E-6
4.6459E-5
7.5E-7
4.11E-7
1.507E-6
4.0633E-5
6.09E-7
3.8393E-5
3.8436E-5
7.5E-7
3.94E-7
4.1603E-5
5.77E-7
3.85E-7
2.9842E-5
5.82E-7
5.5E-7
3.4575E-5
2.6427E-5
3.8332E-5
5.6E-7
4.159E-5
5.85E-7
4.3593E-5
5.27E-7
4.6531E-5
5.79E-7
3.7677E-5
3.8172E-5
7.02E-7
5.44E-7
1.6333E-5
5.22E-7
3.83E-7
3.7426E-5
5.36E-7
4.64E-7
6.8E-7
3.25E-7
1.8869E-5
7.12E-7
4.09E-7
1.109E-6
4.31E-7
4.47E-7
3.0405E-5
3.9877E-5
7.04E-7
3.88E-7
3.5E-7
2.99E-7
1.359E-6
3.5356E-5
7.85E-7
4.86E-7
2.4538E-5
5.17E-7
7.59E-7
2.208E-6
3.4E-7
4.3309E-5
8.74E-7
3.82E-7
3.67E-7
2.7068E-5
3.8739E-5
6.05E-7
4.2252E-5
5.47E-7
3.2527E-5
5.37E-7
4.6E-7
2.6801E-5
5.37E-7
4.89E-7
2.3013E-5
1.079E-6
3.6463E-5
7.1E-7
3.227E-6
4.9E-7
6.4E-7
5.7E-7
3.249E-5
4.56E-7
4.83E-7
4.5428E-5
5.66E-7
4.21E-7
1.541E-6
4.01E-7
4.7503E-5
4.27E-7
2.849E-5
6.02E-7
4.36E-7
4.0271E-5
2.1849E-5
5.12E-7
3.2317E-5
4.03E-7
2.9986E-5
5.19E-7
4.93E-7
1.311E-6
5.35E-7
3.58E-7
4.61E-7
4.1062E-5
6.06E-7
5.93E-7
5.37E-7
4.141E-5
2.3272E-5
4.53E-7
2.6543E-5
5.86E-7
4.039E-5
4.01E-7
3.0508E-5
4.5E-7
4.0109E-5
2.0626E-5
4.47E-7
2.4707E-5
4.65E-7
3.5748E-5
8.08E-7
4.42E-7
2.1477E-5
1.4392E-5
4.95E-7
3.2802E-5
7.73E-7
6.43E-7
5.38E-7
1.24E-6
1.5824E-5
5.25E-7
7.42E-7
2.0379E-5
5.17E-7
4.26E-7
3.7144E-5
6.17E-7
3.85E-7
3.8E-7
4.6249E-5
1.678E-6
4.56E-7
5.59E-7
3.69E-7
4.69E-7
2.407E-6
3.53E-7
4.11E-7
6.95E-7
3.997E-5
3.5832E-5
3.95E-7
3.7076E-5
7.55E-7
3.2145E-5
5.06E-7
4.5742E-5
3.9186E-5
7.39E-7
8.351E-6
2.7999E-5
4.21E-7
3.69E-7
2.8544E-5
3.95E-7
2.136E-6
3.4956E-5
3.88E-7
5.26E-7
4.7658E-5
1.9265E-5
3.56E-7
3.8309E-5
5.49E-7
5.14E-7
2.106E-6
4.6411E-5
4.05E-7
4.4063E-5
3.536E-5
3.2014E-5
3.5313E-5
4.21E-7
1.2661E-5
3.57E-7
2.347E-6
4.89E-7
3.51E-7
4.11E-7
6.2E-7
4.33E-7
3.45E-7
3.2578E-5
4.35E-7
6.44E-7
6.45E-7
3.74E-7
4.1267E-5
4.0E-7
4.561E-5
4.5376E-5
4.05E-7
4.46E-7
4.013E-5
4.0E-7
2.673E-6
4.3014E-5
4.17E-7
4.4764E-5
4.24E-7
4.4724E-5
1.976E-6
4.25E-7
4.93E-7
3.204E-6
3.51E-7
3.5944E-5
4.04E-7
4.2272E-5
4.94E-7
2.7938E-5
3.8E-7
4.83E-7
1.703E-5
4.07E-7
3.1711E-5
3.96E-7
6.93E-7
7.0E-7
3.79E-7
4.5358E-5
4.02E-7
3.64E-7
4.5613E-5
4.43E-7
4.7155E-5
5.77E-7
2.7387E-5
4.36E-7
2.056E-6
2.3089E-5
6.56E-7
3.5954E-5
4.68E-7
2.1985E-5
2.117E-6
1.395E-6
3.4507E-5
3.9E-7
4.34E-7
2.672E-6
1.631E-5
5.22E-7
1.6994E-5
4.41E-7
4.8251E-5
4.02E-7
3.6034E-5
5.85E-7
1.482E-6
4.64E-7
2.199E-6
3.7294E-5
3.9992E-5
1.1359E-5
1.466E-6
3.87E-7
4.57E-7
6.26E-7
4.56E-7
3.5766E-5
8.41E-7
3.427E-5
4.19E-7
5.15E-7
3.91E-7
2.288E-6
3.9061E-5
3.9772E-5
3.615E-5
4.3373E-5
3.56E-7
3.5583E-5
4.33E-7
4.68E-7
3.3863E-5
4.31E-7
4.4864E-5
4.38E-7
5.04E-7
5.83E-7
3.68E-7
4.0842E-5
3.38E-7
5.37E-7
4.471E-5
8.643E-6
3.39E-7
4.2826E-5
4.39E-7
3.039E-5
4.5E-7
7.31E-7
3.6142E-5
4.3821E-5
4.94E-7
4.79E-7
3.0968E-5
4.53E-7
5.75E-7
4.0818E-5
4.58E-7
3.9925E-5
8.36E-6
5.08E-7
3.4304E-5
7.14E-7
2.076E-6
4.94E-7
3.5271E-5
2.4479E-5
8.82E-7
1.909E-6
3.8261E-5
6.34E-7
3.8073E-5
4.53E-7
4.583E-5
6.35E-7
4.348E-5
5.22E-7
2.4909E-5
4.57E-7
4.1442E-5
4.65E-7
4.22E-7
4.23E-7
3.2376E-5
4.54E-7
3.2872E-5
7.56E-7
2.5061E-5
3.43E-7
3.71E-7
3.11E-7
3.044E-6
2.5872E-5
4.182E-5
4.25E-7
1.943E-6
3.2605E-5
4.18E-7
1.464E-6
3.3779E-5
4.77E-7
4.0387E-5
6.16E-7
4.56E-7
4.8E-7
6.81E-7
3.41E-7
1.775E-6
3.4999E-5
6.96E-7
3.83E-7
4.2178E-5
4.97E-7
4.35E-7
5.6226E-5
1.7458E-5
5.46E-7
8.49E-7
1.6887E-5
3.95E-7
7.05E-7
3.408E-6
3.29E-7
4.46E-7
2.7323E-5
6.83E-7
4.22E-7
4.6015E-5
4.81E-7
4.36E-7
1.5517E-5
2.2128E-5
3.3E-7
4.41E-7
3.6309E-5
4.08E-7
4.32E-7
4.8569E-5
3.5324E-5
2.8148E-5
5.91E-7
2.9149E-5
5.29E-7
2.045E-6
4.25E-7
8.25E-7
4.5876E-5
5.03E-7
4.0E-7
2.7409E-5
4.19E-7
3.4E-7
4.13E-7
3.3556E-5
3.67E-7
3.7245E-5
2.1142E-5
3.094E-6
4.87E-7
2.9124E-5
2.995E-6
3.43E-7
4.29E-7
3.8013E-5
3.74E-7
5.29E-7
6.29E-7
2.9291E-5
6.85E-7
4.19E-7
5.03E-7
2.7396E-5
4.81E-7
4.4949E-5
1.0611E-5
4.16E-7
3.9147E-5
4.1056E-5
4.2053E-5
6.7E-7
4.45E-7
4.1102E-5
5.2E-7
1.637E-6
3.4202E-5
8.77E-7
3.94E-7
5.54E-7
8.22E-7
5.58E-7
3.8275E-5
4.0268E-5
5.48E-7
6.11E-7
3.0343E-5
6.34E-7
4.6367E-5
5.71E-7
3.0132E-5
6.57E-7
4.01E-7
3.005E-6
4.3639E-5
6.21E-7
5.72E-7
5.972E-6
3.7E-7
4.7078E-5
1.849E-6
6.55E-7
1.7917E-5
3.7754E-5
5.09E-7
4.9572E-5
1.8536E-5
1.823E-6
4.24E-7
3.3144E-5
4.96E-7
1.527E-6
4.1717E-5
5.49E-7
6.64E-7
4.1323E-5
5.5E-7
4.3987E-5
4.58E-7
5.36E-7
4.935E-5
3.0175E-5
5.05E-7
4.02E-7
3.9624E-5
2.24E-6
4.65E-7
3.8197E-5
3.9129E-5
4.71E-7
5.41E-7
3.043E-6
2.7467E-5
7.54E-7
5.26E-7
2.0162E-5
3.52E-7
3.97E-7
5.85E-7
3.9217E-5
4.6E-7
6.24E-7
1.734E-6
1.321E-6
3.09E-7
3.29E-7
3.88E-7
5.03E-7
3.0916E-5
2.827E-6
3.3943E-5
5.34E-7
3.8645E-5
4.45E-7
4.697E-5
9.718E-6
5.02E-7
5.683E-6
4.598E-5
5.02E-7
1.66E-6
8.54E-7
3.762E-5
1.392E-6
6.14E-7
4.1711E-5
4.63E-7
4.14E-7
1.9303E-5
3.5341E-5
2.71E-6
2.6088E-5
5.49E-7
6.51E-7
4.4036E-5
2.5659E-5
6.35E-7
3.6735E-5
5.85E-7
4.246E-5
2.8048E-5
3.8251E-5
9.17E-7
2.999E-6
2.2134E-5
5.3E-7
3.9277E-5
1.883E-6
5.22E-7
3.39E-7
4.0033E-5
4.055E-5
5.92E-7
4.86E-7
3.9688E-5
6.17E-7
6.19E-7
3.5E-7
4.3207E-5
2.07E-5
5.48E-7
3.6238E-5
4.23E-7
3.98E-7
3.8326E-5
1.208E-6
3.23E-7
3.0728E-5
5.71E-7
3.71E-7
3.69E-7
2.6005E-5
3.71E-7
3.73E-7
2.81E-7
2.1326E-5
3.64E-7
5.38E-7
4.5305E-5
4.06E-7
4.1897E-5
6.5E-7
3.3781E-5
4.1944E-5
4.3E-7
4.2131E-5
4.09E-7
5.05E-7
3.9175E-5
4.18E-7
3.6954E-5
3.345E-5
4.0393E-5
7.19E-7
5.49E-7
1.859E-6
4.49E-7
4.79E-7
3.473E-6
2.514E-6
3.0395E-5
5.15E-7
5.02E-7
1.467E-6
3.48E-7
3.8219E-5
4.09E-7
3.6984E-5
5.62E-7
4.41E-7
3.8881E-5
4.94E-7
4.14E-7
3.9352E-5
5.77E-7
3.46E-7
4.166E-5
2.512E-5
2.8005E-5
3.59E-7
3.9981E-5
4.55E-7
9.687E-6
3.79E-7
3.42E-7
3.6855E-5
5.11E-7
3.6154E-5
6.05E-7
2.323E-6
3.5E-7
1.479E-6
6.07E-7
3.1E-7
3.056E-6
4.3352E-5
5.87E-7
3.3328E-5
4.34E-7
4.6985E-5
4.38E-7
6.25E-7
2.766E-6
3.5E-7
5.32E-7
3.3837E-5
4.11E-7
4.198E-5
1.804E-6
4.28E-7
1.511E-6
2.127E-6
2.6603E-5
4.13E-7
8.69E-6
4.84E-7
3.9331E-5
1.982E-5
5.16E-7
3.6061E-5
3.82E-7
3.208E-6
4.2216E-5
2.7745E-5
4.3E-7
2.9995E-5
4.66E-7
3.93E-7
5.19E-7
1.1401E-5
2.459E-6
4.3755E-5
6.87E-7
2.4651E-5
4.4556E-5
3.0709E-5
6.74E-7
5.38E-7
4.86E-7
5.98E-7
5.73E-7
3.95E-7
3.0611E-5
5.3E-7
3.4313E-5
2.4442E-5
5.99E-7
3.65E-7
4.25E-7
3.6148E-5
7.54E-7
4.69E-7
3.0664E-5
4.42E-7
3.45E-7
3.4963E-5
6.8E-7
4.3E-7
4.169E-5
2.278E-5
4.05E-7
7.042E-6
2.76E-7
3.1E-7
2.16E-7
2.4421E-5
3.72E-7
2.81E-7
2.3E-7
1.8755E-5
3.27E-7
3.07E-7
2.69E-7
7.22E-7
2.4055E-5
3.23E-7
5.68E-7
2.7195E-5
1.5775E-5
1.06E-6
3.33E-7
2.0785E-5
3.65E-7
2.7186E-5
3.1E-7
2.57E-7
2.5637E-5
3.63E-7
2.3963E-5
3.04E-7
1.6949E-5
2.0768E-5
2.0982E-5
5.9E-7
1.8124E-5
3.79E-7
2.16E-7
2.52E-7
2.4971E-5
2.43E-7
5.822E-6
2.7354E-5
2.4463E-5
3.65E-7
4.61E-7
4.06E-7
2.45E-7
1.6023E-5
4.59E-7
2.596E-6
3.5491E-5
1.16E-6
5.67E-7
4.45E-7
3.3688E-5
5.05E-7
3.24E-7
3.57E-7
2.8813E-5
2.4429E-5
3.17E-7
3.554E-6
2.3807E-5
2.27E-7
2.91E-7
4.92E-7
2.7135E-5
2.6926E-5
3.24E-7
1.4616E-5
3.22E-7
9.48E-7
3.68E-7
2.3507E-5
2.63E-7
1.8267E-5
8.888E-6
2.7319E-5
5.05E-7
2.52E-7
2.8078E-5
4.46E-7
2.17E-7
2.5364E-5
1.1925E-5
3.35E-7
2.4102E-5
4.56E-7
2.6291E-5
4.02E-7
2.89E-7
4.681E-6
2.45E-7
2.6157E-5
1.3307E-5
4.09E-7
2.75E-7
2.05E-7
2.8803E-5
2.93E-7
2.52E-7
3.575E-5
2.398E-5
3.66E-7
2.6369E-5
2.76E-7
2.5895E-5
4.46E-7
3.18E-7
2.62E-7
1.4825E-5
3.52E-7
1.05E-6
2.67E-7
4.49E-7
1.9608E-5
2.74E-7
2.4136E-5
3.61E-7
1.8813E-5
5.76E-7
3.5312E-5
5.12E-7
3.75E-7
2.52E-7
2.3894E-5
3.22E-7
2.7365E-5
3.707E-6
2.73E-7
2.4127E-5
2.53E-7
2.6694E-5
2.85E-7
2.66E-7
2.69E-7
3.0728E-5
2.6397E-5
3.92E-7
4.75E-7
2.8904E-5
2.542E-6
3.9633E-5
8.99E-6
2.82E-7
2.82E-7
3.4559E-5
1.9058E-5
2.8021E-5
5.65E-7
3.28E-7
2.0801E-5
2.3981E-5
4.35E-7
2.8216E-5
2.4221E-5
2.1374E-5
4.19E-7
3.37E-7
2.6264E-5
1.8907E-5
2.93E-7
3.97E-7
1.6195E-5
2.1522E-5
2.88E-7
2.23E-7
2.6769E-5
1.6804E-5
1.7467E-5
4.21E-7
2.3363E-5
3.47E-7
3.01E-7
2.3605E-5
1.2845E-5
1.0178E-5
5.36E-7
2.29E-7
2.0209E-5
1.8869E-5
4.13E-7
8.042E-6
1.4943E-5
2.5535E-5
1.3643E-5
2.7259E-5
4.78E-7
3.31E-7
2.38E-7
2.1854E-5
4.07E-7
2.52E-7
1.3789E-5
2.51E-7
2.3133E-5
5.351E-6
3.57E-7
2.69E-7
4.37E-7
2.1168E-5
2.59E-7
2.62E-7
2.38E-7
1.7749E-5
2.8988E-5
2.89E-7
2.3932E-5
3.16E-7
2.7237E-5
3.15E-7
2.09E-7
9.951E-6
8.98E-7
2.13E-7
2.1765E-5
6.37E-7
2.67E-7
2.7184E-5
3.0E-7
9.75E-7
2.56E-7
1.5824E-5
4.735E-6
2.31E-7
2.5E-7
2.0497E-5
1.7824E-5
2.65E-7
2.65E-7
2.33E-7
2.5943E-5
3.08E-7
9.872E-6
3.95E-7
2.48E-7
2.0661E-5
2.42E-7
1.8617E-5
2.39E-7
2.15E-7
3.84E-7
2.2332E-5
1.839E-5
2.9E-7
3.4E-7
2.4666E-5
2.8061E-5
4.8E-7
2.47E-7
1.87E-5
2.4505E-5
4.13E-7
1.633E-6
1.8642E-5
2.726E-5
2.73E-7
2.696E-5
2.1318E-5
2.5E-7
1.3375E-5
3.3E-7
2.62E-7
2.3524E-5
4.57E-7
2.17E-7
1.6881E-5
2.8E-7
1.7457E-5
2.0661E-5
1.5715E-5
1.5303E-5
3.33E-7
1.2054E-5
2.22E-7
2.73E-7
2.6577E-5
4.51E-7
1.297E-6
4.35E-7
2.1684E-5
3.13E-7
2.1464E-5
2.71E-7
2.3998E-5
1.3734E-5
3.63E-7
2.7383E-5
6.267E-6
2.55E-7
1.7285E-5
1.6006E-5
2.27E-7
2.0755E-5
2.62E-7
2.7037E-5
2.54E-7
2.2245E-5
2.7203E-5
2.7E-7
1.899E-6
1.161E-6
2.4692E-5
1.7155E-5
2.89E-7
3.38E-7
4.4E-7
2.71E-7
1.596E-5
2.97E-7
2.436E-5
2.66E-7
2.3551E-5
3.53E-7
1.6012E-5
3.09E-7
2.3947E-5
2.59E-7
1.633E-6
2.8152E-5
2.3433E-5
2.2247E-5
2.95E-7
1.026E-6
3.57E-7
2.71E-7
4.27E-7
1.5383E-5
2.4E-7
2.24E-7
2.3371E-5
2.3273E-5
2.88E-7
2.7898E-5
2.7021E-5
2.73E-7
7.49E-7
2.5E-7
2.67E-7
1.812E-6
2.07E-7
2.721E-5
4.61E-7
2.98E-7
2.71E-7
2.1924E-5
3.16E-7
3.89E-7
9.07E-7
1.7854E-5
3.04E-7
8.124E-6
2.6767E-5
3.13E-7
2.31E-7
2.43E-7
2.6163E-5
2.96E-7
2.69E-7
2.7495E-5
2.97E-7
7.03E-7
2.7621E-5
3.06E-7
4.12E-7
1.8975E-5
8.55E-7
2.2E-7
2.5335E-5
6.73E-7
2.72E-7
2.7177E-5
4.59E-7
2.6047E-5
4.89E-7
2.23E-7
2.7492E-5
2.73E-7
1.6016E-5
2.62E-7
2.5616E-5
2.83E-7
2.48E-7
2.6677E-5
4.41E-7
8.28E-7
4.3E-7
6.98E-7
4.4E-7
3.08E-7
1.99E-7
1.5549E-5
2.32E-7
2.6607E-5
3.63E-7
1.6821E-5
3.48E-7
3.72E-7
2.4035E-5
2.57E-7
2.114E-6
2.2398E-5
3.36E-7
2.76E-7
2.652E-5
4.29E-7
2.11E-7
2.6851E-5
1.506E-6
1.3946E-5
1.9832E-5
2.3087E-5
1.6527E-5
2.63E-7
1.592E-6
1.583E-6
2.66E-7
2.67E-7
2.31E-7
1.4101E-5
2.34E-7
2.7265E-5
4.91E-7
1.6864E-5
3.11E-7
3.1E-7
2.4193E-5
4.09E-7
1.966E-6
2.36E-7
3.48E-7
2.1003E-5
2.5E-7
3.22E-7
1.6395E-5
4.18E-7
1.3147E-5
5.55E-6
2.3132E-5
1.5298E-5
2.69E-7
2.42E-7
2.4373E-5
4.38E-7
2.62E-7
2.3883E-5
7.627E-6
9.129E-6
1.951E-5
2.98E-7
2.35E-7
2.6775E-5
2.72E-7
2.1087E-5
2.57E-7
2.73E-7
2.3771E-5
6.35E-7
2.64E-7
2.0544E-5
3.3E-7
2.7043E-5
2.91E-7
1.3216E-5
2.0908E-5
3.8E-7
2.23E-7
2.79E-7
1.6429E-5
4.39E-7
9.947E-6
1.1805E-5
2.4E-7
2.3637E-5
2.1297E-5
2.56E-7
2.47E-7
2.4631E-5
2.6202E-5
3.93E-7
2.6781E-5
2.57E-7
2.62E-7
1.1833E-5
2.3231E-5
3.22E-7
5.6495E-5
7.29E-7
3.49E-7
2.9158E-5
1.005E-6
1.784E-5
2.33E-7
3.5E-7
2.6428E-5
2.87E-7
7.37E-7
1.5694E-5
2.7222E-5
4.688E-6
2.69E-7
2.59E-7
2.87E-7
1.97E-7
2.72E-7
1.8086E-5
1.3089E-5
1.8725E-5
2.85E-7
3.2E-7
2.6858E-5
3.37E-7
3.62E-7
1.271E-6
5.95E-7
3.09E-7
2.6833E-5
2.7857E-5
3.26E-7
2.4062E-5
3.05E-7
3.1E-7
2.3168E-5
3.64E-7
2.679E-5
2.7838E-5
3.16E-7
3.98E-7
4.485E-6
2.77E-7
1.819E-6
3.3E-7
2.23E-7
6.233E-6
4.42E-7
2.38E-7
4.89E-7
1.8227E-5
1.152E-6
2.52E-7
2.37E-7
3.33E-7
1.86E-7
3.3E-7
2.1484E-5
4.02E-7
2.7966E-5
2.65E-7
2.2074E-5
4.85E-7
6.913E-6
2.3891E-5
3.28E-7
2.1295E-5
3.38E-7
1.5076E-5
4.16E-7
2.63E-7
1.897E-6
2.06E-7
3.79E-7
2.7E-7
2.75E-7
1.8051E-5
3.59E-7
2.2224E-5
3.65E-7
2.6598E-5
2.84E-7
2.7E-7
2.4148E-5
2.4356E-5
4.31E-7
2.0926E-5
2.7476E-5
2.79E-7
2.87E-7
1.337E-6
2.51E-7
2.18E-7
1.7494E-5
2.686E-5
2.8E-7
3.36E-7
6.835E-6
2.6625E-5
2.7282E-5
2.91E-7
2.8656E-5
2.7E-7
2.2E-7
9.81E-7
2.6956E-5
2.2398E-5
3.77E-7
2.33E-7
2.55E-7
3.37E-7
2.39E-7
2.6703E-5
2.61E-7
7.841E-6
2.37E-7
2.0328E-5
2.8595E-5
2.93E-7
2.7E-7
1.6508E-5
2.82E-7
2.3778E-5
2.68E-7
1.5163E-5
2.43E-7
1.761E-6
3.09E-7
1.7167E-5
2.38E-7
2.55E-7
4.75E-7
2.0674E-5
2.97E-7
2.97E-7
2.7994E-5
2.6E-7
2.0046E-5
2.39E-7
2.65E-7
4.1807E-5
2.5003E-5
6.67E-7
2.4901E-5
2.86E-7
2.65E-7
2.4489E-5
3.32E-7
2.9799E-5
3.01E-7
2.1273E-5
2.61E-7
3.65E-7
1.6321E-5
5.42E-7
1.4783E-5
2.0333E-5
2.56E-7
3.38E-7
2.6697E-5
2.8E-7
2.67E-7
2.33E-7
2.5266E-5
4.37E-7
2.66E-7
2.3912E-5
4.26E-7
1.4015E-5
2.49E-7
2.75E-7
5.9E-7
2.64E-7
1.7627E-5
1.7425E-5
2.6E-7
2.6873E-5
3.94E-7
1.1697E-5
1.4289E-5
2.48E-7
2.6038E-5
2.1678E-5
4.05E-7
2.7254E-5
2.3174E-5
3.42E-7
2.96E-7
2.6791E-5
2.63E-7
2.8E-7
1.7883E-5
1.791E-5
2.1519E-5
1.038E-6
2.5567E-5
2.57E-7
1.3117E-5
1.6199E-5
4.48E-7
2.4877E-5
3.13E-7
2.4E-7
2.0804E-5
1.989E-6
2.55E-7
4.23E-7
2.4634E-5
2.54E-7
2.7575E-5
2.87E-7
9.19E-7
6.433E-6
2.93E-7
2.1017E-5
1.1428E-5
9.538E-6
1.5592E-5
2.97E-7
2.22E-7
2.635E-5
3.07E-7
1.1522E-5
3.55E-7
3.25E-7
4.3E-7
3.21E-7
1.8333E-5
1.1908E-5
3.28E-7
2.0353E-5
2.64E-7
3.39E-7
1.2184E-5
2.6654E-5
4.81E-7
3.53E-7
2.7044E-5
2.64E-7
2.59E-7
1.5079E-5
2.08E-5
2.58E-7
1.233E-6
1.99E-7
2.63E-7
2.3652E-5
2.2265E-5
3.11E-7
2.7534E-5
2.74E-7
3.1E-7
2.1499E-5
3.02E-7
2.71E-7
2.437E-5
2.61E-7
3.65E-7
2.4756E-5
3.44E-7
2.07E-7
2.6535E-5
1.6543E-5
2.78E-7
1.8895E-5
2.68E-7
2.1331E-5
1.7727E-5
2.7348E-5
2.44E-7
2.7289E-5
3.28E-7
2.1694E-5
3.62E-7
2.65E-7
2.087E-6
1.017E-5
3.37E-7
2.8E-7
1.7488E-5
3.41E-7
4.85E-7
3.96E-7
4.28E-7
2.15E-7
2.3795E-5
3.21E-7
2.29E-7
2.6995E-5
3.04E-7
2.4931E-5
9.617E-6
3.02E-7
2.41E-7
2.385E-6
2.57E-7
2.44E-7
1.324E-6
2.37E-7
1.99E-7
1.5102E-5
2.5712E-5
3.59E-7
2.66E-7
2.32E-7
1.6222E-5
2.5E-7
3.76E-7
2.6578E-5
1.7567E-5
1.2067E-5
2.58E-7
1.9483E-5
2.7404E-5
2.69E-7
1.722E-6
2.118E-5
3.01E-7
3.15E-7
2.6249E-5
1.8789E-5
3.06E-7
1.838E-5
2.7185E-5
4.25E-7
2.73E-7
2.403E-5
3.35E-7
2.71E-7
1.8319E-5
1.7281E-5
1.351E-6
1.6681E-5
3.13E-7
2.81E-7
2.6782E-5
3.01E-7
5.86E-7
1.9953E-5
5.177E-6
2.2E-7
3.76E-7
1.8375E-5
1.9194E-5
1.5237E-5
2.4E-7
1.7986E-5
2.6001E-5
1.3795E-5
3.63E-7
1.2442E-5
2.7459E-5
5.18E-7
3.04E-7
2.5795E-5
3.89E-7
2.5E-7
2.4184E-5
4.08E-7
1.5253E-5
2.1152E-5
1.34E-6
4.66E-7
1.4516E-5
3.51E-7
1.055E-6
2.56E-7
6.85E-7
5.98E-7
2.7046E-5
1.832E-6
1.8342E-5
2.46E-7
8.35E-7
2.115E-6
1.616E-5
2.74E-7
2.6955E-5
6.56E-7
3.9261E-5
1.81E-6
2.252E-6
2.8495E-5
5.81E-7
4.53E-7
3.1913E-5
5.08E-7
1.5989E-5
4.6E-7
3.06E-7
2.133E-5
2.73E-7
1.6859E-5
3.62E-7
3.49E-7
1.961E-6
2.61E-7
3.07E-7
2.78E-7
2.097E-5
8.369E-6
2.497E-5
6.56E-7
3.415E-5
4.8E-7
4.0687E-5
2.3709E-5
5.61E-7
5.79E-7
2.8118E-5
7.34E-7
4.6724E-5
6.06E-7
2.992E-6
4.2946E-5
5.21E-7
4.34E-7
3.307E-5
4.59E-7
4.2578E-5
6.09E-7
4.61E-7
3.19E-7
4.1297E-5
3.132E-6
3.75E-7
2.7154E-5
2.0817E-5
4.19E-7
4.03E-7
3.8378E-5
5.75E-7
2.6663E-5
1.8118E-5
4.2465E-5
7.05E-7
3.861E-5
4.01E-7
3.5584E-5
8.6E-7
4.6331E-5
6.62E-7
4.23E-7
1.251E-6
3.8293E-5
1.062E-6
3.7495E-5
1.2939E-5
1.737E-5
3.3807E-5
4.31E-7
4.26E-7
4.29E-7
3.86E-7
4.6338E-5
2.9285E-5
6.22E-7
1.3217E-5
4.09E-7
2.1685E-5
3.93E-7
3.53E-7
6.29E-7
4.3051E-5
5.88E-7
4.4337E-5
1.893E-6
5.35E-7
4.75E-7
6.06E-7
3.24E-7
3.5396E-5
4.1609E-5
5.1E-7
4.2037E-5
2.3854E-5
4.61E-7
4.3681E-5
2.0354E-5
3.5677E-5
5.09E-7
3.4293E-5
4.43E-7
4.2733E-5
4.78E-7
4.347E-5
5.28E-7
3.9627E-5
4.44E-7
4.3005E-5
5.26E-7
3.8143E-5
4.31E-7
4.88E-7
3.0046E-5
4.19E-7
4.78E-7
4.1775E-5
3.6699E-5
4.3452E-5
4.59E-7
4.1526E-5
4.62E-7
4.5627E-5
4.2765E-5
6.94E-7
3.4918E-5
4.36E-7
5.42E-7
3.063E-5
1.872E-6
1.0667E-5
2.4856E-5
4.63E-7
3.79E-7
3.4135E-5
3.71E-7
1.352E-6
1.0322E-5
3.3832E-5
3.86E-7
3.52E-7
1.208E-6
3.5163E-5
5.1E-7
5.73E-7
3.8242E-5
3.4102E-5
3.5101E-5
7.18E-7
4.5E-7
4.57E-7
3.5E-7
1.1859E-5
4.55E-7
6.3E-7
3.5154E-5
1.088E-6
3.41E-7
4.3293E-5
6.51E-7
2.7085E-5
4.93E-7
3.4201E-5
2.7075E-5
4.0E-7
4.2151E-5
1.718E-6
3.89E-7
3.65E-7
4.5248E-5
4.66E-7
5.56E-7
4.62E-7
3.97E-7
2.99E-7
3.36E-7
4.1682E-5
4.16E-7
5.03E-7
3.4709E-5
4.59E-7
2.523E-6
1.239E-6
5.254E-6
3.87E-7
4.49E-7
1.6935E-5
3.81E-7
3.4309E-5
4.68E-7
2.3429E-5
4.77E-7
6.13E-7
2.6704E-5
5.62E-7
3.4254E-5
4.06E-7
4.51E-7
3.918E-5
2.6347E-5
5.7E-7
3.7907E-5
1.493E-6
1.346E-6
3.5484E-5
8.24E-7
4.9E-7
3.35E-7
3.8052E-5
4.57E-7
3.9177E-5
3.4445E-5
4.2894E-5
5.5E-7
2.7136E-5
3.7447E-5
4.82E-7
6.57E-7
2.997E-6
3.1953E-5
5.88E-7
4.3061E-5
5.22E-7
3.8497E-5
5.33E-7
5.67E-7
4.2252E-5
5.63E-7
5.06E-7
3.4677E-5
4.86E-7
2.7055E-5
2.8919E-5
6.35E-7
4.151E-6
4.98E-7
4.0063E-5
3.7093E-5
1.655E-6
6.77E-7
2.326E-6
5.69E-7
4.95E-7
3.8695E-5
2.894E-6
3.3124E-5
4.1053E-5
3.8086E-5
2.3241E-5
7.34E-7
2.9448E-5
7.39E-7
5.38E-7
3.22E-7
1.5693E-5
1.6347E-5
3.58E-7
3.19E-7
3.7E-7
2.7203E-5
2.7073E-5
4.33E-7
2.8214E-5
2.7254E-5
2.79E-7
3.23E-7
2.1843E-5
4.61E-7
1.723E-6
5.11E-7
4.51E-7
5.32E-7
3.61E-7
2.6336E-5
2.67E-7
1.5373E-5
2.6907E-5
2.77E-7
2.6846E-5
3.43E-7
2.67E-7
1.992E-6
2.24E-7
2.1045E-5
1.056E-6
1.8869E-5
3.1E-7
7.79E-7
2.15E-7
3.85E-7
3.6E-7
1.8329E-5
2.9E-7
3.18E-7
2.5735E-5
2.89E-7
2.3689E-5
2.0703E-5
1.9586E-5
1.7716E-5
2.56E-7
1.767E-6
2.0573E-5
1.0125E-5
3.53E-7
1.6945E-5
2.74E-7
1.612E-6
3.11E-7
2.4334E-5
5.38E-7
2.612E-5
2.7527E-5
2.6799E-5
2.8288E-5
2.5966E-5
4.29E-7
2.1564E-5
2.7188E-5
3.74E-7
4.13E-7
1.5663E-5
1.384E-6
2.25E-7
2.7588E-5
2.5705E-5
2.6013E-5
3.82E-7
2.6833E-5
4.18E-7
2.7154E-5
4.44E-7
2.2772E-5
4.51E-7
4.34E-7
2.6715E-5
6.531E-6
6.53E-7
2.4367E-5
1.061E-6
2.45E-7
3.23E-7
2.4065E-5
3.69E-7
4.925E-6
2.45E-7
2.33E-7
2.88E-7
2.0374E-5
3.73E-7
2.13E-7
2.7216E-5
2.96E-7
2.6166E-5
1.3869E-5
4.951E-6
2.79E-7
2.5749E-5
3.05E-7
3.02E-7
2.5343E-5
2.88E-7
3.07E-7
2.52E-7
2.6996E-5
7.1E-7
3.72E-7
4.35E-7
4.3E-7
4.65E-7
2.381E-6
2.65E-7
2.7136E-5
2.2086E-5
8.97E-7
2.6933E-5
2.56E-7
2.5853E-5
4.33E-7
1.021E-6
2.65E-7
2.86E-7
5.91E-7
2.51E-7
3.4E-7
1.7926E-5
1.436E-6
3.13E-7
3.57E-7
2.8447E-5
2.93E-7
2.4267E-5
3.1E-7
2.5931E-5
1.8415E-5
1.0727E-5
1.9953E-5
2.79E-7
2.1357E-5
2.4361E-5
4.98E-7
1.257E-6
3.9568E-5
3.3229E-5
8.42E-7
3.1617E-5
7.23E-7
3.77E-7
2.2513E-5
4.21E-7
5.32E-7
4.49E-7
4.23E-7
2.404E-6
3.53E-7
3.87E-7
4.2471E-5
5.0E-7
3.7257E-5
4.0329E-5
4.6032E-5
8.42E-7
3.55E-7
1.203E-6
2.147E-6
4.16E-7
1.8671E-5
3.62E-7
2.79E-7
8.73E-7
5.72E-7
1.0161E-5
3.0432E-5
4.33E-7
2.95E-7
2.6854E-5
3.27E-7
5.1E-7
2.58E-7
2.7092E-5
3.26E-7
2.613E-5
2.71E-7
2.1049E-5
2.95E-7
2.8368E-5
3.44E-7
9.616E-6
2.6122E-5
4.11E-7
4.07E-7
3.72E-7
2.22E-7
2.4186E-5
2.68E-7
2.56E-7
2.6885E-5
2.6E-7
4.12E-7
2.5607E-5
2.7078E-5
5.08E-7
2.59E-7
2.5955E-5
2.83E-7
1.8104E-5
1.2124E-5
2.3334E-5
3.8E-7
2.19E-7
1.5915E-5
2.74E-7
2.8726E-5
2.58E-7
2.58E-7
1.5823E-5
2.51E-7
1.2865E-5
2.97E-7
1.2323E-5
3.35E-7
3.26E-7
1.218E-6
2.3993E-5
1.3928E-5
2.8E-7
2.4241E-5
2.6E-7
2.7796E-5
2.94E-7
2.7213E-5
3.0E-7
8.24E-7
2.0862E-5
3.24E-7
1.8011E-5
3.72E-7
3.11E-7
3.22E-7
4.734E-6
2.64E-7
2.5819E-5
2.73E-7
2.842E-5
2.4243E-5
1.6214E-5
2.79E-7
3.81E-7
2.4848E-5
1.8514E-5
3.06E-7
3.89E-7
2.415E-5
3.41E-7
1.096E-6
1.008E-6
9.02E-7
2.5001E-5
9.868E-6
2.84E-7
2.19E-7
2.6262E-5
2.9E-7
2.6654E-5
2.8E-7
1.433E-6
4.28E-7
1.1547E-5
2.76E-7
4.49E-7
2.97E-7
2.6571E-5
3.08E-7
3.59E-7
1.6716E-5
2.77E-7
2.3394E-5
2.738E-5
1.4455E-5
2.75E-7
1.069E-6
3.86E-7
2.6037E-5
2.0983E-5
4.3E-7
2.21E-7
2.7996E-5
2.7639E-5
1.1492E-5
5.78E-7
2.27E-7
3.49E-7
5.7E-7
1.98E-7
1.816E-6
4.09E-7
2.45E-7
2.3805E-5
2.68E-7
1.2978E-5
2.7548E-5
2.92E-7
1.8013E-5
2.84E-7
2.6278E-5
3.6E-7
2.53E-7
3.2E-7
2.69E-7
4.43E-7
2.32E-7
1.5665E-5
2.8E-7
2.55E-7
2.02E-7
2.6675E-5
2.94E-7
4.737E-6
2.74E-7
3.0E-7
1.8487E-5
2.95E-7
1.392E-6
2.4339E-5
2.495E-5
1.511E-6
2.44E-7
2.4553E-5
2.691E-5
2.9E-7
1.903E-5
2.96E-7
2.749E-5
2.8318E-5
2.92E-7
2.3816E-5
2.76E-7
2.6214E-5
4.53E-7
2.6676E-5
2.4716E-5
2.8172E-5
2.58E-7
3.51E-7
2.2634E-5
3.02E-7
3.09E-7
1.9136E-5
2.69E-7
4.7E-7
2.0955E-5
4.07E-7
2.5875E-5
2.369E-5
3.4E-7
2.7456E-5
2.4106E-5
2.99E-7
2.6728E-5
1.545E-5
2.48E-7
1.1065E-5
2.6854E-5
2.5116E-5
2.96E-7
2.6254E-5
2.6258E-5
2.73E-7
2.6928E-5
4.28E-7
3.63E-7
1.6459E-5
2.21E-7
2.3685E-5
2.45E-7
2.1151E-5
1.824E-6
4.43E-7
4.767E-6
2.42E-7
2.4111E-5
2.94E-7
2.582E-5
7.45E-7
2.3788E-5
7.52E-7
2.6213E-5
3.35E-7
2.5048E-5
2.5794E-5
3.15E-7
2.0891E-5
3.02E-7
3.59E-7
2.3593E-5
3.2E-7
2.6379E-5
8.54E-7
1.5341E-5
2.73E-7
2.8465E-5
3.86E-7
1.5328E-5
1.024E-6
3.0E-7
7.211E-6
9.55E-7
2.81E-7
2.5477E-5
2.96E-7
2.7375E-5
2.4191E-5
8.43E-7
2.1773E-5
6.266E-6
9.44E-7
9.21E-7
1.5342E-5
4.53E-7
2.6148E-5
3.34E-7
2.28E-7
3.57E-7
2.54E-7
3.78E-7
2.76E-7
3.23E-7
1.98E-7
2.58E-7
1.206E-6
2.34E-7
1.9729E-5
2.44E-7
2.71E-7
3.33E-7
1.8586E-5
2.78E-7
3.02E-7
2.4937E-5
3.85E-7
2.5544E-5
2.77E-7
1.0873E-5
2.13E-7
8.04E-7
1.7543E-5
2.38E-7
1.8548E-5
1.3764E-5
2.71E-7
2.7067E-5
2.58E-7
1.511E-6
2.07E-7
8.75E-7
2.54E-7
2.33E-7
2.8729E-5
2.77E-7
2.5936E-5
2.91E-7
4.29E-7
3.42E-7
2.15E-7
2.1385E-5
3.06E-7
3.13E-7
4.63E-7
2.52E-7
2.4054E-5
3.98E-7
2.3748E-5
2.9E-7
2.63E-7
2.6599E-5
2.2696E-5
1.382E-5
1.231E-6
2.46E-7
3.41E-7
1.86E-6
2.04E-7
7.69E-7
1.0673E-5
1.8124E-5
2.2989E-5
2.82E-7
2.31E-7
1.3874E-5
1.517E-6
2.25E-7
2.58E-7
2.0778E-5
1.4333E-5
5.2E-7
4.29E-7
2.55E-7
1.304E-6
2.7073E-5
2.67E-7
2.49E-7
2.32E-7
2.4087E-5
2.85E-7
1.278E-6
2.22E-7
2.82E-7
2.3E-7
2.618E-5
4.47E-7
1.7847E-5
2.93E-7
2.064E-5
4.07E-7
2.83E-7
2.24E-7
2.815E-5
4.85E-7
2.72E-7
2.6588E-5
3.61E-7
2.5001E-5
2.82E-7
1.833E-6
2.1258E-5
5.568E-6
1.392E-6
2.1178E-5
2.63E-7
2.2533E-5
2.202E-5
2.86E-7
2.422E-5
3.51E-7
3.38E-7
2.3609E-5
2.375E-5
3.26E-7
1.9794E-5
4.34E-7
1.894E-6
3.204E-6
2.66E-7
3.3E-7
3.09E-7
2.4652E-5
2.98E-7
2.3574E-5
2.93E-7
1.8309E-5
2.51E-7
2.91E-7
1.8439E-5
5.71E-7
3.21E-7
3.94E-7
4.1913E-5
2.24E-6
2.8347E-5
1.8425E-5
3.23E-7
1.022E-6
1.9095E-5
2.54E-7
1.752E-5
2.53E-7
2.81E-7
1.8466E-5
2.3932E-5
2.0938E-5
2.74E-7
2.4956E-5
1.5246E-5
2.6815E-5
2.74E-7
1.3062E-5
1.3215E-5
2.3558E-5
1.1715E-5
1.404E-6
2.4205E-5
2.1362E-5
2.85E-7
2.5325E-5
2.44E-7
3.47E-7
1.459E-6
1.93E-7
2.3058E-5
3.59E-7
2.0642E-5
3.65E-7
2.49E-7
2.2581E-5
4.65E-7
2.24E-7
2.6849E-5
2.61E-7
3.54E-7
2.4791E-5
4.91E-7
1.6535E-5
3.62E-7
2.49E-7
1.9962E-5
4.93E-7
2.27E-7
4.49E-7
2.6874E-5
1.325E-6
2.5055E-5
3.62E-7
1.355E-6
8.47E-7
2.49E-7
2.62E-7
2.6069E-5
2.52E-7
2.0744E-5
5.11E-7
1.8866E-5
3.07E-7
2.658E-5
4.1E-7
2.4462E-5
3.11E-7
2.5374E-5
3.23E-7
1.9473E-5
2.84E-7
2.31E-7
2.3708E-5
2.1204E-5
2.94E-7
1.8078E-5
2.1422E-5
2.97E-7
2.81E-7
2.6963E-5
2.83E-7
2.69E-7
4.09E-7
7.79E-7
7.21E-7
3.35E-7
1.218E-6
2.1626E-5
2.98E-7
1.9375E-5
1.275E-6
4.42E-7
2.35E-7
2.7047E-5
1.6329E-5
2.85E-7
2.54E-7
2.21E-7
2.4148E-5
2.93E-7
2.0605E-5
3.08E-7
6.45E-7
2.7245E-5
3.85E-7
2.77E-7
3.4E-7
2.34E-7
1.8082E-5
3.24E-7
3.26E-7
2.7823E-5
2.58E-7
3.34E-7
3.35E-7
2.131E-5
2.35E-7
2.6647E-5
4.02E-7
2.1513E-5
2.3808E-5
1.414E-5
2.59E-7
3.53E-7
2.4415E-5
4.97E-7
3.12E-7
1.543E-6
1.821E-6
2.46E-7
2.5263E-5
2.95E-7
2.8846E-5
4.65E-7
2.7E-7
2.47E-7
3.09E-7
2.4856E-5
4.27E-7
2.4E-7
2.55E-7
2.4424E-5
3.95E-7
9.245E-6
8.31E-7
2.52E-7
1.288E-6
2.6911E-5
1.0269E-5
2.54E-7
3.13E-7
1.8517E-5
2.5284E-5
2.98E-7
2.7047E-5
4.29E-7
1.5601E-5
2.6E-7
2.1416E-5
3.62E-7
2.636E-5
3.78E-7
2.572E-5
3.64E-7
2.48E-7
2.4181E-5
1.8675E-5
6.88E-7
2.68E-7
2.0828E-5
2.88E-7
1.7867E-5
2.88E-7
2.69E-7
2.3803E-5
3.07E-7
3.47E-7
2.5819E-5
2.97E-7
2.44E-7
1.6926E-5
4.12E-7
1.6398E-5
3.91E-7
2.05E-7
3.89E-7
2.5352E-5
2.74E-7
1.9358E-5
2.71E-7
2.346E-5
8.31E-7
2.8359E-5
4.19E-7
2.3573E-5
3.1E-7
1.1046E-5
2.337E-5
3.04E-7
1.7202E-5
2.7E-7
2.38E-7
2.4358E-5
2.1527E-5
4.41E-7
2.29E-7
6.37E-7
2.51E-7
1.6633E-5
3.2E-7
2.6E-7
1.5858E-5
8.045E-6
3.91E-7
2.31E-7
2.6445E-5
4.67E-7
2.68E-7
5.19E-7
2.4848E-5
2.62E-7
2.54E-7
1.564E-5
2.62E-7
3.16E-7
1.7051E-5
2.28E-7
2.45E-7
2.38E-7
1.9487E-5
2.95E-7
2.3753E-5
3.34E-7
3.17E-7
4.74E-7
1.5015E-5
3.68E-7
2.694E-5
1.7079E-5
3.8E-7
2.28E-7
2.59E-7
3.18E-7
2.48E-7
2.1102E-5
9.631E-6
3.13E-7
3.16E-7
2.74E-7
1.7588E-5
2.3E-7
1.996E-5
2.8962E-5
6.8E-7
4.2794E-5
5.38E-7
5.12E-7
3.88E-7
5.36E-7
4.1746E-5
5.28E-7
4.6162E-5
3.0554E-5
5.04E-7
3.46E-7
3.096E-6
3.74E-7
3.05E-7
3.7967E-5
4.389E-5
5.04E-7
4.73E-7
3.881E-5
4.69E-7
3.92E-7
2.3098E-5
4.59E-7
4.1493E-5
5.19E-7
3.2283E-5
4.78E-7
8.72E-7
3.2926E-5
7.34E-7
4.29E-7
4.3E-7
1.8262E-5
2.131E-5
2.4713E-5
5.01E-7
3.9733E-5
4.5382E-5
5.25E-7
3.96E-7
3.2836E-5
5.22E-7
4.0E-7
5.37E-7
3.7719E-5
5.77E-7
3.3421E-5
2.6132E-5
4.96E-7
4.9E-7
3.7564E-5
4.4E-7
4.64E-7
3.6878E-5
4.91E-7
3.73E-7
5.77E-7
3.4561E-5
2.3027E-5
4.82E-7
3.47E-7
4.55E-7
4.0437E-5
4.99E-7
5.2E-7
4.77E-7
3.8764E-5
2.657E-6
4.91E-7
3.0999E-5
1.21E-6
4.64E-7
4.35E-7
3.6755E-5
5.1E-7
3.3614E-5
3.2524E-5
5.75E-7
9.785E-6
3.3543E-5
2.844E-6
3.82E-7
3.8522E-5
4.79E-7
2.5227E-5
5.59E-7
4.71E-7
6.66E-7
5.56E-7
3.7325E-5
4.83E-7
4.2812E-5
5.93E-7
2.8603E-5
5.98E-7
3.6783E-5
5.04E-7
4.09E-7
3.6299E-5
5.21E-7
2.9805E-5
4.5917E-5
2.4477E-5
6.17E-7
2.6735E-5
2.5595E-5
3.0484E-5
5.2E-7
5.57E-7
3.387E-6
4.81E-7
3.9E-7
3.7558E-5
1.599E-6
1.7021E-5
4.71E-7
3.1171E-5
6.42E-7
5.51E-7
3.75E-7
5.26E-7
3.34E-7
5.26E-7
2.0409E-5
1.0509E-5
4.85E-7
2.8841E-5
3.3365E-5
5.0E-7
4.0771E-5
8.912E-6
6.21E-7
3.295E-5
5.43E-7
3.2073E-5
3.3221E-5
5.36E-7
2.7363E-5
1.863E-6
4.78E-7
3.0604E-5
5.09E-7
4.83E-7
4.0259E-5
1.7628E-5
4.411E-5
5.09E-7
4.06E-7
5.88E-7
4.71E-7
5.56E-7
1.8323E-5
4.48E-7
8.21E-7
4.55E-7
4.21E-7
4.26E-7
2.32E-6
1.911E-6
1.372E-6
4.28E-7
2.2641E-5
6.07E-7
3.3145E-5
4.92E-7
8.7E-7
1.562E-6
5.73E-7
1.1634E-5
2.9269E-5
3.8549E-5
7.47E-7
5.69E-7
3.353E-5
5.39E-7
1.186E-6
2.6965E-5
4.3098E-5
2.449E-6
4.56E-7
4.2382E-5
5.24E-7
4.21E-7
4.52E-7
4.78E-7
2.705E-5
6.37E-7
2.201E-6
9.772E-6
1.6E-6
5.7E-7
4.73E-7
2.3841E-5
5.84E-7
3.0608E-5
4.5781E-5
5.9E-7
5.52E-7
4.2564E-5
8.115E-6
4.47E-7
3.96E-7
3.8047E-5
3.7281E-5
2.7769E-5
5.15E-7
5.77E-7
4.03E-7
3.7649E-5
1.522E-6
6.32E-7
1.7781E-5
2.7337E-5
1.0772E-5
3.85E-7
5.67E-7
2.1461E-5
3.4882E-5
5.04E-7
6.15E-7
3.1007E-5
5.3E-7
4.0241E-5
1.6807E-5
6.04E-7
5.87E-7
1.461E-6
5.45E-7
4.34E-7
1.071E-6
3.547E-5
5.62E-7
5.22E-7
1.112E-6
2.3985E-5
4.78E-7
4.2602E-5
6.58E-7
3.6887E-5
3.3159E-5
5.33E-7
3.0592E-5
3.7306E-5
5.7E-7
3.7534E-5
6.08E-7
4.0873E-5
5.72E-7
4.2E-7
2.6391E-5
6.22E-7
4.68E-7
1.564E-5
4.54E-7
4.0374E-5
6.51E-7
5.22E-7
8.029E-6
4.29E-7
3.8E-7
4.3337E-5
6.81E-7
4.51E-7
1.867E-6
3.62E-7
7.06E-7
4.0934E-5
5.73E-7
4.3768E-5
5.23E-7
1.472E-6
4.3756E-5
3.8958E-5
5.49E-7
4.5538E-5
7.0E-7
5.85E-7
5.48E-7
4.3243E-5
4.099E-5
1.012E-6
6.66E-7
3.57E-7
4.0502E-5
1.8447E-5
2.1873E-5
5.16E-7
4.5215E-5
5.32E-7
3.1632E-5
8.76E-7
3.88E-7
4.0669E-5
4.3714E-5
2.979E-6
5.11E-7
5.1E-7
4.58E-7
5.02E-7
3.3409E-5
4.85E-7
4.36E-7
3.5005E-5
4.7E-7
4.3881E-5
4.15E-7
1.568E-6
1.357E-6
3.87E-7
4.41E-7
3.083E-5
4.12E-7
4.83E-7
3.9509E-5
4.24E-7
4.7E-7
3.8457E-5
4.06E-7
1.471E-6
3.7377E-5
5.33E-7
3.9081E-5
4.1338E-5
4.06E-7
4.35E-7
4.3538E-5
4.1532E-5
4.62E-7
4.75E-7
2.4321E-5
4.1494E-5
5.08E-7
4.3931E-5
5.7E-7
3.09E-7
4.4381E-5
1.341E-6
5.32E-7
1.54E-6
4.51E-7
3.9165E-5
8.03E-7
3.0687E-5
4.71E-7
4.1943E-5
3.442E-5
3.62E-7
4.4067E-5
5.11E-7
2.8116E-5
4.33E-7
3.6093E-5
6.23E-7
3.8386E-5
1.634E-6
1.734E-6
3.82E-7
4.1021E-5
4.5599E-5
6.44E-7
4.3468E-5
5.81E-7
1.7739E-5
3.83E-7
4.34E-7
4.2253E-5
3.3396E-5
4.62E-7
4.53E-7
3.8E-7
4.4162E-5
4.0537E-5
5.26E-7
3.81E-7
2.6122E-5
2.8155E-5
1.604E-6
4.24E-7
3.9386E-5
4.3819E-5
3.2161E-5
8.945E-6
4.5E-7
5.28E-7
1.6968E-5
2.8336E-5
4.24E-7
2.383E-6
9.91E-7
3.4227E-5
3.0557E-5
5.15E-7
4.19E-7
3.75E-7
2.5804E-5
4.34E-7
3.33E-7
4.0445E-5
4.3141E-5
4.14E-7
5.0E-7
3.3175E-5
8.18E-7
4.8E-7
4.31E-7
1.702E-5
3.6854E-5
4.5E-7
1.2901E-5
3.2655E-5
4.34E-7
4.1412E-5
7.27E-7
3.6192E-5
5.38E-7
4.1558E-5
3.87E-7
3.71E-7
2.042E-5
2.91E-6
3.5E-7
5.31E-7
3.6536E-5
3.4042E-5
5.22E-7
3.44E-7
1.7357E-5
5.09E-7
3.72E-7
3.8369E-5
3.7378E-5
4.26E-7
7.506E-6
3.41E-7
4.2121E-5
4.3E-7
4.2991E-5
4.3E-7
1.476E-6
3.46E-7
3.76E-7
2.9441E-5
4.09E-7
4.0997E-5
4.4658E-5
2.2615E-5
5.56E-7
3.64E-7
4.1632E-5
4.2757E-5
5.23E-7
2.3407E-5
4.09E-7
5.6E-7
2.9076E-5
4.58E-7
4.4314E-5
4.07E-7
5.09E-7
2.9821E-5
2.658E-6
4.6E-7
1.79E-6
1.07E-6
4.05E-7
4.1066E-5
2.6206E-5
3.28E-7
5.8E-7
4.116E-5
3.77E-7
4.0E-7
4.3934E-5
4.23E-7
3.8E-7
4.5807E-5
1.324E-6
5.19E-7
3.6155E-5
5.71E-7
3.287E-6
9.391E-6
2.092E-6
4.2559E-5
5.71E-7
8.64E-7
1.091E-6
1.5888E-5
3.2192E-5
6.56E-7
3.3475E-5
7.56E-7
4.2295E-5
4.3189E-5
2.0198E-5
2.1365E-5
6.78E-7
4.36E-7
1.7916E-5
5.7E-7
5.4E-7
2.4125E-5
7.971E-6
4.61E-7
4.74E-7
2.7612E-5
2.997E-5
5.23E-7
3.51E-7
4.2911E-5
4.69E-7
5.71E-7
4.2465E-5
6.44E-7
4.98E-7
4.3428E-5
4.5333E-5
1.381E-6
4.01E-7
5.23E-7
2.19E-6
4.03E-7
3.65E-7
5.66E-7
4.2095E-5
3.1366E-5
5.89E-7
1.2847E-5
4.76E-7
4.72E-7
4.2451E-5
2.189E-6
4.0454E-5
5.75E-7
4.49E-7
6.09E-7
3.96E-7
2.6701E-5
3.2834E-5
3.0433E-5
5.74E-7
3.2839E-5
7.6E-7
2.0242E-5
2.758E-6
4.0018E-5
5.68E-7
4.3827E-5
3.1043E-5
6.83E-7
7.18E-7
4.0189E-5
6.33E-7
2.8526E-5
4.3309E-5
6.93E-7
4.2818E-5
4.4362E-5
6.42E-7
4.41E-7
7.58E-7
4.2896E-5
5.81E-7
2.998E-6
4.3594E-5
6.18E-7
3.88E-7
5.83E-7
3.5069E-5
4.3452E-5
6.31E-7
3.1622E-5
5.54E-7
3.0745E-5
8.43E-7
3.3491E-5
2.503E-6
4.2105E-5
8.62E-7
5.33E-7
2.6331E-5
6.19E-7
1.5295E-5
7.62E-7
4.6584E-5
6.4E-7
2.27E-5
5.42E-7
3.42E-7
3.6801E-5
3.8757E-5
5.98E-7
5.96E-7
2.6502E-5
5.94E-7
4.6E-7
3.74E-7
3.8517E-5
4.2602E-5
8.24E-7
3.4339E-5
2.089E-6
4.01E-7
6.72E-7
2.021E-6
3.97E-7
4.1134E-5
5.57E-7
2.539E-6
4.12E-7
4.61E-7
2.9819E-5
5.25E-7
5.94E-7
3.88E-7
4.3069E-5
5.57E-7
3.0E-7
3.4951E-5
4.15E-7
4.7627E-5
6.06E-7
3.6099E-5
5.27E-7
3.9901E-5
6.58E-7
3.58E-7
1.583E-6
5.06E-7
3.48E-7
3.8913E-5
5.225E-6
4.4E-7
3.7888E-5
4.1173E-5
5.14E-7
3.95E-7
4.1137E-5
4.77E-7
3.48E-7
3.8738E-5
5.36E-7
5.67E-7
4.3264E-5
1.693E-6
6.18E-7
4.5868E-5
4.32E-7
3.9432E-5
5.86E-7
4.15E-7
4.5603E-5
4.82E-7
4.25E-7
4.3251E-5
4.1592E-5
4.3503E-5
3.9235E-5
6.11E-7
4.6058E-5
1.6279E-5
6.07E-7
7.79E-7
4.26E-7
2.3542E-5
9.9E-7
3.8673E-5
1.442E-6
4.2055E-5
9.93E-7
4.46E-7
7.98E-7
4.14E-7
3.27E-7
3.5E-7
4.1118E-5
2.267E-6
4.79E-7
5.79E-7
1.629E-6
6.5E-7
4.7251E-5
4.44E-7
3.83E-7
4.298E-5
4.14E-7
5.45E-7
4.277E-5
4.9E-7
7.04E-7
5.25E-7
4.2985E-5
1.73E-6
4.0868E-5
4.5598E-5
4.22E-7
4.3741E-5
6.82E-7
2.4781E-5
4.52E-7
4.01E-7
3.746E-5
3.0957E-5
4.02E-7
2.9606E-5
4.12E-7
4.439E-5
5.45E-7
4.86E-7
4.394E-5
4.89E-7
5.64E-7
2.7161E-5
5.81E-7
3.9898E-5
4.8E-7
3.61E-7
3.64E-7
3.9918E-5
6.08E-7
2.52E-7
3.0718E-5
3.17E-7
1.8908E-5
1.6433E-5
2.65E-7
2.58E-7
4.75E-7
2.0654E-5
2.84E-7
3.72E-7
7.971E-6
3.55E-7
2.6335E-5
3.27E-7
2.6627E-5
3.39E-7
2.94E-7
2.7592E-5
2.4782E-5
4.95E-7
1.8326E-5
3.08E-7
3.39E-7
1.8195E-5
2.3E-7
2.7E-7
2.1232E-5
2.4038E-5
8.4E-7
1.6731E-5
2.7057E-5
2.7628E-5
3.04E-7
2.7029E-5
2.96E-7
1.5543E-5
1.5184E-5
1.585E-6
2.5104E-5
3.54E-7
1.879E-6
2.7033E-5
2.186E-6
2.5392E-5
3.83E-7
2.88E-7
3.527E-6
9.647E-6
2.33E-7
2.54E-7
1.2567E-5
4.54E-7
2.63E-7
1.5863E-5
2.53E-7
2.6844E-5
5.07E-7
2.6496E-5
2.4139E-5
3.08E-7
2.34E-7
2.098E-5
2.4E-7
2.6287E-5
3.2E-7
4.56E-7
2.1402E-5
2.89E-7
2.1993E-5
2.55E-7
2.6376E-5
5.67E-7
8.544E-6
2.59E-7
2.03E-7
2.1582E-5
0.001515549
2.773E-6
7.0476E-5
4.493E-6
2.187E-6
6.3154E-5
9.1E-7
4.9577E-5
3.6258E-5
1.753E-6
2.6814E-5
7.87E-7
2.447E-5
8.87E-7
4.28E-5
3.887E-5
9.477E-6
7.46E-7
6.58E-7
1.764E-6
4.3713E-5
7.7E-7
7.61E-7
4.2304E-5
3.5251E-5
1.054E-6
7.28E-7
2.4266E-5
4.2938E-5
6.26E-7
3.0318E-5
8.03E-7
4.56E-7
4.3257E-5
3.1475E-5
7.25E-7
2.4733E-5
9.59E-7
9.39E-7
4.5111E-5
7.39E-7
2.6746E-5
6.91E-7
5.69E-7
1.8477E-5
5.86E-7
4.3715E-5
8.29E-7
4.3299E-5
7.15E-7
3.6662E-5
1.052E-6
1.2603E-5
7.34E-7
3.8852E-5
4.5792E-5
9.95E-7
4.6999E-5
4.5131E-5
8.85E-7
2.9276E-5
7.62E-7
3.5025E-5
8.99E-7
8.35E-7
6.18E-7
5.99E-7
8.76E-7
4.3236E-5
8.7E-7
5.0624E-5
7.75E-7
5.99E-7
4.119E-6
6.99E-7
2.4285E-5
1.116E-6
5.53E-7
4.4792E-5
1.838E-6
7.4E-7
3.5282E-5
1.075E-6
3.6427E-5
8.16E-7
2.404E-6
6.42E-7
3.1633E-5
1.095E-6
3.957E-5
2.49E-6
7.98E-7
4.3652E-5
3.0999E-5
8.65E-7
1.8046E-5
5.99E-7
2.8307E-5
1.2915E-5
2.596E-6
1.824E-5
8.39E-7
7.87E-7
3.5427E-5
7.06E-7
1.756E-6
5.08E-7
4.8034E-5
8.55E-7
4.5358E-5
7.65E-7
3.7997E-5
8.46E-7
4.102E-5
7.49E-7
3.6391E-5
7.48E-7
4.4132E-5
9.64E-7
3.998E-6
5.2672E-5
9.04E-7
1.046E-6
4.4717E-5
7.85E-7
8.98E-7
4.6753E-5
3.9361E-5
9.74E-7
7.99E-7
6.24E-7
4.643E-5
1.666E-6
5.2342E-5
1.029E-6
3.06E-6
9.58E-7
5.6E-7
4.5099E-5
7.91E-7
2.9275E-5
3.267E-6
2.8516E-5
9.23E-7
4.1184E-5
1.284E-6
7.89E-7
8.57E-7
4.69E-7
3.9089E-5
1.045E-6
4.4986E-5
1.172E-6
6.46E-7
9.36E-7
4.96E-7
4.6318E-5
4.5423E-5
4.2788E-5
1.175E-6
5.28E-7
4.34E-5
7.87E-7
8.55E-7
3.542E-6
8.89E-7
5.1599E-5
8.79E-7
9.34E-7
3.9895E-5
8.69E-7
5.94E-7
2.2158E-5
5.63E-7
4.5464E-5
2.6138E-5
8.59E-7
4.1829E-5
3.5841E-5
1.137E-6
4.6056E-5
1.002E-6
3.1679E-5
5.86E-7
3.8689E-5
6.49E-7
6.16E-7
6.29E-7
2.429E-6
4.1597E-5
8.33E-7
2.7545E-5
7.3E-7
4.303E-6
9.27E-7
1.5753E-5
5.66E-7
4.2646E-5
1.202E-6
3.2429E-5
4.2978E-5
1.192E-6
3.0767E-5
6.66E-7
4.15E-7
3.4496E-5
4.8697E-5
9.23E-7
8.32E-7
8.09E-7
3.2994E-5
1.004E-6
6.67E-7
3.167E-5
4.6118E-5
1.081E-6
2.9272E-5
2.7684E-5
1.359E-6
7.89E-7
1.241E-5
4.1E-5
9.67E-7
3.5471E-5
7.7E-7
4.2871E-5
8.99E-7
3.5383E-5
6.82E-7
3.7889E-5
4.3644E-5
1.085E-6
1.877E-6
4.9616E-5
3.457E-6
5.76E-7
3.927E-5
7.86E-7
2.557E-6
2.8985E-5
7.97E-7
5.57E-7
4.5382E-5
3.162E-5
9.51E-7
8.82E-7
5.83E-7
7.64E-7
5.73E-7
7.2E-7
8.12E-7
6.212E-6
1.7092E-5
7.15E-7
5.1888E-5
8.77E-7
3.5163E-5
4.4835E-5
4.5241E-5
1.101E-6
2.184E-6
5.18E-7
4.63E-7
3.4996E-5
6.96E-7
4.74E-7
4.7441E-5
8.01E-7
7.13E-7
4.3178E-5
2.732E-5
8.43E-7
5.04E-7
4.6731E-5
9.59E-7
2.9795E-5
7.97E-7
4.6185E-5
1.539E-6
7.19E-7
6.18E-7
1.125E-6
7.04E-7
4.5248E-5
8.52E-7
6.5E-7
5.54E-7
3.9998E-5
9.6E-7
4.2617E-5
7.03E-7
4.4368E-5
7.58E-7
4.7E-7
6.59E-7
4.5678E-5
6.49E-7
3.9987E-5
4.5351E-5
2.0832E-5
1.6754E-5
1.285E-6
4.1925E-5
1.02E-6
4.5319E-5
2.912E-5
9.32E-7
2.305E-5
5.66E-6
1.816E-6
1.084E-6
7.48E-7
3.6461E-5
9.59E-7
2.055E-6
4.4568E-5
4.5331E-5
3.9821E-5
9.05E-7
5.193E-6
7.4E-7
7.91E-7
3.5957E-5
1.297E-6
5.89E-7
7.66E-7
6.62E-7
7.05E-7
4.0085E-5
9.37E-7
2.7679E-5
7.53E-7
2.3936E-5
4.4259E-5
7.41E-7
9.0E-7
4.57E-7
7.35E-7
2.3137E-5
8.99E-7
4.3808E-5
6.4E-7
9.91E-7
4.5374E-5
7.42E-7
4.81E-7
4.2312E-5
8.42E-7
4.643E-6
7.3E-7
2.7319E-5
4.2708E-5
6.8E-7
6.28E-7
3.6163E-5
4.6403E-5
7.16E-7
4.0057E-5
8.83E-7
6.66E-7
3.8986E-5
4.9799E-5
1.064E-6
8.44E-7
6.7029E-5
8.47E-7
7.32E-7
4.4732E-5
4.1245E-5
6.15E-7
5.17E-7
4.258E-5
8.08E-7
4.2128E-5
8.48E-7
4.4123E-5
3.4293E-5
3.2522E-5
9.69E-7
3.1461E-5
5.1703E-5
1.7142E-5
3.7585E-5
7.64E-7
2.2867E-5
1.134E-6
7.68E-7
7.42E-7
8.54E-7
6.51E-7
5.207E-6
4.3634E-5
9.21E-7
1.762E-6
4.01E-6
4.53E-7
4.9502E-5
8.21E-7
6.32E-7
7.69E-7
4.6548E-5
3.2168E-5
8.49E-7
6.22E-7
3.0707E-5
8.64E-7
1.421E-5
7.39E-7
4.4253E-5
7.41E-7
7.75E-7
4.628E-6
3.7334E-5
4.75E-7
4.5593E-5
1.612E-6
3.2034E-5
1.9131E-5
1.38E-6
2.4638E-5
2.5957E-5
9.15E-7
2.2264E-5
4.92E-7
2.0905E-5
4.74E-7
5.33E-7
1.6116E-5
7.61E-7
2.648E-6
2.2059E-5
9.71E-7
1.3812E-5
6.69E-7
4.16E-7
2.1424E-5
5.6E-7
2.3873E-5
5.36E-7
9.598E-6
4.93E-7
3.61E-7
9.721E-6
2.4504E-5
2.2134E-5
2.1308E-5
1.852E-6
2.1178E-5
1.486E-6
7.25E-7
2.112E-5
9.02E-7
2.43E-6
4.81E-7
4.02E-7
4.71E-7
1.0443E-5
4.8E-7
2.2784E-5
4.75E-7
4.01E-7
4.177E-6
6.3E-7
4.87E-7
7.12E-7
8.95E-7
1.218E-6
3.96E-7
2.4268E-5
1.161E-6
7.51E-7
3.745E-6
4.59E-7
2.3868E-5
4.1E-7
4.52E-7
2.4089E-5
2.2755E-5
3.82E-7
3.51E-7
1.4032E-5
6.07E-7
4.63E-7
2.1486E-5
7.82E-7
5.2E-7
5.29E-7
2.4094E-5
6.987E-6
3.86E-7
3.8E-7
1.9508E-5
5.25E-7
1.0497E-5
5.14E-7
4.1E-7
2.1043E-5
2.2671E-5
3.35E-7
4.27E-7
5.17E-7
1.9696E-5
2.275E-6
4.07E-7
1.5838E-5
5.679E-6
9.71E-7
1.398E-6
2.2869E-5
1.3952E-5
4.37E-7
4.31E-7
3.71E-7
2.73E-7
2.3054E-5
3.68E-7
4.8E-7
1.3567E-5
7.61E-7
5.78E-7
2.43E-7
2.3089E-5
4.23E-7
1.3704E-5
4.44E-7
1.1314E-5
4.63E-7
2.2085E-5
8.2E-7
3.2E-7
4.08E-7
2.047E-6
5.386E-6
3.51E-7
1.4093E-5
3.47E-7
3.45E-7
2.4527E-5
6.32E-7
4.09E-7
1.802E-6
7.42E-7
3.9E-7
3.5E-7
2.53E-7
2.5572E-5
3.9E-7
1.8489E-5
6.32E-7
2.1936E-5
4.63E-7
1.7569E-5
4.03E-7
3.29E-7
1.4161E-5
5.06E-7
3.28E-7
2.2157E-5
2.4049E-5
2.1161E-5
1.498E-6
2.115E-5
4.96E-7
4.43E-7
1.8207E-5
4.01E-7
6.319E-6
4.63E-7
3.805E-6
3.57E-7
2.1398E-5
1.204E-6
1.2947E-5
9.286E-6
3.75E-7
1.6759E-5
4.66E-7
2.2466E-5
8.004E-6
2.0099E-5
1.1568E-5
4.14E-7
3.69E-7
3.34E-7
2.076E-6
2.3123E-5
4.43E-7
3.34E-7
2.0821E-5
2.0085E-5
4.58E-7
1.7373E-5
6.76E-7
4.625E-6
1.3535E-5
1.5859E-5
7.9E-7
8.123E-6
2.1055E-5
8.23E-7
4.82E-7
1.7644E-5
1.799E-5
5.99E-7
3.903E-6
4.9E-7
2.4359E-5
3.52E-7
2.1374E-5
5.38E-7
1.956E-5
6.03E-7
2.2179E-5
1.0109E-5
7.3E-7
7.66E-6
7.33E-7
5.176E-6
5.01E-7
5.25E-7
1.795E-5
2.2473E-5
7.67E-7
3.89E-7
3.41E-7
3.68E-7
2.65E-7
2.5261E-5
2.2042E-5
7.27E-7
2.0232E-5
2.0096E-5
6.37E-7
2.0808E-5
5.05E-7
1.8109E-5
5.16E-7
2.58E-7
3.812E-6
5.83E-7
9.617E-6
1.7687E-5
4.56E-7
2.6564E-5
5.98E-7
1.2067E-5
8.072E-6
1.4963E-5
6.36E-7
6.01E-7
2.3639E-5
5.36E-7
3.031E-6
2.1104E-5
6.82E-7
8.425E-6
8.822E-6
8.782E-6
4.62E-7
5.644E-6
8.141E-6
6.51E-7
2.3195E-5
5.37E-7
4.64E-7
3.58E-7
4.51E-7
1.01E-6
2.2599E-5
6.06E-7
1.3945E-5
5.49E-7
3.55E-7
3.26E-7
2.3422E-5
2.0546E-5
4.06E-7
1.188E-6
9.0E-6
7.02E-7
1.4355E-5
1.275E-6
4.63E-7
3.76E-7
6.13E-7
1.09E-6
3.54E-7
2.6397E-5
2.259E-5
5.42E-7
4.22E-7
1.652E-6
1.3106E-5
6.19E-7
1.0298E-5
9.854E-6
3.37E-7
3.57E-7
7.77E-7
2.2781E-5
4.93E-7
5.0E-7
1.745E-6
6.29E-7
7.566E-6
5.02E-7
3.06E-7
4.436E-6
4.88E-7
1.9729E-5
1.5403E-5
5.71E-7
4.63E-7
5.171E-6
4.11E-7
2.4869E-5
4.56E-7
3.05E-7
2.3273E-5
6.69E-7
2.1939E-5
5.33E-7
5.18E-7
2.2229E-5
1.455E-5
3.82E-7
2.2558E-5
4.82E-7
5.47E-7
4.35E-7
1.9201E-5
6.29E-7
2.5305E-5
5.99E-7
4.53E-7
3.36E-7
2.266E-5
5.77E-7
5.96E-7
2.234E-5
3.63E-7
1.048E-6
3.7E-7
2.1706E-5
6.06E-7
3.67E-7
1.2223E-5
2.0969E-5
6.2E-7
2.1457E-5
1.4156E-5
4.43E-7
2.1055E-5
4.75E-7
1.5097E-5
1.487E-6
6.42E-7
4.35E-7
1.098E-6
3.11E-7
2.164E-5
4.6E-7
4.07E-7
1.323E-5
8.47E-7
3.76E-7
6.832E-6
7.85E-7
7.289E-6
3.6E-7
1.7669E-5
5.583E-6
4.507E-6
1.699E-6
8.211E-6
5.32E-7
2.81E-7
1.445E-6
3.67E-7
1.134E-6
1.812E-6
4.1E-7
4.62E-7
1.1998E-5
6.14E-7
4.1E-7
2.4769E-5
7.44E-7
1.187E-6
1.013E-6
4.74E-7
1.3849E-5
1.01E-6
4.48E-7
5.899E-6
4.3E-7
2.2453E-5
2.3504E-5
6.2E-7
3.58E-7
2.1812E-5
1.023E-6
1.641E-5
6.78E-7
2.2083E-5
7.65E-7
3.35E-7
2.1902E-5
6.65E-7
4.35E-7
6.69E-7
6.85E-7
3.39E-7
2.3462E-5
1.3762E-5
4.88E-7
1.7938E-5
7.25E-7
6.32E-7
4.28E-7
9.04E-7
3.66E-7
7.25E-7
7.573E-6
4.16E-7
2.2083E-5
4.61E-7
4.08E-7
1.3983E-5
6.71E-7
2.3857E-5
3.86E-7
2.1519E-5
5.25E-7
3.64E-7
5.62E-7
1.4223E-5
5.66E-7
5.63E-7
3.22E-7
4.25E-7
4.114E-6
2.2739E-5
5.79E-7
9.88E-7
5.6E-7
5.11E-7
1.175E-6
4.87E-7
2.2036E-5
5.33E-7
2.2648E-5
4.08E-7
2.1289E-5
2.1525E-5
4.45E-7
5.55E-7
2.0073E-5
1.0744E-5
4.2E-7
3.35E-7
1.3257E-5
5.39E-7
2.1928E-5
4.11E-7
7.48E-7
4.45E-7
5.45E-7
3.51E-7
2.79E-7
1.322E-6
2.9E-7
2.214E-6
3.79E-7
2.3472E-5
2.0942E-5
3.66E-7
2.068E-5
5.16E-7
2.1349E-5
4.96E-7
5.87E-7
1.1904E-5
2.3597E-5
7.42E-7
5.48E-7
2.19E-5
8.51E-7
3.34E-7
2.055E-5
4.18E-7
4.02E-7
1.1523E-5
2.2184E-5
4.81E-7
2.1167E-5
2.3181E-5
3.2E-7
5.07E-7
2.2881E-5
7.5308E-5
7.95E-7
1.8142E-5
1.6631E-5
4.2E-7
2.1961E-5
8.35E-7
2.095E-5
5.31E-7
5.48E-7
2.0607E-5
6.91E-7
7.26E-7
3.81E-7
6.29E-7
2.1271E-5
3.37E-7
2.2252E-5
6.38E-7
1.001E-6
3.13E-7
4.92E-7
2.1433E-5
3.18E-7
2.2325E-5
2.0586E-5
1.9874E-5
6.25E-7
2.2377E-5
2.0822E-5
5.3E-7
5.04E-7
1.9186E-5
4.57E-7
6.21E-7
1.9426E-5
4.31E-7
4.45E-7
2.232E-5
3.79E-7
6.83E-7
4.09E-7
2.1538E-5
5.1E-7
2.2099E-5
1.361E-6
3.22E-7
4.42E-7
1.8304E-5
8.822E-6
5.2E-7
4.03E-7
8.315E-6
2.2216E-5
1.474E-5
4.14E-7
2.89E-7
2.1693E-5
4.24E-7
2.0756E-5
2.1167E-5
3.94E-7
3.61E-7
5.79E-7
2.0513E-5
3.56E-7
2.59E-7
9.341E-6
7.76E-7
1.459E-6
9.79E-7
2.9E-7
3.98E-7
7.19E-7
2.203E-5
4.04E-7
2.2117E-5
3.948E-6
3.45E-7
4.9E-7
2.1864E-5
4.245E-6
4.15E-7
2.89E-7
1.883E-6
2.1172E-5
5.65E-7
3.63E-7
1.7707E-5
5.72E-7
1.4231E-5
3.5E-7
2.56E-7
1.5614E-5
1.8013E-5
7.981E-6
3.69E-7
3.23E-7
3.75E-7
3.577E-6
5.23E-7
1.7573E-5
1.673E-6
8.789E-6
2.4577E-5
8.93E-7
3.88E-7
1.724E-5
3.1E-7
3.87E-7
2.25E-5
2.3099E-5
4.15E-7
3.54E-7
1.7638E-5
6.92E-7
5.12E-7
2.4976E-5
1.4043E-5
6.5E-7
3.25E-7
2.032E-5
5.61E-7
2.87E-7
1.0944E-5
5.748E-6
3.05E-7
1.7881E-5
4.31E-7
4.48E-7
1.6306E-5
3.79E-7
4.15E-7
2.0543E-5
4.28E-7
3.07E-7
2.4516E-5
1.9444E-5
1.881E-5
4.0E-7
4.6E-7
5.89E-7
1.867E-6
1.3955E-5
4.35E-7
4.61E-7
1.3615E-5
9.141E-6
4.15E-7
1.5553E-5
1.195E-5
4.48E-7
5.535E-6
1.8407E-5
6.08E-7
2.0006E-5
5.89E-7
4.73E-7
2.2092E-5
2.0128E-5
1.6378E-5
5.5E-7
1.1347E-5
4.11E-7
2.0426E-5
6.86E-7
4.63E-7
1.2453E-5
1.828E-5
4.3E-7
1.0732E-5
1.535E-6
4.83E-7
4.17E-7
6.028E-6
5.57E-7
2.4277E-5
3.18E-7
2.0365E-5
4.0E-7
5.317E-6
4.41E-7
3.9E-7
1.7718E-5
1.3174E-5
3.5E-7
1.5311E-5
4.87E-7
1.7283E-5
7.798E-6
4.51E-7
1.578E-5
5.95E-7
2.0195E-5
7.8E-7
3.78E-7
5.38E-7
3.18E-7
4.3E-7
2.1332E-5
1.5021E-5
1.1353E-5
4.91E-7
1.6987E-5
5.629E-6
8.777E-6
3.56E-7
8.352E-6
4.8E-7
1.6267E-5
3.54E-7
3.32E-7
1.0902E-5
4.75E-7
2.8227E-5
1.1747E-5
8.73E-7
5.22E-7
2.38E-6
3.99E-7
2.64E-7
1.5194E-5
4.7E-7
1.9739E-5
3.84E-7
1.3299E-5
2.2972E-5
6.66E-7
3.29E-7
6.25E-7
2.1482E-5
4.19E-7
1.7724E-5
2.1213E-5
6.45E-7
3.446E-6
2.46E-7
4.49E-7
1.8191E-5
6.54E-7
5.42E-7
7.13E-6
3.84E-7
3.56E-7
1.794E-6
2.842E-6
4.66E-7
1.73E-6
2.2611E-5
3.99E-7
4.31E-7
1.8123E-5
6.94E-7
2.3857E-5
2.1724E-5
1.5829E-5
6.28E-7
5.6E-7
9.343E-6
6.49E-7
5.58E-7
2.1702E-5
4.38E-7
2.0794E-5
5.07E-7
2.419E-5
4.82E-7
3.71E-7
8.997E-6
1.7014E-5
1.3109E-5
5.156E-6
1.016E-6
3.66E-7
3.12E-7
1.3347E-5
3.5E-7
1.8187E-5
1.3345E-5
4.32E-7
3.23E-7
1.2887E-5
1.247E-5
3.7E-7
4.89E-7
1.8284E-5
3.79E-7
2.2108E-5
6.19E-7
1.909E-6
6.02E-7
3.27E-7
3.13E-7
4.215E-6
3.1E-7
2.1852E-5
1.7045E-5
4.08E-7
2.1788E-5
4.09E-7
4.98E-7
1.4624E-5
5.59E-7
1.741E-5
2.1958E-5
3.79E-7
1.861E-6
5.01E-7
5.8E-7
5.75E-7
2.2689E-5
5.48E-7
5.03E-7
1.527E-5
2.2279E-5
6.17E-7
1.9758E-5
4.98E-7
3.77E-7
4.56E-7
1.681E-6
1.364E-6
4.77E-7
2.0538E-5
8.56E-7
4.1E-7
4.38E-7
4.28E-7
9.358E-6
3.41E-7
4.8E-7
2.1865E-5
5.99E-7
1.8414E-5
7.0E-7
2.5635E-5
2.2852E-5
4.41E-7
1.1443E-5
6.19E-7
5.52E-7
8.729E-6
3.51E-7
3.67E-7
2.2117E-5
2.0683E-5
6.05E-7
1.047E-6
2.1674E-5
1.7431E-5
4.888E-6
6.0E-7
9.497E-6
2.0716E-5
5.6E-7
2.2371E-5
7.21E-7
2.2353E-5
5.48E-7
2.2221E-5
7.06E-7
1.6846E-5
7.48E-7
7.378E-6
9.32E-7
1.772E-5
4.69E-7
3.56E-7
2.693E-6
3.41E-7
4.94E-7
1.7031E-5
1.182E-6
2.3126E-5
9.45E-7
2.2606E-5
1.083E-6
1.1263E-5
1.4547E-5
7.62E-7
1.054E-6
1.1987E-5
6.38E-7
1.122E-6
6.79E-7
5.92E-7
2.1376E-5
4.79E-7
5.32E-7
1.6584E-5
6.2E-7
2.883E-6
2.3958E-5
1.748E-5
7.44E-7
4.89E-7
1.626E-5
7.18E-7
3.58E-7
1.0061E-5
1.4027E-5
2.43E-5
1.058E-6
4.41E-7
4.21E-7
8.287E-6
1.9293E-5
5.35E-7
2.708E-6
3.3E-7
5.22E-7
8.448E-6
3.28E-7
2.46E-7
7.202E-6
4.43E-7
2.031E-6
1.7909E-5
6.52E-7
2.1287E-5
5.22E-7
2.4843E-5
5.61E-7
1.3054E-5
8.5E-7
1.3231E-5
3.7E-7
1.2549E-5
2.0887E-5
7.72E-7
3.2E-7
1.9319E-5
4.86E-7
2.037E-5
4.6E-7
4.679E-6
4.39E-7
1.992E-5
3.68E-7
1.7503E-5
4.48E-7
1.7069E-5
5.14E-7
1.4371E-5
4.21E-7
1.658E-6
2.77E-7
8.91E-7
2.1032E-5
5.41E-7
2.435E-6
2.1644E-5
6.03E-7
2.2059E-5
1.6197E-5
1.8599E-5
2.0512E-5
4.08E-7
2.042E-6
1.925E-5
1.155E-6
2.1728E-5
3.89E-7
1.32E-6
4.12E-7
5.57E-7
2.5129E-5
2.1561E-5
5.0E-7
2.058E-6
3.8E-7
2.2576E-5
6.04E-7
2.1351E-5
2.2593E-5
6.55E-7
6.53E-7
3.4E-7
1.5E-6
2.0672E-5
4.03E-7
1.757E-6
2.1557E-5
3.46E-7
1.4002E-5
4.34E-7
7.74E-7
1.6083E-5
4.86E-7
6.86E-7
1.9489E-5
1.9019E-5
9.22E-7
3.41E-7
2.3023E-5
7.02E-7
2.1813E-5
3.64E-7
1.072E-6
2.41E-7
3.45E-7
1.886E-6
3.23E-7
2.0652E-5
7.97E-7
7.49E-7
4.81E-7
6.82E-7
2.1551E-5
3.45E-7
1.723E-6
2.1655E-5
5.77E-7
1.8907E-5
1.5554E-5
6.01E-7
4.207E-6
1.7411E-5
1.689E-5
4.39E-7
1.6996E-5
3.79E-7
2.1351E-5
2.2546E-5
3.06E-7
8.76E-7
1.8057E-5
1.5606E-5
1.1294E-5
5.23E-7
2.2968E-5
4.43E-7
2.2724E-5
2.304E-5
6.04E-7
3.5E-7
3.85E-7
2.4244E-5
5.04E-7
2.2306E-5
1.72E-5
5.09E-7
3.085E-6
3.94E-7
4.33E-7
9.939E-6
4.24E-7
8.48165E-4
2.283E-6
7.9E-7
1.07724E-4
6.92E-7
6.1E-7
3.95E-7
2.5457E-5
6.68E-7
6.51E-7
2.4171E-5
3.34E-7
2.0987E-5
4.97E-7
4.3E-7
1.0675E-5
1.8175E-5
9.65E-7
2.0556E-5
4.16E-7
1.9601E-5
2.3531E-5
6.94E-7
1.8025E-5
1.8775E-5
2.249E-6
8.902E-6
3.02E-7
4.89E-7
1.5568E-5
3.55E-7
2.788E-6
6.72E-7
3.57E-7
2.4404E-5
3.75E-7
1.8646E-5
7.23E-7
1.3059E-5
6.86E-7
1.376E-6
5.5E-7
1.5681E-5
6.0E-7
1.5753E-5
4.29E-7
3.57E-7
9.671E-6
3.52E-7
2.2332E-5
3.42E-7
2.1209E-5
2.0275E-5
5.01E-7
7.76E-7
3.25E-7
4.86E-7
1.3922E-5
3.73E-7
1.7695E-5
9.6E-7
1.7444E-5
8.43E-7
3.17E-7
2.236E-5
4.6E-7
8.51E-7
1.9725E-5
5.56E-7
1.7873E-5
3.41E-7
3.06E-7
5.51E-7
3.39E-7
1.114E-6
5.2E-7
3.49E-7
1.486E-6
2.2366E-5
4.14E-7
2.1067E-5
6.09E-7
4.62E-7
2.94E-7
1.9601E-5
4.57E-7
2.2989E-5
6.26E-7
1.7202E-5
3.75E-7
3.61E-7
2.0073E-5
5.79E-7
1.7359E-5
5.11E-7
3.14E-7
2.1652E-5
2.0238E-5
2.2693E-5
6.36E-7
3.45E-7
4.03E-7
2.2949E-5
2.1918E-5
4.1E-7
1.8042E-5
9.2E-7
6.92E-6
6.11E-7
5.9E-7
2.931E-6
1.6304E-5
4.9E-7
9.411E-6
3.75E-7
9.83E-7
4.26E-7
1.6851E-5
3.92E-7
1.6285E-5
6.217E-6
2.69E-7
3.9E-7
1.9606E-5
4.95E-7
1.2402E-5
1.6704E-5
1.1547E-5
1.43E-6
4.68E-7
1.8968E-5
7.28E-7
4.24E-7
2.234E-5
4.5E-7
2.3837E-5
3.97E-7
2.1994E-5
3.9E-7
3.34E-7
1.2419E-5
3.18E-7
3.49E-7
2.3957E-5
4.61E-7
1.7202E-5
3.93E-7
1.3694E-5
1.5952E-5
5.67E-7
2.94E-7
2.98E-7
1.7937E-5
5.63E-7
2.77E-7
2.258E-6
2.3327E-5
4.05E-7
5.6E-7
2.2116E-5
1.6255E-5
4.08E-7
9.092E-6
3.05E-7
1.1555E-5
3.03E-7
2.0427E-5
5.11E-7
5.73E-7
8.568E-6
4.6E-7
2.2939E-5
1.3949E-5
2.0798E-5
1.2709E-5
4.46E-7
1.2727E-5
4.55E-7
3.58E-7
1.265E-6
1.7761E-5
1.117E-6
3.59E-7
3.7E-7
2.0393E-5
3.95E-7
3.05E-7
1.7397E-5
9.17E-7
4.79E-7
2.95E-7
2.98E-7
1.6718E-5
3.35E-7
4.01E-7
1.9758E-5
4.68E-7
3.17E-7
1.5621E-5
6.16E-7
2.1832E-5
4.18E-7
1.3418E-5
4.61E-7
3.84E-7
1.1318E-5
3.01E-7
3.43E-7
1.9902E-5
3.29E-7
2.84E-7
2.6346E-5
6.47E-7
3.06E-7
2.39E-7
1.6754E-5
2.1152E-5
3.64E-7
2.2714E-5
1.7928E-5
1.983E-5
1.315E-6
2.79E-7
9.052E-6
1.7365E-5
1.51E-6
3.36E-7
1.7795E-5
1.6414E-5
4.03E-7
3.13E-7
1.7333E-5
5.19E-7
2.54E-7
1.6218E-5
5.368E-6
3.86E-7
1.4917E-5
4.74E-7
1.3032E-5
2.93E-7
6.58E-7
5.578E-6
2.06E-7
3.85E-7
1.5022E-5
5.17E-7
1.7555E-5
1.387E-6
2.71E-7
2.94E-7
1.8369E-5
8.03E-7
2.1587E-5
3.12E-7
2.69E-7
1.4699E-5
1.5837E-5
3.84E-7
2.71E-7
1.7838E-5
1.082E-5
4.18E-7
1.5512E-5
4.02E-7
2.1706E-5
7.42E-7
3.697E-6
3.87E-7
2.63E-7
2.1E-6
2.95E-7
3.03E-7
1.8917E-5
1.77E-6
4.63E-7
3.43E-7
4.11E-7
1.7558E-5
5.06E-7
1.7432E-5
5.05E-7
3.17E-7
1.045E-6
2.4496E-5
2.1443E-5
2.8E-7
2.0727E-5
1.8801E-5
2.2823E-5
3.67E-7
3.12E-7
7.3E-7
1.6288E-5
5.09E-7
1.5125E-5
1.7505E-5
7.908E-6
5.29E-7
3.38E-7
2.2409E-5
4.56E-7
1.706E-6
8.204E-6
3.059E-6
4.971E-6
1.0736E-5
3.59E-7
1.5063E-5
2.98E-7
1.7204E-5
2.3097E-5
4.5E-7
5.26E-7
8.645E-6
4.46E-7
3.19E-7
1.7011E-5
3.52E-7
5.52E-7
1.7572E-5
2.97E-7
1.9952E-5
3.06E-7
4.21E-7
2.0724E-5
1.9764E-5
5.015E-6
1.533E-6
5.11E-7
3.15E-7
1.5E-5
1.1217E-5
4.68E-7
1.3026E-5
1.885E-5
3.91E-7
1.6716E-5
4.56E-7
3.69E-7
1.7323E-5
4.26E-7
5.454E-6
2.2978E-5
2.99E-7
4.29E-7
1.286E-5
3.67E-7
1.564E-6
3.1252E-5
3.26E-7
4.07E-7
1.8478E-5
2.2083E-5
1.1244E-5
4.46E-7
3.56E-7
2.36E-7
1.17E-5
1.2914E-5
3.77E-7
1.1722E-5
2.69E-7
2.66E-7
4.86E-7
2.1697E-5
3.57E-7
2.2019E-5
2.0015E-5
3.74E-7
4.521E-6
1.9952E-5
1.0435E-5
3.6E-7
1.8105E-5
4.35E-7
3.13E-7
3.79E-7
3.29E-7
1.122E-6
1.247E-5
4.41E-7
1.214E-6
1.3279E-5
3.57E-7
1.0464E-5
7.94E-7
3.26E-7
6.92E-7
1.8528E-5
2.5E-7
2.88E-7
1.2926E-5
2.38E-7
3.21E-7
1.654E-5
3.25E-7
6.6E-7
4.517E-6
4.29E-7
3.273E-6
1.2878E-5
4.99E-7
6.28E-7
3.83E-7
2.53E-7
1.5453E-5
7.76E-7
1.015E-6
1.79E-7
6.59E-7
1.4538E-5
3.11E-7
2.58E-7
1.64E-7
1.2418E-5
2.2E-7
2.16E-7
1.4451E-5
3.1E-7
5.86E-6
2.84E-7
1.72E-7
7.943E-6
4.35E-7
1.1886E-5
4.35E-7
4.09E-7
1.7442E-5
7.29E-7
1.273E-6
2.62E-7
1.8732E-5
3.05E-7
2.56E-7
5.988E-6
3.6E-7
3.434E-6
2.33E-7
1.6909E-5
3.28E-7
4.5E-7
1.5251E-5
2.04E-7
4.03E-7
1.1359E-5
6.16E-7
4.642E-6
3.251E-6
1.4277E-5
2.13E-7
1.466E-5
1.3733E-5
2.6E-7
1.1356E-5
2.85E-7
1.4098E-5
1.8244E-5
2.16E-7
2.67E-7
3.06E-7
4.33E-7
1.8E-7
1.7108E-5
1.6257E-5
9.481E-6
1.8604E-5
2.63E-7
6.563E-6
1.775E-5
2.45E-7
3.87E-7
8.96E-7
2.61E-7
1.6482E-5
1.3015E-5
3.38E-7
3.6E-7
1.2462E-5
2.81E-7
4.28E-7
1.1169E-5
2.59E-7
3.11E-7
2.76E-7
7.8E-7
1.6615E-5
3.15E-7
1.4272E-5
3.98E-7
2.6E-7
1.8133E-5
3.34E-7
1.6661E-5
2.28E-7
2.16E-7
8.21E-7
3.95E-7
1.2617E-5
2.47E-7
1.0716E-5
2.69E-7
1.5893E-5
2.16E-7
3.53E-7
2.272E-6
1.4451E-5
2.22E-7
1.4887E-5
3.1E-7
3.31E-7
1.2436E-5
7.0E-7
1.7396E-5
3.83E-7
2.35E-7
5.871E-6
1.93E-7
1.6413E-5
3.11E-7
4.04E-6
1.4555E-5
9.382E-6
2.9E-7
2.17E-7
1.4226E-5
2.52E-7
1.4905E-5
1.7926E-5
2.59E-7
5.37E-7
8.768E-6
3.01E-7
1.4613E-5
2.79E-7
1.5634E-5
1.1498E-5
1.5932E-5
3.136E-6
3.07E-7
1.1144E-5
2.13E-7
1.81E-7
1.6423E-5
3.4E-7
1.5438E-5
1.5166E-5
1.313E-5
1.4874E-5
2.33E-7
1.8236E-5
1.089E-6
2.64E-7
1.86E-7
1.4405E-5
2.15E-7
1.8316E-5
3.36E-7
2.42E-7
1.691E-5
1.6515E-5
1.5874E-5
4.37E-7
1.5995E-5
1.7663E-5
1.5596E-5
2.62E-7
5.527E-6
1.5903E-5
2.78E-7
1.6017E-5
3.34E-7
1.4802E-5
2.73E-7
2.3E-7
1.1991E-5
2.57E-7
1.6089E-5
2.001E-6
1.96E-7
1.5568E-5
1.5977E-5
3.09E-7
1.0644E-5
2.62E-7
1.99E-7
5.795E-6
2.46E-7
6.889E-6
2.53E-7
2.96E-7
1.7528E-5
2.78E-7
1.6126E-5
2.29E-7
1.5996E-5
1.5784E-5
7.39E-7
2.21E-7
6.86E-7
2.94E-7
1.61E-7
3.6E-7
2.09E-7
1.0928E-5
7.19E-7
2.98E-7
2.47E-7
7.7E-7
1.7984E-5
2.28E-7
1.6103E-5
6.24E-7
9.31E-7
6.44E-7
1.6478E-5
3.08E-7
1.75E-7
3.56E-7
4.61E-7
1.4306E-5
1.4477E-5
1.3353E-5
1.2692E-5
1.0838E-5
7.813E-6
2.67E-7
7.08E-7
1.29E-6
1.6264E-5
3.85E-7
1.3296E-5
2.94E-7
2.39E-7
1.3513E-5
2.86E-7
3.94E-7
1.6024E-5
1.4037E-5
2.56E-7
2.55E-7
5.736E-6
1.7739E-5
6.44E-7
1.87E-7
1.7684E-5
3.83E-7
2.28E-7
1.764E-5
2.31E-7
1.81E-7
1.6151E-5
2.52E-7
5.92E-7
1.5666E-5
1.2613E-5
5.31E-7
2.14E-7
2.63E-7
1.6818E-5
3.54E-7
3.65E-7
8.14E-7
9.238E-6
1.5239E-5
2.73E-7
1.2342E-5
2.45E-7
1.7033E-5
1.5384E-5
4.06E-7
9.73E-7
2.42E-7
8.6E-7
1.2726E-5
2.24E-7
1.2264E-5
4.31E-7
9.233E-6
2.39E-7
1.4515E-5
2.67E-7
1.81E-7
1.7249E-5
1.7404E-5
1.4393E-5
1.3123E-5
1.7123E-5
6.21E-7
2.36E-7
1.6264E-5
1.393E-5
1.5212E-5
2.35E-7
2.5E-7
4.91E-7
3.09E-7
1.1022E-5
2.46E-7
1.63E-7
1.8308E-5
2.71E-7
1.7327E-5
1.323E-6
3.26E-7
1.2834E-5
8.83E-7
2.24E-7
1.2566E-5
1.5841E-5
2.26E-7
1.7126E-5
1.4038E-5
1.5499E-5
3.42E-7
5.13E-7
2.83E-7
1.6349E-5
1.0492E-5
1.82E-7
2.34E-7
3.04E-7
1.8013E-5
2.35E-7
2.96E-7
3.09E-7
1.5663E-5
1.2301E-5
2.44E-7
1.5312E-5
2.06E-7
1.4472E-5
3.34E-7
1.5111E-5
2.51E-7
1.6973E-5
3.44E-7
1.7852E-5
5.879E-6
1.7112E-5
2.89E-7
3.39E-7
2.48E-7
6.73E-7
3.2E-7
7.392E-6
1.89E-7
1.91E-7
1.5065E-5
2.42E-7
7.42E-7
1.7351E-5
1.7783E-5
2.14E-7
1.101E-5
2.3E-7
1.7618E-5
1.2545E-5
2.08E-7
9.114E-6
3.76E-7
2.46E-7
1.7805E-5
3.1E-7
1.7116E-5
7.844E-6
1.92E-7
2.57E-7
9.303E-6
2.46E-7
8.61E-7
3.4E-7
2.34E-7
6.02E-7
4.81E-7
1.2665E-5
2.39E-7
3.59E-7
3.53E-7
1.523E-5
1.2277E-5
2.37E-7
1.643E-5
2.84E-7
1.76E-7
1.7652E-5
1.428E-6
1.7093E-5
1.4694E-5
1.2316E-5
4.01E-7
2.12E-7
1.456E-6
1.8105E-5
3.82E-7
1.2314E-5
4.43E-7
4.05E-7
1.8158E-5
2.41E-7
1.7791E-5
3.83E-7
5.29E-7
2.988E-6
1.85E-7
1.99E-7
6.787E-6
2.0E-7
1.6144E-5
2.27E-7
1.5723E-5
3.99E-7
1.6821E-5
1.0802E-5
4.1E-7
3.95E-7
3.305E-6
2.08E-7
1.4831E-5
2.42E-7
1.7269E-5
1.5279E-5
1.4597E-5
1.4973E-5
8.93E-7
2.29E-7
6.62E-6
2.95E-7
1.5017E-5
2.06E-7
1.7433E-5
1.8061E-5
2.78E-7
1.7673E-5
1.0924E-5
1.6256E-5
1.136E-6
2.86E-7
1.496E-5
2.73E-7
3.41E-7
3.59E-7
1.2526E-5
2.65E-7
5.828E-6
2.52E-7
4.729E-6
4.61E-7
3.87E-7
1.8019E-5
7.933E-6
2.21E-7
4.38E-7
6.657E-6
1.8E-7
1.6944E-5
1.327E-6
1.6276E-5
3.89E-7
2.37E-7
1.4208E-5
2.45E-7
1.76E-7
6.425E-6
3.65E-7
3.98E-7
4.396E-6
1.1193E-5
2.65E-7
4.6181E-5
4.77E-7
1.5989E-5
1.5974E-5
2.77E-7
2.76E-7
1.7825E-5
9.45E-7
3.05E-7
1.592E-5
2.38E-7
1.7332E-5
1.5213E-5
3.22E-7
1.5602E-5
1.7573E-5
2.35E-7
1.5706E-5
1.6737E-5
2.93E-7
7.02E-7
1.6143E-5
3.45E-7
3.21E-7
4.29E-7
1.6929E-5
3.27E-7
4.34E-7
1.6904E-5
2.96E-7
8.37E-7
1.171E-6
8.96E-7
2.4788E-5
3.65E-7
5.2E-7
4.23E-7
3.54E-7
5.812E-6
3.59E-7
1.6374E-5
3.71E-7
3.19E-7
1.5771E-5
2.91E-7
3.33E-7
2.19E-7
3.36E-7
4.23E-7
3.12E-7
1.6329E-5
2.22E-7
1.65E-7
1.1091E-5
5.642E-6
5.11E-7
1.87E-7
9.116E-6
2.05E-7
2.11E-7
1.2273E-5
2.37E-7
1.6017E-5
2.4E-7
1.2017E-5
6.825E-6
1.86E-7
1.5344E-5
1.4835E-5
2.83E-7
4.28E-7
2.85E-7
1.0387E-5
1.6694E-5
2.42E-7
2.6E-7
1.1211E-5
8.821E-6
2.31E-7
7.18E-7
1.055E-6
4.27E-7
1.213E-6
1.6716E-5
2.24E-7
7.246E-6
2.94E-7
3.58E-7
5.17E-7
1.83E-7
1.6163E-5
1.5766E-5
2.52E-7
1.5334E-5
2.24E-7
1.5183E-5
1.6643E-5
4.57E-7
1.0927E-5
1.96E-7
2.21E-7
1.115E-6
1.1268E-5
2.74E-7
1.1466E-5
3.28E-7
4.93E-7
1.69E-7
1.6026E-5
2.58E-7
1.3948E-5
4.2E-7
1.47E-7
1.2311E-5
1.1899E-5
2.84E-7
3.6E-7
1.9764E-5
4.96E-7
4.06E-7
1.448E-6
3.44E-7
5.11E-7
2.1431E-5
2.0487E-5
3.58E-7
6.68E-7
1.9321E-5
1.4493E-5
1.528E-6
2.1043E-5
4.12E-7
3.828E-6
3.23E-7
5.16E-7
3.79E-7
8.826E-6
3.3E-7
3.86E-7
2.0542E-5
1.1828E-5
2.86E-7
1.3189E-5
3.75E-7
3.39E-7
3.09E-7
1.0489E-5
3.39E-7
3.816E-6
2.1316E-5
3.53E-7
1.2796E-5
1.4072E-5
2.62E-7
1.438E-5
3.92E-7
4.25E-7
2.2199E-5
3.87E-7
1.766E-6
3.26E-7
2.62E-7
2.38E-7
2.26E-7
4.083E-6
2.1225E-5
1.1105E-5
7.59E-7
3.22E-7
5.33E-7
2.21E-7
4.48E-7
4.57E-7
1.3579E-5
3.09E-7
2.22E-7
2.2413E-5
2.1462E-5
3.77E-7
3.908E-6
2.0676E-5
3.83E-7
5.1E-7
3.46E-7
2.1206E-5
2.2059E-5
6.085E-6
2.44E-7
1.5498E-5
3.89E-7
2.2404E-5
3.1E-7
1.486E-6
9.18E-7
6.81E-7
2.89E-7
8.24E-7
2.47E-7
3.25E-7
1.325E-6
2.84E-7
4.22E-7
2.0774E-5
3.55E-7
2.83E-7
2.2846E-5
5.27E-7
1.2461E-5
3.72E-7
2.8E-7
1.4717E-5
1.3926E-5
3.12E-7
8.88E-7
2.0651E-5
3.56E-7
2.87E-7
2.0012E-5
2.2282E-5
3.95E-7
1.5717E-5
4.13E-7
2.61E-7
3.28E-7
2.97E-7
4.05E-7
1.8152E-5
3.57E-7
8.98E-7
2.1227E-5
3.03E-7
3.62E-7
1.27E-6
2.44E-7
2.19E-7
1.9749E-5
2.81E-7
1.656E-6
2.31E-7
2.37E-7
4.14E-7
2.42E-7
1.7649E-5
2.91E-7
2.19E-7
2.0277E-5
2.1594E-5
2.0916E-5
3.52E-7
1.367E-5
2.91E-7
8.56E-7
2.1028E-5
2.0621E-5
3.773E-6
1.716E-6
4.624E-6
2.7E-7
4.64E-7
3.309E-6
3.24E-7
2.79E-7
2.5998E-5
3.94E-7
2.1143E-5
2.0036E-5
2.233E-5
1.266E-6
4.61E-7
8.85E-7
9.47E-7
8.13E-7
2.95E-7
1.0123E-5
1.909E-5
3.82E-7
1.8769E-5
9.065E-6
4.18E-7
6.68E-7
1.8552E-5
1.6754E-5
6.445E-6
3.26E-7
3.25E-7
1.5003E-5
4.45E-7
1.9663E-5
3.23E-7
5.61E-7
1.2807E-5
4.28E-7
2.1429E-5
4.65E-7
2.72E-7
1.5104E-5
5.9E-7
3.09E-7
1.3002E-5
1.023E-6
3.1E-7
8.28E-7
1.3673E-5
2.87E-7
8.67E-7
2.0904E-5
3.11E-7
2.057E-6
3.87E-7
4.61E-7
5.022E-6
1.9354E-5
2.2428E-5
1.3346E-5
4.68E-7
2.98E-7
2.2004E-5
2.0116E-5
2.99E-7
2.809E-6
3.3E-7
2.1431E-5
4.98E-7
2.006E-6
8.7E-7
2.1023E-5
4.11E-7
2.0791E-5
3.22E-7
3.49E-7
4.83E-7
2.0549E-5
3.9E-7
2.0074E-5
1.266E-6
2.75E-7
3.31E-7
8.36E-7
1.95E-5
3.47E-7
2.94E-7
1.9336E-5
6.87E-7
3.65E-7
3.04E-7
7.7E-7
1.9364E-5
4.7E-7
1.9197E-5
6.061E-6
2.86E-7
3.87E-7
2.2E-7
8.39E-7
1.9944E-5
3.75E-7
2.0134E-5
4.7E-7
2.0422E-5
2.2775E-5
3.79E-7
1.9807E-5
4.79E-7
2.1433E-5
3.66E-7
8.39E-7
2.1903E-5
5.25E-7
1.8302E-5
5.38E-7
4.54E-7
2.2455E-5
4.27E-7
3.14E-7
2.1076E-5
3.88E-7
2.2032E-5
8.26E-7
1.8266E-5
4.67E-7
3.9E-7
2.71E-7
2.88E-7
2.2062E-5
3.79E-7
3.2E-7
2.77E-7
4.12E-7
6.12E-7
5.0327E-5
9.94E-7
6.09E-7
2.7371E-5
6.67E-7
2.3039E-5
1.8451E-5
4.88E-7
1.233E-6
5.14E-7
3.9994E-5
6.87E-7
2.125E-6
3.85E-7
2.161E-5
4.39E-7
7.11E-7
1.2898E-5
5.07E-7
1.7275E-5
5.19E-7
3.94E-7
3.38E-7
2.2589E-5
3.84E-7
5.171E-6
9.06E-7
2.0952E-5
4.52E-7
3.059E-6
3.12E-7
1.342E-6
7.14E-7
3.12E-7
3.44E-7
2.2053E-5
3.78E-7
6.97E-7
8.669E-6
4.81E-7
4.03E-7
2.12E-5
4.66E-7
2.95E-7
1.169E-6
2.58E-7
4.01E-7
4.31E-7
7.73E-7
2.42E-7
2.1676E-5
2.0167E-5
5.48E-7
3.41E-7
4.86E-7
2.2E-7
1.1691E-5
2.58E-7
2.0301E-5
3.89E-7
2.7E-7
7.64E-7
1.6288E-5
3.87E-7
1.3022E-5
3.6E-7
4.13E-7
9.38E-7
8.21E-7
3.61E-7
3.66E-7
2.16E-7
2.0983E-5
3.51E-7
3.17E-7
3.15E-7
1.405E-6
2.62E-7
3.14E-7
3.28E-7
3.64E-7
1.9494E-5
3.84E-7
3.98E-7
7.25E-7
2.1891E-5
4.2E-7
1.038E-6
2.39E-7
1.7094E-5
4.22E-7
1.8598E-5
1.7889E-5
3.42E-7
3.45E-7
3.06E-7
3.19E-7
2.77E-7
5.65E-7
2.1761E-5
7.81E-7
2.84E-7
7.8E-7
2.8E-7
2.66E-7
1.7707E-5
5.642E-6
2.76E-7
5.91E-7
2.94E-7
3.24E-7
1.5305E-5
4.65E-7
3.01E-7
1.4017E-5
4.35E-7
1.8918E-5
3.63E-7
2.1409E-5
7.12E-7
1.7039E-5
8.638E-6
1.222E-6
3.63E-7
3.11E-7
1.415E-5
4.29E-7
1.4801E-5
2.88E-7
4.37E-7
1.3503E-5
2.1809E-5
1.679E-6
2.87E-7
2.0136E-5
2.77E-7
1.5552E-5
4.38E-7
2.84E-7
1.042E-6
2.1495E-5
2.1325E-5
2.0205E-5
1.1502E-5
4.64E-7
2.39E-7
4.73E-7
5.36E-7
5.844E-6
1.8458E-5
1.8522E-5
3.08E-7
5.24E-7
1.8949E-5
3.34E-7
3.92E-7
1.4087E-5
4.36E-7
4.35E-7
2.2582E-5
4.66E-7
2.1423E-5
1.8311E-5
1.385E-6
1.4069E-5
3.5E-7
2.1809E-5
9.08E-7
1.8011E-5
4.038E-6
1.242E-6
3.92E-7
2.83E-7
1.2909E-5
1.5001E-5
2.86E-7
2.6E-7
1.389E-5
2.65E-7
8.8E-7
2.1386E-5
2.89E-7
2.0418E-5
4.2E-7
8.396E-6
1.5083E-5
4.58E-7
1.603E-6
2.77E-7
2.0916E-5
3.62E-7
2.0447E-5
3.77E-7
1.179E-6
2.0666E-5
5.87E-7
1.498E-5
3.85E-7
4.54E-7
3.09E-7
2.1228E-5
1.105E-6
3.38E-7
2.68E-7
6.718E-6
1.7922E-5
1.6623E-5
3.32E-7
2.1868E-5
2.031E-5
4.52E-7
2.1518E-5
1.3798E-5
4.28E-7
2.95E-7
3.22E-7
2.084E-6
3.84E-7
5.496E-6
2.56E-7
1.208E-6
9.63E-7
3.53E-7
2.1813E-5
2.84E-7
2.2219E-5
3.41E-7
1.7906E-5
1.6796E-5
3.74E-7
1.6152E-5
8.959E-6
1.176E-6
2.133E-5
2.0165E-5
1.623E-6
2.88E-7
2.86E-7
9.47E-7
1.6984E-5
3.6E-7
1.6416E-5
4.08E-7
3.66E-7
2.86E-7
1.9638E-5
