5.836E-6
1.9315E-5
1.749E-6
7.543E-6
4.773E-6
1.0852E-5
5.577E-6
9.09E-7
8.53E-7
7.52E-7
3.429E-6
1.13E-6
7.74E-7
6.926E-6
8.68E-7
8.69E-7
1.189E-6
4.717E-6
5.343E-6
1.266E-6
4.638E-6
9.54E-7
7.872E-6
7.44E-7
1.432E-6
2.547E-6
8.44E-7
2.921E-6
4.222E-6
3.625E-6
9.86E-7
1.191E-6
1.109E-6
7.71E-7
7.06E-7
1.432E-6
9.97E-7
5.484E-6
3.131E-6
8.4E-7
1.124E-6
7.77E-7
6.74E-7
5.074E-6
9.94E-7
9.63E-7
1.3E-6
4.088E-6
9.6E-7
1.422E-6
7.66E-7
3.233E-6
7.04E-7
9.55E-7
5.941E-6
1.022E-6
3.885E-6
1.731E-6
1.2E-6
4.349E-6
7.99E-7
9.28E-7
7.51E-7
1.188E-6
8.1E-7
1.3448E-5
3.286E-6
8.49E-7
1.189E-6
7.576E-6
4.918E-6
9.57E-7
3.69E-6
4.87E-6
9.94E-7
1.797E-6
3.933E-6
8.13E-7
8.0E-7
4.577E-6
3.419E-6
7.84E-7
7.58E-7
1.118E-6
3.753E-6
1.708E-6
8.67E-7
7.73E-7
9.14E-7
7.14E-7
6.34E-7
9.94E-7
3.219E-6
8.53E-7
8.3E-7
7.33E-7
6.342E-6
9.31E-7
6.798E-6
7.49E-7
8.83E-7
2.584E-6
8.57E-7
1.308E-6
3.161E-6
2.003E-6
8.32E-7
7.58E-7
6.682E-6
3.495E-6
1.534E-6
1.399E-6
8.58E-7
3.898E-6
8.94E-7
8.08E-7
1.078E-6
8.4E-7
7.39E-7
2.524E-6
1.045E-6
4.039E-6
1.005E-6
9.04E-7
3.325E-6
2.473E-6
6.935E-6
4.918E-6
1.147E-6
1.271E-6
8.091E-6
1.069E-6
6.98E-7
2.84E-6
4.232E-6
3.756E-6
1.0E-6
3.121E-6
2.105E-6
7.91E-7
5.051E-6
8.08E-7
5.605E-6
1.967E-6
1.134E-6
3.333E-6
8.14E-7
9.52E-7
1.299E-6
2.65E-6
2.194E-6
3.416E-6
4.563E-6
2.058E-6
8.77E-7
1.612E-6
1.022E-6
9.9E-7
8.62E-7
1.215E-6
1.339E-6
5.07E-6
7.31E-7
8.32E-7
1.354E-6
9.07E-7
1.147E-6
1.903E-6
1.373E-6
8.64E-7
3.562E-6
1.172E-6
8.57E-7
4.087E-6
9.2E-7
9.72E-7
1.327E-6
2.44E-6
1.097E-6
8.91E-7
1.018E-6
1.588E-6
9.87E-7
8.33E-7
6.81E-7
9.4E-7
9.36E-7
1.039E-6
1.165E-6
1.668E-6
1.134E-6
9.17E-7
9.86E-7
8.34E-7
1.396E-6
9.17E-7
1.275E-6
6.779E-6
4.235E-6
8.15E-7
7.28E-7
9.72E-7
9.43E-7
1.137E-6
5.875E-6
3.048E-6
8.96E-7
8.13E-7
6.15E-6
2.254E-6
7.58E-7
7.29E-7
1.088E-6
1.145E-6
7.52E-7
9.81E-7
1.836E-6
9.44E-7
1.5915E-5
3.596E-6
1.119E-6
1.217E-6
8.88E-7
8.91E-7
9.83E-7
9.22E-7
5.378E-6
6.89E-7
3.315E-6
1.213E-6
1.018E-6
8.42E-7
8.29E-7
5.926E-6
1.042E-6
4.603E-6
5.145E-6
3.315E-6
1.064E-6
5.133E-6
1.212E-6
4.524E-6
6.935E-6
1.117E-6
7.77E-7
8.17E-7
3.418E-6
1.742E-6
8.46E-7
1.52E-6
5.48E-6
1.054E-6
1.435E-6
5.411E-6
1.131E-6
2.807E-6
1.817E-6
5.686E-6
1.112E-6
5.803E-6
1.384E-6
4.593E-6
1.116E-6
2.255E-6
1.01E-6
1.117E-6
1.063E-6
9.67E-7
4.346E-6
9.45E-7
2.821E-6
6.236E-6
9.24E-7
1.292E-6
1.237E-6
8.39E-7
8.51E-7
3.439E-6
1.208E-6
8.23E-7
9.11E-7
2.7902E-5
1.559E-6
1.413E-6
9.73E-7
8.27E-7
1.051E-6
8.95E-7
9.06E-7
3.716E-6
1.047E-6
8.8E-7
9.61E-7
2.616E-6
8.06E-7
1.162E-6
9.01E-7
1.185E-6
7.29E-7
4.704E-6
7.03E-7
8.18E-7
5.201E-6
8.75E-7
8.45E-7
1.547E-6
1.105E-6
1.174E-6
4.792E-6
9.52E-7
9.62E-7
1.093E-6
7.21E-7
8.26E-7
3.665E-6
8.13E-7
8.66E-7
2.215E-6
7.39E-7
9.86E-7
7.43E-7
1.12E-6
7.47E-7
2.644E-6
4.825E-6
6.357E-6
1.154E-6
1.168E-6
1.25E-6
7.48E-7
9.81E-7
9.41E-7
3.356E-6
5.615E-6
1.181E-6
7.22E-7
7.11E-7
1.383E-6
8.45E-7
4.407E-6
2.888E-6
1.129E-6
7.71E-7
8.34E-7
9.4E-7
3.027E-6
6.29E-6
1.159E-6
5.082E-6
4.741E-6
1.202E-6
1.011E-6
8.15E-7
9.49E-7
9.08E-7
8.08E-7
7.36E-7
7.4E-7
7.54E-7
9.91E-7
3.358E-6
9.67E-7
4.281E-6
7.24E-7
6.55E-7
5.14E-6
3.879E-6
9.82E-7
9.73E-7
4.324E-6
1.014E-6
7.1E-7
8.4E-7
6.56E-7
8.5E-7
1.029E-6
7.61E-7
1.112E-6
8.84E-7
8.43E-7
9.724E-6
8.58E-7
3.977E-6
7.21E-7
6.6E-7
7.42E-7
3.431E-6
1.33E-6
4.908E-6
1.348E-6
6.88E-7
9.68E-7
6.48E-7
6.86E-7
4.252E-6
1.248E-6
7.97E-7
6.97E-7
3.985E-6
1.263E-6
7.26E-7
5.571E-6
7.56E-7
1.154E-6
1.014E-6
1.257E-6
8.8E-7
1.852E-6
9.92E-7
2.163E-6
1.941E-6
9.23E-7
9.2E-7
2.86E-6
4.139E-6
7.48E-7
1.589E-6
6.63E-7
1.111E-6
1.093E-6
9.47E-7
1.804E-6
7.96E-7
2.331E-6
4.343E-6
1.459E-6
9.44E-7
7.24E-7
7.63E-7
7.28E-7
3.443E-6
1.545E-6
1.293E-6
7.62E-7
4.646E-6
9.56E-7
4.071E-6
1.226E-6
1.334E-6
5.262E-6
3.139E-6
9.9E-7
1.122E-6
7.97E-7
1.014E-6
2.872E-6
1.427E-6
3.921E-6
8.05E-7
8.53E-7
6.07E-7
2.466E-6
3.8E-6
8.26E-7
6.222E-6
8.79E-7
7.95E-7
1.1459E-5
1.086E-6
3.672E-6
9.19E-7
1.026E-6
6.56E-7
9.77E-7
8.81E-7
6.93E-7
6.87E-7
3.499E-6
7.87E-7
5.125E-6
9.17E-7
1.434E-6
1.79E-6
2.27E-6
8.14E-7
1.871E-6
2.321E-6
8.56E-7
8.19E-7
1.2049E-5
1.407E-6
1.437E-6
1.093E-6
2.878E-6
1.259E-6
1.364E-6
1.104E-6
6.8E-7
6.61E-7
8.89E-7
1.462E-6
5.886E-6
8.29E-7
1.439E-6
7.29E-7
8.86E-7
3.518E-6
6.77E-7
1.225E-6
7.54E-7
6.85E-7
2.272E-6
4.009E-6
2.608E-6
9.9E-7
1.105E-6
9.03E-7
9.27E-7
3.27E-6
1.346E-6
1.684E-6
7.04E-7
1.304E-6
8.88E-7
7.95E-7
3.529E-6
6.99E-7
9.88E-7
4.426E-6
5.94E-6
3.368E-6
4.768E-6
8.23E-7
1.314E-6
2.715E-6
1.143E-6
1.859E-6
7.19E-7
9.91E-7
8.61E-7
6.34E-7
6.415E-6
1.025E-6
5.528E-6
8.14E-7
5.784E-6
1.481E-6
2.616E-6
8.69E-7
2.978E-6
7.44E-7
8.41E-7
4.25E-6
1.296E-6
7.22E-7
8.27E-7
8.465E-6
9.71E-7
7.43E-7
5.495E-6
1.831E-6
7.93E-7
7.41E-7
7.32E-7
6.78E-7
4.135E-6
8.75E-7
9.65E-7
8.69E-7
7.98E-7
6.52E-7
3.498E-6
4.222E-6
3.936E-6
1.148E-6
1.946E-6
7.35E-7
4.117E-6
8.67E-7
7.64E-7
7.34E-7
7.91E-7
7.604E-6
5.436E-6
1.31E-6
2.697E-6
7.26E-7
2.86E-6
3.171E-6
8.09E-7
4.579E-6
5.016E-6
1.219E-6
8.09E-7
3.17E-6
9.05E-7
7.94E-7
7.62E-7
1.976E-6
1.005E-6
1.131E-6
7.002E-6
4.257E-6
9.62E-7
7.96E-7
7.08E-7
2.254E-6
7.4E-7
6.32E-7
3.466E-6
3.289E-6
2.533E-6
5.357E-6
9.5E-7
8.66E-7
6.84E-7
5.356E-6
7.34E-7
7.25E-7
9.5E-7
8.81E-7
9.45E-7
6.87E-7
6.83E-7
5.193E-6
7.63E-7
1.102E-6
6.649E-6
7.27E-7
2.06E-6
8.63E-7
7.584E-6
8.06E-7
9.0E-7
1.122E-6
4.326E-6
7.02E-7
9.83E-7
1.034E-6
6.82E-7
6.45E-7
1.199E-6
7.12E-7
4.684E-6
6.994E-6
3.3506E-5
6.02E-7
4.72E-7
1.79E-6
4.52E-7
4.67E-7
2.817E-6
5.52E-7
9.95E-7
8.13E-7
5.2E-7
1.664E-6
5.84E-7
4.43E-7
5.72E-7
8.76E-7
4.02E-7
2.205E-6
1.715E-6
5.52E-7
5.78E-7
5.52E-7
5.87E-7
2.632E-6
5.05E-7
5.96E-7
6.3E-7
3.9E-7
3.84E-7
1.414E-6
4.2E-7
1.291E-6
7.16E-7
3.7E-7
3.75E-7
4.69E-7
6.49E-7
5.09E-7
6.76E-7
4.55E-7
2.409E-6
9.24E-7
4.01E-7
3.64E-7
2.369E-6
4.69E-7
4.44E-7
4.79E-7
5.48E-7
4.38E-7
1.419E-6
5.96E-7
7.03E-7
5.29E-7
1.45E-6
7.14E-7
4.39E-7
3.92E-7
4.46E-7
4.41E-7
3.93E-7
2.436E-6
4.43E-7
1.008E-6
4.08E-7
4.66E-7
5.09E-7
1.734E-6
5.95E-7
4.18E-7
3.94E-7
1.278E-6
4.48E-7
4.21E-7
1.193E-6
4.24E-7
4.18E-7
5.63E-7
1.72E-6
4.26E-7
4.48E-7
5.23E-7
6.79E-7
5.38E-7
1.574E-6
5.09E-7
3.45E-7
6.53E-7
4.01E-7
5.19E-7
1.174E-6
7.54E-7
2.562E-6
5.37E-7
7.91E-7
4.8E-7
4.74E-7
5.96E-7
9.13E-7
7.42E-7
2.215E-6
5.29E-7
5.31E-7
3.75E-7
1.717E-6
4.2E-7
3.84E-7
1.366E-6
2.477E-6
4.12E-7
4.97E-7
1.534E-6
4.44E-7
3.72E-7
4.63E-7
5.92E-7
6.58E-7
4.89E-7
3.7E-7
4.274E-6
7.43E-7
3.73E-7
2.411E-6
5.13E-7
5.28E-7
6.01E-7
6.36E-7
4.5E-7
2.672E-6
7.23E-7
4.22E-7
5.05E-7
5.46E-7
7.35E-7
5.97E-7
8.52E-7
4.42E-7
3.58E-7
6.45E-7
1.111E-6
3.89E-7
7.52E-7
6.38E-7
4.43E-7
1.381E-6
1.734E-6
4.79E-7
3.59E-7
5.67E-7
3.73E-7
4.19E-7
3.38E-7
4.17E-7
1.487E-6
1.027E-6
8.75E-7
3.92E-7
7.11E-7
8.71E-7
6.08E-7
1.944E-6
8.37E-7
2.176E-6
3.81E-7
4.12E-7
1.387E-6
2.048E-6
4.38E-7
8.19E-7
4.96E-7
5.83E-7
1.903E-6
3.78E-7
1.391E-6
1.044E-6
1.654E-6
4.79E-7
4.76E-7
8.56E-7
1.914E-6
6.68E-7
8.43E-7
3.94E-7
9.42E-7
4.33E-7
4.41E-7
3.37E-7
1.848E-6
6.33E-7
2.199E-6
8.82E-7
6.29E-7
4.95E-7
3.04E-7
5.07E-7
5.47E-7
1.266E-6
2.165E-6
6.3E-7
2.275E-6
5.79E-7
5.49E-7
4.37E-7
3.94E-7
4.76E-7
3.89E-7
2.932E-6
4.4E-7
3.78E-7
2.182E-6
6.47E-7
3.39E-7
2.632E-6
5.01E-7
5.56E-7
3.28E-7
9.21E-7
5.12E-7
2.147E-6
3.49E-7
2.7065E-5
7.14E-7
4.8E-7
5.49E-7
5.32E-7
1.176E-6
4.02E-7
4.7E-7
4.29E-7
4.5E-7
5.27E-7
3.62E-7
1.607E-6
3.85E-7
4.03E-7
3.94E-7
2.004E-6
8.33E-7
4.8E-7
5.32E-7
1.516E-6
5.7E-7
3.79E-7
5.2E-7
1.704E-6
4.82E-7
5.78E-7
1.661E-6
6.57E-7
1.339E-6
3.37E-7
4.77E-7
5.48E-7
4.05E-7
3.84E-7
9.78E-7
5.42E-7
1.978E-6
4.25E-7
4.13E-7
2.442E-6
6.19E-7
3.58E-7
8.35E-7
4.08E-7
4.2E-7
1.928E-6
9.03E-7
4.12E-7
1.362E-6
6.05E-7
5.24E-7
2.337E-6
5.47E-7
1.569E-6
4.69E-7
2.47E-6
4.49E-7
5.04E-7
5.73E-7
2.149E-6
1.732E-6
4.43E-7
1.223E-6
3.83E-7
1.25E-6
4.0E-7
1.36E-6
5.39E-7
1.412E-6
3.59E-7
2.728E-6
3.93E-7
2.929E-6
4.11E-7
3.52E-7
2.338E-6
5.43E-7
2.333E-6
3.98E-7
4.81E-7
1.714E-6
3.37E-7
5.79E-7
1.48E-6
5.2E-7
3.36E-7
5.08E-7
5.593E-6
6.99E-7
3.91E-7
5.56E-7
6.28E-7
4.37E-7
5.83E-7
6.17E-7
5.78E-7
7.24E-7
3.64E-7
5.93E-7
7.56E-7
4.06E-7
1.591E-6
3.77E-7
2.441E-6
1.782E-6
3.29E-7
4.21E-7
2.163E-6
3.57E-7
1.857E-6
6.03E-7
3.98E-7
1.323E-6
3.89E-7
3.34E-7
6.33E-7
1.971E-6
3.61E-7
4.4E-7
9.67E-7
4.37E-7
4.13E-7
3.86E-7
1.291E-6
1.102E-6
5.25E-7
4.45E-7
4.03E-7
4.59E-7
5.67E-7
4.9E-7
5.68E-7
4.07E-7
4.68E-7
5.57E-7
9.49E-7
5.17E-7
6.85E-7
2.934E-6
5.13E-7
3.56E-7
1.046E-6
1.727E-6
3.53E-7
4.02E-7
4.17E-7
3.63E-7
5.64E-7
5.6E-7
2.672E-6
7.57E-7
4.87E-7
2.387E-6
4.4E-7
4.44E-7
4.68E-7
1.72E-6
3.82E-7
1.311E-6
6.0E-7
3.86E-7
4.24E-7
4.22E-7
2.423E-6
7.06E-7
5.96E-7
5.14E-7
