2.27006E-4
3.6617E-5
3.1745E-5
3.4408E-5
3.5297E-5
3.2247E-5
3.1208E-5
3.1639E-5
3.0405E-5
3.067E-5
4.8657E-5
3.0613E-5
2.4506E-5
2.9457E-5
3.2009E-5
3.2671E-5
7.603E-5
3.3215E-5
3.1178E-5
2.8829E-5
2.944E-5
3.2738E-5
3.2734E-5
3.0553E-5
1.28769E-4
4.1528E-5
3.8129E-5
3.1047E-5
2.8949E-5
3.233E-5
4.3285E-5
7.0901E-5
3.362E-5
7.476E-5
3.4232E-5
3.1258E-5
3.4205E-5
3.0259E-5
3.1602E-5
4.1858E-5
3.2524E-5
2.9948E-5
7.7659E-5
3.4442E-5
1.3767E-4
3.5023E-5
7.5374E-5
4.1899E-5
2.4268E-5
2.5428E-5
2.2498E-5
2.2585E-5
3.2788E-5
6.3354E-5
3.6362E-5
3.0499E-5
2.8611E-5
2.7646E-5
4.3947E-5
3.0954E-5
2.8689E-5
3.1134E-5
1.54334E-4
3.5878E-5
8.1011E-5
2.8932E-5
2.785E-5
2.6748E-5
2.8104E-5
3.0857E-5
2.9423E-5
2.8578E-5
6.2432E-5
1.36607E-4
4.7591E-5
1.55992E-4
3.8461E-5
3.0402E-5
2.9912E-5
2.7272E-5
1.51852E-4
3.7402E-5
1.07153E-4
3.4432E-5
2.9584E-5
2.9808E-5
3.0469E-5
3.082E-5
3.9302E-5
8.624E-5
7.3804E-5
3.4892E-5
2.9778E-5
9.3081E-5
1.13458E-4
7.2094E-5
6.733E-5
4.4197E-5
6.259E-5
3.2661E-5
3.9784E-5
3.3008E-5
8.8011E-5
3.3847E-5
2.5845E-5
3.079E-5
6.4785E-5
3.2514E-5
6.3056E-5
4.9152E-5
3.0897E-5
2.9807E-5
2.939E-5
6.2742E-5
7.5756E-5
3.4595E-5
6.1905E-5
6.6208E-5
3.0225E-5
2.6303E-5
2.8238E-5
2.9518E-5
2.911E-5
1.32505E-4
3.9159E-5
2.7653E-5
3.1699E-5
2.7499E-5
6.334E-5
3.1371E-5
2.9293E-5
6.0728E-5
7.4078E-5
3.2186E-5
2.6978E-5
3.0375E-5
2.9349E-5
6.8289E-5
3.4121E-5
8.7154E-5
9.6005E-5
1.2024E-4
1.16177E-4
6.1149E-5
4.6425E-5
6.7249E-5
3.0295E-5
6.4991E-5
3.2294E-5
7.1189E-5
2.9547E-5
2.8939E-5
3.2163E-5
6.1474E-5
3.4208E-5
3.7819E-5
3.0627E-5
7.7776E-5
3.7789E-5
2.9019E-5
1.18573E-4
1.67561E-4
4.1865E-5
3.1832E-5
6.1507E-5
3.4692E-5
3.087E-5
3.0222E-5
4.4662E-5
3.0453E-5
2.8178E-5
6.3815E-5
6.9755E-5
3.3853E-5
6.2899E-5
3.813E-5
2.916E-5
3.7064E-5
2.9761E-5
6.1617E-5
6.6194E-5
3.4224E-5
9.8313E-5
3.3379E-5
2.7596E-5
2.9628E-5
3.1709E-5
7.1498E-5
3.5945E-5
2.8472E-5
4.1124E-5
8.4993E-5
7.2311E-5
3.5537E-5
3.1148E-5
3.0232E-5
2.9503E-5
6.6067E-5
3.5251E-5
2.9817E-5
2.954E-5
3.0238E-5
6.5371E-5
3.3957E-5
6.3851E-5
4.6937E-5
2.9701E-5
3.0439E-5
4.7428E-5
7.6097E-5
3.3633E-5
2.9761E-5
2.935E-5
3.368E-5
5.14E-5
3.0613E-5
4.5243E-5
1.3479E-4
8.5665E-5
3.5982E-5
2.9487E-5
2.8358E-5
6.8602E-5
3.3807E-5
3.7659E-5
2.9865E-5
2.9677E-5
3.0232E-5
6.7627E-5
3.5585E-5
4.1521E-5
2.5321E-5
2.5681E-5
2.7619E-5
2.6835E-5
5.6111E-5
7.3607E-5
6.8415E-5
7.3852E-5
3.6148E-5
3.0968E-5
6.5325E-5
3.4057E-5
3.9928E-5
7.0637E-5
3.7015E-5
1.12763E-4
3.5888E-5
3.2577E-5
2.9153E-5
2.918E-5
2.8853E-5
2.9777E-5
2.7857E-5
2.9066E-5
1.04147E-4
8.2695E-5
6.6735E-5
3.4839E-5
5.8744E-5
6.7741E-5
3.2771E-5
2.8345E-5
3.3887E-5
1.36346E-4
3.3944E-5
2.7509E-5
6.4557E-5
3.3175E-5
2.9209E-5
2.7963E-5
2.6784E-5
8.2374E-5
7.7844E-5
3.6189E-5
8.4492E-5
3.2307E-5
7.7239E-5
1.09666E-4
7.1095E-5
3.5346E-5
2.8788E-5
2.934E-5
6.2468E-5
6.5338E-5
3.4579E-5
4.9091E-5
6.3808E-5
3.0997E-5
3.1759E-5
8.2197E-5
6.4942E-5
8.0513E-5
3.4783E-5
5.9391E-5
2.8301E-5
6.2859E-5
3.0242E-5
2.5828E-5
4.7238E-5
2.744E-5
2.663E-5
2.8417E-5
9.9459E-5
3.1228E-5
2.6096E-5
2.9534E-5
2.7773E-5
2.4793E-5
1.05383E-4
3.0319E-5
6.317E-5
1.24096E-4
2.9491E-5
2.338E-5
2.5434E-5
2.5457E-5
9.5547E-5
3.6263E-5
2.7105E-5
2.6213E-5
2.6293E-5
2.508E-5
3.0175E-5
2.8331E-5
3.075E-5
6.9318E-5
3.2494E-5
2.9557E-5
3.0105E-5
9.1355E-5
3.1161E-5
1.30828E-4
3.0141E-5
2.4202E-5
2.5314E-5
2.9484E-5
3.3553E-5
3.4562E-5
2.6717E-5
2.7446E-5
2.5635E-5
2.786E-5
2.9551E-5
2.7847E-5
2.8154E-5
3.1679E-5
2.7833E-5
1.00104E-4
3.2621E-5
2.8385E-5
3.2905E-5
2.6554E-5
6.6027E-5
1.00917E-4
3.1615E-5
2.6808E-5
2.8739E-5
2.645E-5
2.6173E-5
2.5074E-5
2.6954E-5
2.7977E-5
2.8405E-5
3.9891E-5
3.211E-5
3.2313E-5
3.0837E-5
2.8511E-5
3.5324E-5
2.9524E-5
3.0342E-5
2.9056E-5
0.002677468
0.001760572
1.64591E-4
2.49812E-4
1.2453E-4
1.18416E-4
1.19913E-4
1.20083E-4
1.19892E-4
1.32895E-4
1.33376E-4
1.2631E-4
3.58408E-4
2.10669E-4
2.33427E-4
1.33509E-4
1.19853E-4
1.19017E-4
1.17087E-4
1.18784E-4
1.19087E-4
1.19689E-4
2.01037E-4
1.42327E-4
1.99423E-4
1.25098E-4
1.17824E-4
2.21641E-4
1.31142E-4
1.19328E-4
1.1755E-4
1.16468E-4
1.22448E-4
1.31764E-4
1.02671E-4
6.9762E-5
3.2303E-5
5.271E-5
9.0172E-5
6.5993E-5
1.61915E-4
3.3436E-5
2.649E-5
3.0556E-5
6.4964E-5
6.5189E-5
8.4355E-5
1.37486E-4
6.9541E-5
1.4337E-4
4.0732E-5
3.514E-5
2.9624E-5
5.9021E-5
3.0794E-5
2.5177E-5
2.8986E-5
2.8381E-5
2.8955E-5
3.0512E-5
2.9574E-5
2.9103E-5
2.513E-5
2.9463E-5
2.7893E-5
2.606E-5
3.1839E-5
2.6313E-5
5.1942E-5
3.9283E-5
4.2774E-5
4.546E-5
3.083E-5
2.7118E-5
2.9691E-5
3.1598E-5
4.1935E-5
7.9216E-5
3.3399E-5
2.9728E-5
3.0747E-5
4.9028E-5
3.0927E-5
3.1585E-5
2.9303E-5
3.1959E-5
2.9694E-5
2.9096E-5
2.9741E-5
3.4475E-5
2.9741E-5
2.8973E-5
3.1522E-5
2.914E-5
8.5384E-5
3.371E-5
2.8805E-5
6.1095E-5
7.8462E-5
4.1795E-5
3.5307E-5
3.1642E-5
1.01791E-4
1.16321E-4
3.4338E-5
6.2132E-5
3.0866E-5
2.4333E-5
2.7166E-5
2.5171E-5
2.8849E-5
2.6287E-5
3.4053E-5
2.7917E-5
8.1402E-5
3.7284E-5
3.3416E-5
2.6764E-5
8.8798E-5
2.92E-5
2.4779E-5
2.8732E-5
2.9995E-5
3.7274E-5
2.929E-5
1.00709E-4
4.2914E-5
3.1785E-5
1.14781E-4
8.4558E-5
6.8355E-5
3.3029E-5
2.793E-5
2.6714E-5
9.0075E-5
6.1653E-5
9.1354E-5
1.01644E-4
9.814E-5
1.83377E-4
1.98772E-4
1.33848E-4
1.07728E-4
1.01006E-4
9.797E-5
1.13943E-4
1.03919E-4
9.7531E-5
9.7652E-5
9.7769E-5
1.67124E-4
1.80404E-4
1.03161E-4
9.6634E-5
9.7943E-5
9.7434E-5
9.7391E-5
9.8735E-5
1.40757E-4
1.39137E-4
1.31927E-4
1.03078E-4
1.02914E-4
9.8701E-5
9.7141E-5
9.8417E-5
9.7174E-5
9.6843E-5
1.01675E-4
1.05673E-4
1.28084E-4
1.00335E-4
1.65914E-4
1.02226E-4
9.6776E-5
9.7184E-5
9.5537E-5
9.6479E-5
1.68663E-4
1.03198E-4
9.6232E-5
1.2875E-4
1.04367E-4
9.9473E-5
9.7956E-5
9.5194E-5
1.99032E-4
1.06498E-4
9.9369E-5
9.6921E-5
1.04421E-4
1.01019E-4
1.00552E-4
1.08824E-4
1.0308E-4
1.0129E-4
1.06569E-4
9.8795E-5
1.12509E-4
9.9072E-5
9.8698E-5
9.8013E-5
9.9239E-5
1.86705E-4
1.27613E-4
1.0378E-4
1.36798E-4
1.25839E-4
1.22729E-4
1.17841E-4
1.16315E-4
1.17253E-4
2.99337E-4
2.35903E-4
1.41672E-4
1.12449E-4
1.09573E-4
1.07865E-4
1.68747E-4
1.12947E-4
1.20564E-4
1.14972E-4
3.55515E-4
1.11563E-4
1.07127E-4
1.04831E-4
1.23146E-4
1.15425E-4
1.03495E-4
1.27413E-4
1.00987E-4
1.06068E-4
1.07932E-4
2.13E-4
1.98899E-4
1.29615E-4
1.14567E-4
1.05487E-4
1.0555E-4
1.18095E-4
1.05086E-4
1.10755E-4
1.81298E-4
1.46694E-4
1.96259E-4
1.13598E-4
1.66446E-4
1.09295E-4
1.06722E-4
1.36744E-4
1.29431E-4
1.24022E-4
1.10889E-4
1.08058E-4
7.16259E-4
5.75555E-4
2.89491E-4
1.51731E-4
1.31439E-4
2.71634E-4
1.31629E-4
1.2484E-4
1.30283E-4
1.09903E-4
1.08771E-4
1.06426E-4
1.03739E-4
1.46333E-4
1.71209E-4
1.17096E-4
1.17217E-4
1.07601E-4
1.07508E-4
1.11728E-4
1.06064E-4
1.0661E-4
1.10662E-4
1.1115E-4
1.0847E-4
1.05797E-4
1.0543E-4
1.07009E-4
1.66341E-4
1.08721E-4
1.07895E-4
1.14561E-4
1.11757E-4
2.16048E-4
1.13435E-4
1.85218E-4
1.26411E-4
1.21302E-4
1.2347E-4
1.27546E-4
1.26694E-4
1.22485E-4
2.02377E-4
1.31726E-4
1.21456E-4
1.15476E-4
1.13432E-4
1.14748E-4
1.12222E-4
1.99394E-4
1.87923E-4
1.1897E-4
1.12693E-4
1.41836E-4
1.12339E-4
1.08964E-4
1.45832E-4
1.19321E-4
1.1909E-4
1.55416E-4
1.31191E-4
2.18994E-4
4.3142E-5
2.7032E-5
2.6497E-5
6.3377E-5
3.239E-5
2.8551E-5
2.7034E-5
6.4867E-5
1.08631E-4
3.2157E-5
6.4463E-5
3.1802E-5
2.7352E-5
2.7713E-5
6.7864E-5
3.3714E-5
6.2214E-5
3.199E-5
1.34319E-4
6.8776E-5
3.0663E-5
3.0062E-5
3.2294E-5
5.1401E-5
6.3711E-5
6.6301E-5
3.0964E-5
6.5894E-5
1.18095E-4
3.3793E-5
2.5248E-5
6.6822E-5
7.1169E-5
3.234E-5
2.8511E-5
5.3682E-5
2.7208E-5
8.6687E-5
4.4745E-5
3.4158E-5
3.2337E-5
3.1091E-5
3.0008E-5
2.9928E-5
3.2089E-5
1.08964E-4
3.4719E-5
4.3559E-5
6.7363E-5
3.39E-5
3.1154E-5
3.1471E-5
3.1725E-5
4.1992E-5
9.4344E-5
1.17711E-4
7.7987E-5
3.3803E-5
3.2179E-5
3.0707E-5
2.9901E-5
2.9253E-5
3.0356E-5
2.9423E-5
2.9508E-5
2.5214E-5
3.8661E-5
3.5351E-5
9.3021E-5
6.8812E-5
3.1732E-5
6.456E-5
3.7538E-5
3.0359E-5
2.8468E-5
4.1978E-5
3.075E-5
2.6122E-5
2.8471E-5
6.5392E-5
3.3961E-5
6.4183E-5
3.3232E-5
2.7587E-5
3.4395E-5
8.7803E-5
1.25157E-4
3.8771E-5
2.8031E-5
2.3717E-5
6.3765E-5
7.0968E-5
3.2504E-5
2.952E-5
3.8598E-5
2.4025E-5
2.8314E-5
3.0399E-5
8.5424E-5
6.8766E-5
2.8298E-5
2.2605E-5
2.3617E-5
2.5144E-5
8.1325E-5
2.7325E-5
2.7225E-5
2.5114E-5
4.1634E-5
2.6253E-5
6.013E-5
2.7259E-5
2.2224E-5
6.2907E-5
1.36914E-4
3.3786E-5
3.4121E-5
2.5074E-5
2.6386E-5
2.922E-5
2.7926E-5
2.6487E-5
3.097E-5
2.9654E-5
2.6353E-5
2.8174E-5
3.2354E-5
2.9427E-5
2.7252E-5
3.1358E-5
2.8441E-5
2.6721E-5
3.1073E-5
2.9517E-5
8.3617E-5
3.5474E-5
8.202E-5
3.1408E-5
2.9551E-5
2.9928E-5
2.9109E-5
3.068E-5
3.1304E-5
2.9307E-5
5.264E-5
3.1708E-5
1.16618E-4
4.3632E-5
1.2003E-4
3.0202E-5
2.3503E-5
2.7449E-5
7.2835E-5
7.7169E-5
3.0212E-5
2.6497E-5
2.3704E-5
3.2718E-5
2.7666E-5
2.4004E-5
4.6469E-5
2.7101E-5
2.3551E-5
2.628E-5
2.7396E-5
2.8742E-5
2.7322E-5
2.6597E-5
2.5889E-5
2.8425E-5
2.6578E-5
2.6377E-5
1.35418E-4
6.9575E-5
3.1281E-5
6.1507E-5
3.3193E-5
2.4917E-5
9.3403E-5
1.19488E-4
3.3342E-5
6.8482E-5
3.1054E-5
5.8045E-5
3.0213E-5
6.0755E-5
2.3814E-5
2.1784E-5
2.216E-5
2.1546E-5
2.3343E-5
5.257E-5
2.6113E-5
2.0904E-5
2.2074E-5
2.1689E-5
2.1395E-5
7.4817E-5
3.6045E-5
7.194E-5
2.4345E-5
2.1813E-5
2.189E-5
2.1065E-5
2.1252E-5
2.0904E-5
2.1024E-5
7.625E-5
2.343E-5
2.8672E-5
2.1188E-5
2.0877E-5
1.25786E-4
2.3954E-5
2.0965E-5
2.325E-5
2.1235E-5
2.0871E-5
2.1917E-5
2.4255E-5
2.8659E-5
2.7072E-5
6.3301E-5
3.791E-5
6.8446E-5
5.9442E-5
5.2998E-5
3.0763E-5
2.655E-5
6.8502E-5
6.9375E-5
1.23622E-4
3.2236E-5
2.8776E-5
2.8107E-5
3.1251E-5
4.8571E-5
2.8792E-5
2.8659E-5
2.7406E-5
2.9544E-5
3.2711E-5
2.8688E-5
2.8659E-5
3.7913E-5
2.9143E-5
2.9771E-5
1.36183E-4
1.35431E-4
3.408E-5
5.1107E-5
7.4964E-5
3.6195E-5
9.822E-5
3.7555E-5
2.8742E-5
2.7369E-5
2.8472E-5
1.16508E-4
3.3607E-5
2.7466E-5
6.0465E-5
3.08E-5
9.3893E-5
7.0136E-5
2.7522E-5
7.336E-5
3.0259E-5
6.5743E-5
2.7152E-5
3.6092E-5
2.7248E-5
2.1559E-5
3.0573E-5
9.247E-5
3.4047E-5
2.1382E-5
2.3527E-5
3.0252E-5
2.6246E-5
6.4517E-5
5.0785E-5
3.1144E-5
3.0232E-5
3.059E-5
4.2306E-5
3.2988E-5
3.496E-5
2.7276E-5
2.6811E-5
5.1006E-5
5.5446E-5
2.6747E-5
2.7302E-5
2.6006E-5
2.6741E-5
2.5675E-5
9.9994E-5
7.6577E-5
3.2564E-5
3.3756E-5
2.6621E-5
4.8313E-5
2.7679E-5
7.9154E-5
3.0563E-5
2.5972E-5
2.6643E-5
3.9961E-5
3.1451E-5
2.9323E-5
2.7008E-5
2.969E-5
2.5391E-5
2.6042E-5
2.9811E-5
2.5297E-5
2.2995E-5
2.5609E-5
5.1143E-5
2.7195E-5
2.5649E-5
2.5578E-5
1.10952E-4
3.5591E-5
2.5024E-5
2.5137E-5
2.6026E-5
2.5191E-5
7.0788E-5
2.938E-5
2.04138E-4
1.12305E-4
1.51915E-4
1.71457E-4
3.3225E-5
2.522E-5
2.7329E-5
2.8966E-5
2.6864E-5
2.5352E-5
6.3317E-5
2.9173E-5
2.5986E-5
2.7446E-5
2.9364E-5
2.6183E-5
2.4583E-5
2.681E-5
6.3802E-5
3.7736E-5
2.8461E-5
6.4604E-5
6.7948E-5
4.3806E-5
2.6303E-5
6.6899E-5
2.8819E-5
2.4465E-5
2.632E-5
6.6848E-5
3.2701E-5
1.01611E-4
3.0509E-5
2.6989E-5
3.7244E-5
2.6403E-5
3.1054E-5
2.6607E-5
3.0693E-5
2.5629E-5
8.9005E-5
2.8632E-5
2.3965E-5
2.4168E-5
7.5161E-5
3.2618E-5
3.0192E-5
2.9005E-5
3.1472E-5
7.6003E-5
3.1719E-5
1.00736E-4
3.2621E-5
4.6419E-5
2.7956E-5
3.2808E-5
2.8949E-5
2.5592E-5
2.5822E-5
2.2588E-5
0.002417796
3.6814E-5
2.8572E-5
2.6025E-5
2.4866E-5
3.1247E-5
2.6383E-5
2.5825E-5
2.633E-5
2.3553E-5
1.1037E-4
3.0667E-5
4.3746E-5
2.484E-5
1.41595E-4
3.082E-5
2.4847E-5
5.0452E-5
2.9584E-5
2.4753E-5
1.04271E-4
4.9649E-5
3.4825E-5
4.141E-5
3.543E-5
3.2778E-5
3.4164E-5
3.4051E-5
3.8444E-5
8.3336E-5
3.7358E-5
3.6483E-5
3.3008E-5
3.7438E-5
5.4093E-5
3.3934E-5
3.2481E-5
2.9908E-5
4.7284E-5
8.2818E-5
7.6634E-5
1.17601E-4
3.6667E-5
2.7225E-5
8.2985E-5
7.5161E-5
5.142E-5
3.2648E-5
6.738E-5
3.7422E-5
2.4152E-5
1.54153E-4
5.0752E-5
7.6344E-5
8.7209E-5
3.1057E-5
3.4655E-5
2.6934E-5
6.5926E-5
3.3209E-5
2.7012E-5
2.6554E-5
9.1214E-5
6.9718E-5
1.44609E-4
3.2119E-5
2.3995E-5
5.4617E-5
3.8844E-5
2.4365E-5
2.8581E-5
2.6173E-5
2.7122E-5
2.7458E-5
3.1455E-5
8.4582E-5
6.8054E-5
5.2079E-5
1.43597E-4
3.1799E-5
7.2956E-5
3.0376E-5
4.1825E-5
7.1817E-5
7.5679E-5
2.9123E-5
6.1088E-5
3.096E-5
2.3584E-5
6.0581E-5
3.1659E-5
2.7539E-5
2.504E-5
2.5471E-5
2.6457E-5
2.6103E-5
2.3263E-5
2.5124E-5
2.4009E-5
3.4458E-5
2.6691E-5
2.4325E-5
8.0169E-5
1.24998E-4
3.1609E-5
6.1875E-5
3.1131E-5
5.5005E-5
2.795E-5
2.4652E-5
6.4867E-5
3.8955E-5
3.4435E-5
2.6364E-5
2.9467E-5
2.6637E-5
2.7974E-5
3.656E-5
2.795E-5
5.4918E-5
3.0102E-5
3.3897E-5
2.4222E-5
2.4392E-5
1.00997E-4
3.4097E-5
6.7604E-5
3.398E-5
1.5713E-4
3.8033E-5
2.8642E-5
2.6748E-5
2.812E-5
2.6844E-5
2.6904E-5
2.7152E-5
3.0523E-5
2.649E-5
2.9083E-5
2.7372E-5
3.6313E-5
2.6808E-5
2.6611E-5
2.5672E-5
2.8292E-5
6.8389E-5
7.9103E-5
3.8063E-5
2.7813E-5
5.0635E-5
2.9975E-5
3.0533E-5
3.5253E-5
2.6493E-5
2.8455E-5
2.93E-5
2.7559E-5
3.6673E-5
2.9975E-5
2.8414E-5
2.7757E-5
3.0135E-5
3.7415E-5
7.3718E-5
3.202E-5
6.8482E-5
3.1297E-5
7.4997E-5
3.9028E-5
3.1795E-5
3.0199E-5
3.3516E-5
2.7523E-5
2.6424E-5
9.5334E-5
7.1208E-5
3.4267E-5
2.2758E-5
6.3849E-5
3.386E-5
2.819E-5
3.0607E-5
2.7055E-5
2.7075E-5
2.8815E-5
8.7536E-5
1.58728E-4
4.4761E-5
8.7065E-5
3.4548E-5
3.0694E-5
2.6664E-5
2.4182E-5
2.7526E-5
2.8191E-5
2.7062E-5
2.8428E-5
2.00132E-4
1.08737E-4
3.3606E-5
7.457E-5
2.9698E-5
2.3734E-5
8.6985E-5
7.0788E-5
2.9737E-5
2.369E-5
6.2211E-5
8.6256E-5
6.8419E-5
3.099E-5
2.7376E-5
6.6534E-5
3.6887E-5
2.8936E-5
2.7683E-5
2.8215E-5
3.4542E-5
6.1637E-5
4.3412E-5
7.1065E-5
6.6481E-5
6.0377E-5
3.1805E-5
2.9654E-5
6.5976E-5
3.6684E-5
2.952E-5
1.35391E-4
9.0562E-5
3.2116E-5
2.6093E-5
7.0299E-5
3.5948E-5
6.7657E-5
3.3539E-5
2.7609E-5
2.8525E-5
6.5399E-5
1.07281E-4
8.3693E-5
3.3075E-5
9.686E-5
1.61895E-4
3.8941E-5
2.6834E-5
2.6811E-5
3.4021E-5
7.5786E-5
3.7355E-5
5.4371E-5
7.3681E-5
1.14811E-4
3.9062E-5
2.7951E-5
3.5373E-5
2.8842E-5
2.9724E-5
7.8786E-5
8.0039E-5
3.3432E-5
3.1057E-5
3.226E-5
6.6448E-5
3.5003E-5
1.33323E-4
3.9945E-5
2.5696E-5
1.2159E-4
3.8922E-5
2.2808E-5
2.8504E-5
2.6474E-5
2.5892E-5
9.2347E-5
6.4339E-5
3.2758E-5
7.168E-5
4.3376E-5
3.7291E-5
3.0891E-5
3.102E-5
2.7723E-5
2.9073E-5
2.9437E-5
2.5187E-5
2.9387E-5
7.8068E-5
3.6139E-5
3.3409E-5
3.1435E-5
3.1421E-5
3.0726E-5
3.084E-5
2.9938E-5
3.7552E-5
3.0851E-5
2.931E-5
1.02687E-4
9.7502E-5
3.64E-5
2.8154E-5
3.0426E-5
1.36999E-4
8.4906E-5
1.06205E-4
3.7191E-5
8.5043E-5
3.5206E-5
2.7483E-5
3.1014E-5
3.0004E-5
2.6841E-5
3.1144E-5
2.9437E-5
3.0493E-5
3.0021E-5
5.4431E-5
1.07337E-4
5.8419E-5
1.50779E-4
3.6827E-5
3.1629E-5
3.1558E-5
3.508E-5
1.16395E-4
3.7559E-5
3.1776E-5
2.9705E-5
3.3219E-5
7.9184E-5
4.7454E-5
3.5013E-5
3.1922E-5
3.3934E-5
3.1953E-5
3.1479E-5
8.4482E-5
4.4281E-5
2.9173E-5
4.4391E-5
2.9544E-5
4.06808E-4
0.006505099
0.003686548
1.50649E-4
1.02102E-4
2.22886E-4
1.06505E-4
1.09957E-4
1.00605E-4
9.9199E-5
1.00431E-4
1.00292E-4
1.11367E-4
3.38847E-4
1.07926E-4
9.7374E-5
9.7354E-5
9.807E-5
9.6777E-5
1.8358E-4
1.05697E-4
9.9232E-5
1.40382E-4
1.08855E-4
3.46732E-4
1.71807E-4
1.17437E-4
1.13852E-4
1.13305E-4
1.17357E-4
1.21319E-4
1.2157E-4
1.10381E-4
1.14366E-4
1.24814E-4
1.46069E-4
1.14149E-4
2.32779E-4
1.23154E-4
1.19916E-4
1.75523E-4
1.17858E-4
2.18847E-4
1.96156E-4
1.28606E-4
1.35391E-4
1.44004E-4
1.1564E-4
1.97773E-4
1.20798E-4
1.1011E-4
1.11824E-4
1.87483E-4
1.68135E-4
1.48029E-4
1.40456E-4
2.51499E-4
2.25457E-4
1.28351E-4
1.32609E-4
1.31068E-4
1.63234E-4
1.35885E-4
1.90934E-4
1.34565E-4
1.30874E-4
1.27303E-4
1.30564E-4
1.42376E-4
1.28656E-4
1.27143E-4
1.28917E-4
1.61721E-4
1.31368E-4
1.27623E-4
1.29394E-4
1.32769E-4
1.33835E-4
1.34562E-4
1.2756E-4
1.25893E-4
1.26514E-4
1.8634E-4
1.31001E-4
1.28288E-4
2.37372E-4
1.33033E-4
2.05771E-4
1.30821E-4
1.39794E-4
1.276E-4
1.87146E-4
1.29417E-4
1.27727E-4
1.29658E-4
1.29344E-4
8.2437E-5
3.7488E-5
5.5366E-5
3.0138E-5
1.44368E-4
1.44291E-4
1.32334E-4
1.79658E-4
1.32548E-4
2.30096E-4
2.28577E-4
4.0041E-5
9.6133E-5
5.2098E-5
2.5655E-5
1.61383E-4
1.40058E-4
1.4957E-4
1.60485E-4
1.3667E-4
1.26554E-4
1.24269E-4
1.2296E-4
1.41866E-4
1.25221E-4
1.11975E-4
2.06289E-4
1.3202E-4
1.23407E-4
1.45931E-4
1.09412E-4
1.1017E-4
1.08146E-4
1.07534E-4
2.25653E-4
2.30601E-4
1.25682E-4
1.99634E-4
1.32835E-4
1.82769E-4
1.348E-4
1.32325E-4
1.29351E-4
1.77574E-4
2.18583E-4
1.30961E-4
1.71537E-4
3.28928E-4
2.03218E-4
1.08434E-4
1.15182E-4
0.003681994
1.13718E-4
1.17844E-4
1.09188E-4
1.09095E-4
1.0843E-4
2.05544E-4
1.18556E-4
1.11283E-4
1.0101E-4
4.819E-5
3.4789E-5
1.02801E-4
4.7432E-5
3.2327E-5
3.063E-5
3.0797E-5
1.19294E-4
4.8647E-5
3.2406E-5
3.1187E-5
3.1963E-5
5.5213E-5
3.2688E-5
2.7806E-5
2.4362E-5
2.9103E-5
2.7904E-5
2.47E-5
2.6584E-5
7.4202E-5
7.042E-5
3.3836E-5
6.4336E-5
3.1177E-5
3.5076E-5
2.5969E-5
3.0412E-5
2.9273E-5
2.5555E-5
2.6434E-5
2.631E-5
2.6844E-5
2.6105E-5
2.4255E-5
3.2183E-5
2.4602E-5
2.4887E-5
2.3463E-5
2.3664E-5
1.30246E-4
2.7553E-5
2.3384E-5
2.4723E-5
2.4068E-5
2.3045E-5
2.347E-5
3.8501E-5
2.4014E-5
2.2511E-5
8.2433E-5
7.2685E-5
2.4659E-5
5.874E-5
2.5131E-5
2.3269E-5
1.09475E-4
2.7062E-5
2.2227E-5
6.6408E-5
2.4102E-5
2.1538E-5
2.2014E-5
2.1596E-5
2.4212E-5
2.2156E-5
2.2685E-5
3.3012E-5
2.3279E-5
2.3283E-5
2.2899E-5
2.6434E-5
2.6915E-5
2.4315E-5
2.2802E-5
9.86E-5
3.6373E-5
8.5411E-5
1.47091E-4
1.28289E-4
1.20247E-4
1.59716E-4
1.29815E-4
2.55293E-4
1.32942E-4
1.34178E-4
1.32835E-4
1.34062E-4
1.39855E-4
1.18155E-4
1.09792E-4
1.33122E-4
1.32438E-4
1.4215E-4
1.2038E-4
1.36099E-4
1.42403E-4
2.57635E-4
1.44315E-4
1.68543E-4
1.38124E-4
1.33239E-4
1.8188E-4
1.37567E-4
1.36451E-4
1.39941E-4
1.31489E-4
1.63292E-4
7.0821E-5
7.1162E-5
3.5888E-5
5.0555E-5
2.8842E-5
2.9042E-5
1.67084E-4
9.526E-5
3.3556E-5
2.6795E-5
2.80334E-4
2.68687E-4
1.13611E-4
1.09826E-4
3.4542E-5
2.5939E-5
7.6751E-5
3.0774E-5
2.5915E-5
3.1512E-5
3.09E-5
2.5899E-5
2.5455E-5
4.269E-5
6.925E-5
4.4876E-5
6.4871E-5
3.3639E-5
2.8628E-5
1.21694E-4
3.7532E-5
2.8347E-5
3.0934E-5
3.2905E-5
2.7968E-5
2.8869E-5
2.7349E-5
2.7957E-5
6.2359E-5
4.5473E-5
3.0987E-5
1.26227E-4
7.5418E-5
3.9457E-5
3.0306E-5
2.9313E-5
5.3324E-5
2.193E-5
1.9728E-5
1.9297E-5
5.2199E-5
2.7716E-5
2.5037E-5
6.5783E-5
1.03763E-4
3.4796E-5
2.802E-5
2.7616E-5
3.0419E-5
2.9107E-5
6.5315E-5
4.398E-5
6.8836E-5
6.9949E-5
3.3686E-5
6.3718E-5
7.4329E-5
5.6081E-5
7.2632E-5
3.3001E-5
3.542E-5
3.4144E-5
3.7422E-5
2.9273E-5
6.2672E-5
3.3837E-5
2.8053E-5
6.1236E-5
4.583E-5
2.9224E-5
3.692E-5
2.4135E-5
1.16382E-4
1.21096E-4
1.19672E-4
1.32271E-4
1.61825E-4
1.27069E-4
2.2151E-4
1.34463E-4
1.337E-4
1.27944E-4
1.40867E-4
1.29651E-4
1.2719E-4
1.56476E-4
2.02393E-4
1.31796E-4
1.26184E-4
1.28188E-4
1.26675E-4
1.26725E-4
1.26221E-4
1.93447E-4
1.77045E-4
1.61918E-4
1.31695E-4
1.92969E-4
1.29331E-4
1.27279E-4
1.2602E-4
1.27463E-4
1.27931E-4
9.1304E-5
2.9745E-5
1.26605E-4
1.37239E-4
1.31054E-4
1.29805E-4
1.27837E-4
1.48969E-4
2.43945E-4
2.13706E-4
1.32932E-4
0.001386379
3.32004E-4
2.23101E-4
1.28974E-4
1.81933E-4
1.30026E-4
1.11834E-4
1.09245E-4
1.80875E-4
1.64778E-4
1.10274E-4
1.62066E-4
1.46115E-4
1.06519E-4
1.05576E-4
2.98312E-4
1.07605E-4
1.04213E-4
1.03375E-4
1.97559E-4
1.7453E-4
3.7448E-5
4.6433E-5
7.4884E-5
2.7973E-5
2.3647E-5
7.8111E-5
3.3433E-5
3.249E-5
8.1442E-5
8.4055E-5
3.0747E-5
2.4883E-5
7.2832E-5
3.1064E-5
9.4094E-5
1.00569E-4
6.8886E-5
1.22374E-4
3.1154E-5
2.8628E-5
6.2655E-5
1.05029E-4
3.1692E-5
2.4693E-5
2.7713E-5
2.9107E-5
2.6266E-5
2.6761E-5
3.4526E-5
2.8862E-5
2.7395E-5
2.7657E-5
2.8194E-5
3.3185E-5
6.1039E-5
2.8465E-5
5.8503E-5
3.0312E-5
2.2417E-5
8.1482E-5
6.6278E-5
3.2781E-5
2.7449E-5
2.6664E-5
2.6701E-5
2.8074E-5
2.5962E-5
2.5401E-5
2.6019E-5
4.6178E-5
2.8278E-5
2.7492E-5
2.6647E-5
2.611E-5
2.5849E-5
2.7836E-5
2.4586E-5
2.7272E-5
2.7252E-5
5.0679E-5
6.5228E-5
3.242E-5
2.1786E-5
5.849E-5
3.2266E-5
2.5732E-5
1.40082E-4
3.4284E-5
2.7552E-5
7.357E-5
7.3764E-5
3.4394E-5
2.9133E-5
4.1301E-5
7.8789E-5
4.7548E-5
3.1572E-5
1.31923E-4
1.34609E-4
3.679E-5
2.646E-5
8.2945E-5
3.5855E-5
2.602E-5
2.8712E-5
2.9537E-5
6.3067E-5
3.2637E-5
6.8249E-5
3.384E-5
6.333E-5
3.2404E-5
1.0419E-4
8.5411E-5
3.0733E-5
2.3744E-5
2.4482E-5
1.21967E-4
7.798E-5
6.6264E-5
7.7717E-5
3.6617E-5
2.7733E-5
5.1196E-5
2.9851E-5
2.35E-5
6.576E-5
3.9233E-5
1.51995E-4
8.5357E-5
1.04531E-4
3.688E-5
1.04888E-4
3.1164E-5
2.7767E-5
2.5528E-5
2.6367E-5
2.7796E-5
2.5284E-5
2.3964E-5
2.7924E-5
7.2916E-5
2.9551E-5
2.8895E-5
2.6584E-5
3.0222E-5
2.7038E-5
2.7078E-5
2.5328E-5
2.4636E-5
2.6497E-5
7.635E-5
3.1074E-5
3.5203E-5
2.3657E-5
1.00174E-4
1.00792E-4
6.8249E-5
3.3914E-5
3.09E-5
3.069E-5
1.0401E-4
3.518E-5
3.4782E-5
8.0192E-5
0.00136825
2.09526E-4
5.8175E-5
2.8715E-5
2.4208E-5
2.2792E-5
8.8435E-5
3.7639E-5
2.4462E-5
2.2999E-5
3.4374E-5
0.001823786
1.38114E-4
2.9006E-5
2.3119E-5
2.2167E-5
7.1569E-5
1.2606E-4
3.5434E-5
2.2875E-5
2.182E-5
2.4005E-5
1.05534E-4
2.7626E-5
2.93E-5
5.9248E-5
3.0132E-5
7.9925E-5
2.6347E-5
6.9234E-5
2.8014E-5
2.5955E-5
1.14437E-4
2.605E-5
0.001362795
5.2767E-5
2.9237E-5
2.7008E-5
2.7316E-5
2.638E-5
1.17023E-4
3.0773E-5
3.0131E-5
4.3299E-5
2.7587E-5
2.6413E-5
2.6203E-5
2.6423E-5
2.5157E-5
3.0743E-5
1.15339E-4
6.6939E-5
7.898E-5
2.912E-5
3.0266E-5
2.5067E-5
2.3905E-5
2.9387E-5
5.1006E-5
5.9262E-5
2.7405E-5
2.5842E-5
5.3645E-5
2.6891E-5
4.4121E-5
6.1332E-5
1.25024E-4
3.055E-5
4.2517E-5
2.8184E-5
2.3931E-5
2.5173E-5
2.4142E-5
2.7225E-5
2.656E-5
2.7232E-5
2.5629E-5
2.5305E-5
3.7171E-5
2.6895E-5
2.6146E-5
2.2759E-5
3.1852E-5
3.0539E-5
2.488E-5
2.4305E-5
2.5821E-5
2.3937E-5
2.6326E-5
7.7693E-5
2.7288E-5
2.5742E-5
2.6801E-5
4.706E-5
7.4677E-5
3.264E-5
2.4592E-5
2.3851E-5
2.6026E-5
3.1284E-5
3.243E-5
2.4109E-5
2.2839E-5
8.1255E-5
3.1311E-5
1.26073E-4
3.1338E-5
0.001923881
5.561E-5
3.0876E-5
1.32491E-4
8.4579E-5
3.2371E-5
2.3904E-5
2.4589E-5
7.465E-5
2.9911E-5
4.5157E-5
3.0887E-5
2.4803E-5
2.7512E-5
2.5124E-5
2.7188E-5
3.3299E-5
3.3029E-5
2.8916E-5
2.477E-5
2.5986E-5
5.4541E-5
3.0549E-5
1.03135E-4
2.9831E-5
4.8681E-5
2.6289E-5
2.488E-5
2.8004E-5
2.6247E-5
2.5732E-5
3.3259E-5
2.6507E-5
5.0298E-5
2.7476E-5
2.5721E-5
1.43139E-4
1.91007E-4
1.65964E-4
1.05236E-4
4.21248E-4
1.93767E-4
1.11079E-4
1.00214E-4
9.9446E-5
9.807E-5
9.8421E-5
9.8524E-5
1.52941E-4
0.001952311
3.18842E-4
1.46459E-4
3.9871E-5
2.4489E-5
2.63E-5
2.3704E-5
7.1881E-5
4.1708E-5
9.4371E-5
3.5871E-5
3.5797E-5
2.9667E-5
3.1409E-5
3.209E-5
4.8536E-5
2.8365E-5
6.5732E-5
3.9504E-5
3.1408E-5
3.377E-5
3.265E-5
3.0205E-5
3.1572E-5
3.0189E-5
3.2888E-5
3.4318E-5
3.5962E-5
1.07819E-4
7.8625E-5
3.5357E-5
3.2915E-5
3.0616E-5
3.7094E-5
3.2457E-5
4.6943E-5
3.3701E-5
3.1585E-5
3.0459E-5
3.3854E-5
3.0396E-5
3.1375E-5
3.2263E-5
3.4703E-5
3.2414E-5
2.9377E-5
3.1852E-5
3.219E-5
3.0827E-5
7.7239E-5
7.5184E-5
6.6063E-5
3.2851E-5
6.2221E-5
1.30073E-4
3.2828E-5
2.7325E-5
2.9136E-5
1.11718E-4
7.1389E-5
6.5051E-5
3.6694E-5
1.50736E-4
6.9959E-5
3.2157E-5
2.9979E-5
2.8465E-5
6.0745E-5
6.5929E-5
4.1618E-5
4.1478E-5
2.926E-5
6.27E-5
4.1114E-5
2.9236E-5
7.0684E-5
3.4285E-5
2.8107E-5
6.1142E-5
3.2945E-5
3.0619E-5
2.9203E-5
4.8173E-5
3.6609E-5
3.1699E-5
2.7784E-5
2.9888E-5
6.2626E-5
6.0681E-5
6.4851E-5
5.5793E-5
3.8661E-5
2.9741E-5
6.2566E-5
3.1308E-5
2.9911E-5
2.9527E-5
6.2652E-5
3.526E-5
2.8905E-5
1.22291E-4
1.49359E-4
3.3042E-5
3.221E-5
2.8599E-5
8.6029E-5
3.392E-5
2.7084E-5
8.1883E-5
3.3623E-5
2.6894E-5
5.7069E-5
3.3439E-5
1.01911E-4
3.9106E-5
3.1538E-5
3.3422E-5
3.0102E-5
2.7035E-5
2.6163E-5
4.2496E-5
2.9848E-5
2.5551E-5
3.4456E-5
5.557E-5
3.1846E-5
6.735E-5
4.2968E-5
2.7382E-5
1.22552E-4
1.12341E-4
2.26117E-4
1.32394E-4
1.85986E-4
1.32327E-4
1.34309E-4
1.91796E-4
1.27142E-4
1.41927E-4
1.28693E-4
1.65172E-4
2.3898E-4
2.26713E-4
4.0061E-5
4.3913E-5
3.5965E-5
2.4573E-5
6.4978E-5
3.8842E-5
3.0459E-5
2.9928E-5
2.9177E-5
3.3242E-5
3.4979E-5
3.2725E-5
2.8006E-5
1.03959E-4
7.4837E-5
4.5714E-5
1.02162E-4
3.0232E-5
9.9536E-5
2.9069E-5
2.3383E-5
4.2139E-5
7.8389E-5
2.9758E-5
1.36223E-4
3.948E-5
3.2895E-5
2.9998E-5
3.3336E-5
7.6594E-5
4.0008E-5
9.5166E-5
3.697E-5
3.4372E-5
4.02752E-4
1.2739E-4
3.6135E-5
3.3152E-5
3.0299E-5
3.3413E-5
5.0528E-5
3.3854E-5
3.0422E-5
2.9467E-5
1.40232E-4
3.4552E-5
3.0827E-5
3.0609E-5
3.3135E-5
3.2273E-5
9.6253E-5
1.24717E-4
5.6799E-5
4.9957E-5
7.2929E-5
0.002459873
4.6703E-5
3.1314E-5
7.2272E-5
4.1183E-5
3.2801E-5
3.2143E-5
1.75448E-4
1.28074E-4
8.2604E-5
3.3971E-5
4.9359E-5
3.1739E-5
3.2735E-5
1.04682E-4
3.5785E-5
8.5094E-5
3.6319E-5
3.0991E-5
2.9992E-5
3.5972E-5
1.18229E-4
3.3907E-5
3.1962E-5
3.4516E-5
6.1911E-5
3.3676E-5
1.01301E-4
3.7115E-5
6.5866E-5
3.4141E-5
3.2621E-5
3.1217E-5
3.0997E-5
2.8622E-5
3.1357E-5
3.537E-5
6.1029E-5
3.5097E-5
4.6368E-5
5.9776E-5
8.9022E-5
3.541E-5
3.3726E-5
6.2091E-5
3.4231E-5
5.5937E-5
3.9342E-5
3.0864E-5
3.1933E-5
3.229E-5
1.16986E-4
3.6603E-5
3.3409E-5
3.1055E-5
3.355E-5
3.5467E-5
3.4165E-5
3.1946E-5
2.9186E-5
3.2961E-5
3.3402E-5
3.1569E-5
3.3178E-5
2.9979E-5
3.0673E-5
3.348E-5
3.209E-5
1.13505E-4
3.8214E-5
3.2744E-5
3.3893E-5
3.0209E-5
2.7853E-5
2.6902E-5
2.5498E-5
2.7519E-5
3.5323E-5
3.5174E-5
3.1211E-5
3.2297E-5
3.0873E-5
2.9424E-5
3.2781E-5
2.9103E-5
2.8806E-5
2.9538E-5
2.7061E-5
2.8665E-5
2.9644E-5
3.1328E-5
5.137E-5
7.7576E-5
3.8641E-5
8.4308E-5
3.5146E-5
3.228E-5
9.7943E-5
3.6416E-5
3.222E-5
3.038E-5
7.4189E-5
6.0384E-5
3.3015E-5
4.7972E-5
3.5798E-5
3.1084E-5
3.223E-5
2.9637E-5
3.1267E-5
9.7692E-5
3.6744E-5
3.2247E-5
2.8906E-5
2.9752E-5
3.0543E-5
8.7118E-5
4.3816E-5
3.3857E-5
9.3703E-5
3.528E-5
3.2253E-5
3.1813E-5
3.7582E-5
1.20113E-4
3.4832E-5
3.1255E-5
8.486E-5
3.5274E-5
3.0466E-5
3.1879E-5
3.1946E-5
3.0148E-5
7.5037E-5
8.9724E-5
3.6312E-5
3.228E-5
1.02527E-4
3.30207E-4
3.533E-5
2.9918E-5
9.2838E-5
7.7058E-5
3.2243E-5
0.002593366
2.32976E-4
1.15693E-4
1.0986E-4
2.59965E-4
1.35571E-4
1.09111E-4
1.10849E-4
1.07551E-4
1.29845E-4
1.34629E-4
1.17825E-4
9.8814E-5
9.8584E-5
1.48301E-4
0.001885457
2.97998E-4
1.40817E-4
1.08964E-4
1.06863E-4
1.04505E-4
1.06786E-4
1.28559E-4
1.05911E-4
3.0482E-5
2.4759E-5
1.30122E-4
5.0732E-5
3.7969E-5
7.8057E-5
3.698E-5
3.1141E-5
3.0766E-5
8.4552E-5
4.548E-5
3.8548E-5
1.1299E-4
3.6045E-5
2.934E-5
2.6481E-5
2.7045E-5
1.06736E-4
3.8852E-5
4.2948E-5
3.0596E-5
2.9815E-5
3.1034E-5
3.1288E-5
2.9304E-5
2.7974E-5
2.652E-5
3.3533E-5
1.08487E-4
3.223E-5
1.45645E-4
3.4589E-5
2.5214E-5
5.4635E-5
4.119E-5
6.4343E-5
3.1621E-5
8.3885E-5
5.2543E-5
2.5472E-5
5.2589E-5
4.9927E-5
2.9387E-5
3.7348E-5
3.273E-5
1.2017E-4
8.1993E-5
3.6112E-5
7.0069E-5
3.4291E-5
3.2089E-5
3.0783E-5
8.6473E-5
7.3319E-5
3.3272E-5
8.5083E-5
1.15409E-4
3.7252E-5
6.3133E-5
3.1013E-5
3.0419E-5
7.0407E-5
3.5223E-5
1.00675E-4
2.3306E-5
6.7036E-5
8.5478E-5
3.2584E-5
6.2148E-5
6.765E-5
3.3486E-5
2.8305E-5
6.5399E-5
3.2049E-5
2.7777E-5
6.4036E-5
7.2217E-5
3.6199E-5
6.2926E-5
6.6481E-5
3.4101E-5
2.9213E-5
8.5695E-5
3.2912E-5
2.8548E-5
2.931E-5
2.9257E-5
6.6728E-5
1.27944E-4
3.8935E-5
2.5615E-5
6.5789E-5
3.6282E-5
6.579E-5
3.2464E-5
6.4945E-5
3.3492E-5
2.5338E-5
3.3663E-5
2.902E-5
6.2819E-5
3.8136E-5
3.5454E-5
2.9557E-5
6.0939E-5
3.1535E-5
6.2382E-5
8.3046E-5
3.3673E-5
2.6748E-5
2.7901E-5
3.1114E-5
1.67003E-4
4.2366E-5
9.3001E-5
2.8494E-5
2.6507E-5
2.4609E-5
2.4856E-5
2.8514E-5
4.9823E-5
3.2667E-5
1.12001E-4
3.5534E-5
2.605E-5
3.0319E-5
6.469E-5
3.3436E-5
6.3478E-5
1.02934E-4
3.5889E-5
5.0812E-5
7.0601E-5
7.0845E-5
3.352E-5
3.0917E-5
2.5137E-5
2.5024E-5
2.5401E-5
7.6454E-5
7.8469E-5
8.5892E-5
3.4237E-5
2.8034E-5
2.779E-5
2.5465E-5
8.8922E-5
3.225E-5
2.6744E-5
9.0362E-5
1.18362E-4
6.35392E-4
1.83069E-4
3.9283E-5
3.0186E-5
6.8893E-5
5.4113E-5
6.8797E-5
3.9256E-5
3.1144E-5
3.1315E-5
1.04337E-4
3.8785E-5
6.5092E-5
1.00218E-4
1.19652E-4
1.29855E-4
1.19562E-4
1.27593E-4
2.51946E-4
1.82144E-4
1.32387E-4
1.3031E-4
1.2895E-4
1.27844E-4
1.37944E-4
3.38513E-4
1.63157E-4
7.15062E-4
1.41101E-4
1.63051E-4
1.4369E-4
1.24012E-4
1.1728E-4
1.2298E-4
1.18423E-4
1.11764E-4
1.12161E-4
1.20317E-4
1.32364E-4
1.74827E-4
1.23039E-4
1.1712E-4
1.73327E-4
1.27911E-4
1.6406E-4
1.18176E-4
1.13475E-4
1.17908E-4
1.17921E-4
1.12228E-4
6.4059E-4
5.07628E-4
6.45387E-4
1.22502E-4
9.2006E-5
3.0756E-5
2.37E-5
2.4586E-5
2.4629E-5
2.487E-5
2.3791E-5
6.7975E-5
4.9619E-5
1.0854E-4
3.2561E-5
2.8408E-5
3.238E-5
1.37389E-4
6.1066E-5
1.28549E-4
3.5906E-5
3.2036E-5
3.0369E-5
3.215E-5
3.4849E-5
3.3323E-5
4.1505E-5
1.0417E-4
7.931E-5
3.3659E-5
3.1291E-5
3.1522E-5
3.1762E-5
3.2411E-5
3.0042E-5
3.2621E-5
4.1588E-5
3.0813E-5
1.19074E-4
3.4378E-5
5.5432E-5
3.2664E-5
3.0075E-5
2.9868E-5
6.3842E-5
8.0336E-5
9.6466E-5
3.4916E-5
1.3937E-4
3.6457E-5
3.1234E-5
8.0783E-5
3.4422E-5
7.84406E-4
2.6297E-5
2.1679E-5
0.00329602
2.89522E-4
1.33975E-4
1.24854E-4
2.05998E-4
1.10357E-4
1.07959E-4
1.21409E-4
3.0225E-4
2.27463E-4
2.02881E-4
1.31609E-4
2.14972E-4
1.322E-4
1.2499E-4
1.39968E-4
1.29056E-4
1.2744E-4
1.21262E-4
1.26685E-4
1.27526E-4
1.83577E-4
1.36768E-4
1.28506E-4
1.27359E-4
1.34766E-4
2.00189E-4
1.5403E-4
1.32481E-4
1.31887E-4
1.41211E-4
1.28546E-4
1.28185E-4
1.91943E-4
1.37442E-4
2.19503E-4
1.53372E-4
1.60748E-4
1.35582E-4
1.32167E-4
2.69764E-4
1.3941E-4
1.87103E-4
1.36951E-4
1.3046E-4
1.29862E-4
1.28857E-4
1.56786E-4
1.40313E-4
1.33734E-4
1.31095E-4
1.53663E-4
1.34535E-4
1.32742E-4
1.69669E-4
1.32545E-4
1.78358E-4
1.32645E-4
1.31181E-4
1.43927E-4
1.34112E-4
1.3044E-4
2.24544E-4
2.5341E-4
3.5932E-5
2.2548E-5
1.00886E-4
1.37406E-4
1.85341E-4
2.19108E-4
1.99483E-4
1.69124E-4
1.27326E-4
2.74598E-4
1.19444E-4
1.23744E-4
1.28759E-4
3.3433E-5
3.2494E-5
2.817E-5
6.139E-5
7.165E-5
6.3775E-5
1.10354E-4
7.5097E-5
9.3379E-5
7.3835E-5
8.0463E-5
1.03725E-4
1.14079E-4
7.3845E-5
1.29601E-4
3.224E-5
7.1072E-5
4.4428E-5
5.7678E-5
1.42627E-4
7.6291E-5
1.16492E-4
4.9496E-5
3.1304E-5
3.0276E-5
6.1857E-5
3.2675E-5
2.922E-5
3.4088E-5
2.644E-5
3.2644E-5
2.9544E-5
6.471E-5
3.1204E-5
2.51368E-4
1.13198E-4
1.05483E-4
1.06024E-4
7.5301E-5
3.0947E-5
2.2999E-5
6.9288E-5
4.0776E-5
5.3679E-5
9.1929E-5
7.6597E-5
3.4391E-5
3.2458E-5
1.02774E-4
8.1421E-5
2.8605E-5
3.4696E-5
2.5922E-5
2.4291E-5
2.4035E-5
1.14343E-4
3.8791E-5
2.5805E-5
2.4158E-5
2.3804E-5
5.9134E-5
3.973E-5
2.5498E-5
2.647E-5
2.5792E-5
2.6544E-5
2.6106E-5
1.29761E-4
2.7202E-5
2.2612E-5
5.8062E-5
2.3808E-5
2.1092E-5
5.6405E-5
3.1278E-5
2.2006E-5
2.072E-5
2.5638E-5
1.12289E-4
2.933E-5
2.1726E-5
2.4369E-5
8.3149E-5
1.07183E-4
4.2072E-5
1.05853E-4
3.4321E-5
2.6978E-5
3.0873E-5
2.4446E-5
2.3112E-5
2.5471E-5
9.0452E-5
3.3273E-5
2.798E-5
2.5528E-5
2.7052E-5
8.2695E-5
9.4084E-5
2.9801E-5
2.5518E-5
2.7196E-5
3.64508E-4
1.78593E-4
1.08704E-4
1.25666E-4
1.31732E-4
1.26417E-4
1.17403E-4
1.24413E-4
1.26933E-4
1.9329E-4
1.2034E-4
1.0431E-4
1.07304E-4
1.03919E-4
1.90116E-4
1.4776E-4
1.01688E-4
1.08918E-4
9.9236E-5
9.8959E-5
9.7508E-5
9.7602E-5
9.6413E-5
9.949E-5
9.8888E-5
1.00191E-4
9.9223E-5
2.15166E-4
1.27557E-4
2.51785E-4
1.23604E-4
1.75597E-4
7.2094E-5
2.04258E-4
1.69933E-4
1.79772E-4
2.19021E-4
1.07484E-4
1.00519E-4
1.00558E-4
9.8113E-5
1.7433E-4
1.06211E-4
9.7669E-5
9.9991E-5
1.0433E-4
4.3035E-5
3.0583E-5
2.9768E-5
9.9897E-5
3.6333E-5
3.1759E-5
2.9547E-5
2.918E-5
6.4727E-5
7.1836E-5
6.7567E-5
3.5103E-5
2.8415E-5
2.7499E-5
6.2108E-5
3.2744E-5
6.474E-5
4.713E-5
3.244E-5
6.4319E-5
1.25803E-4
4.6896E-5
8.1482E-5
2.8592E-5
2.3941E-5
2.4973E-5
3.3894E-5
2.7358E-5
2.6434E-5
5.889E-5
2.8368E-5
7.6624E-5
3.1178E-5
2.7024E-5
3.1448E-5
2.6854E-5
2.5304E-5
1.10184E-4
1.32785E-4
2.24958E-4
1.394E-4
2.34627E-4
1.74657E-4
4.0432E-5
3.1227E-5
3.2123E-5
3.1441E-5
3.1822E-5
3.3707E-5
5.5787E-5
3.3997E-5
3.0519E-5
3.2908E-5
3.34E-5
3.269E-5
2.9563E-5
3.0486E-5
5.7591E-5
3.6377E-5
3.0365E-5
2.78E-5
1.2206E-4
3.8344E-5
5.4417E-5
3.0443E-5
2.9457E-5
4.3823E-5
3.5648E-5
3.0283E-5
3.1184E-5
3.8909E-5
4.08E-5
3.1432E-5
3.9921E-5
3.079E-5
2.9234E-5
2.6093E-5
2.5234E-5
2.7015E-5
3.207E-5
3.8304E-5
2.9189E-5
8.0704E-5
7.4242E-5
3.235E-5
2.5866E-5
2.8903E-5
1.18081E-4
3.1806E-5
2.1692E-5
1.62443E-4
1.1424E-4
1.16743E-4
2.04395E-4
1.12236E-4
1.10033E-4
1.0994E-4
1.60939E-4
1.1143E-4
1.06716E-4
1.11837E-4
1.11307E-4
1.0709E-4
1.1299E-4
1.62843E-4
1.12854E-4
1.44987E-4
1.10404E-4
1.08751E-4
1.5265E-4
1.08988E-4
1.12656E-4
1.08386E-4
1.11487E-4
1.17146E-4
2.02618E-4
1.38441E-4
1.14243E-4
1.0841E-4
1.31045E-4
1.12893E-4
1.10214E-4
1.07949E-4
1.05434E-4
1.07992E-4
1.08376E-4
1.12747E-4
1.18252E-4
0.002247634
3.5791E-5
7.5835E-5
3.6416E-5
3.0639E-5
6.7514E-5
7.9698E-5
1.50632E-4
4.2653E-5
2.8331E-5
3.239E-5
6.7106E-5
7.0748E-5
3.5952E-5
3.081E-5
9.645E-5
3.4415E-5
6.5613E-5
3.5508E-5
2.9758E-5
3.1348E-5
1.19739E-4
3.8621E-5
2.7365E-5
8.7352E-5
3.6864E-5
6.5833E-5
5.712E-5
7.6738E-5
8.9397E-5
3.7051E-5
3.051E-5
2.9958E-5
3.0503E-5
1.05757E-4
3.2461E-5
1.3796E-4
3.216E-5
7.5301E-5
6.5593E-5
3.3516E-5
6.2061E-5
8.6052E-5
6.7079E-5
3.1231E-5
2.8137E-5
5.987E-5
7.6608E-5
6.9815E-5
3.4014E-5
6.1032E-5
6.5011E-5
6.5943E-5
3.3062E-5
5.9706E-5
1.44512E-4
6.9772E-5
3.2564E-5
9.9306E-5
7.627E-5
3.3386E-5
6.1965E-5
6.5129E-5
4.1508E-5
3.6179E-5
2.6223E-5
2.9294E-5
3.4562E-5
9.7228E-5
3.1324E-5
2.6356E-5
5.84E-5
6.3592E-5
3.4161E-5
2.7218E-5
3.0463E-5
9.6091E-5
6.9581E-5
3.3489E-5
7.5328E-5
2.8394E-5
3.4138E-5
4.3134E-5
1.28603E-4
7.6828E-5
3.3463E-5
2.8081E-5
6.7049E-5
3.348E-5
6.7504E-5
6.5435E-5
3.2413E-5
6.2468E-5
3.4121E-5
3.0864E-5
6.8957E-5
3.2962E-5
6.1446E-5
3.4218E-5
3.7174E-5
4.406E-5
6.3679E-5
6.4771E-5
3.1853E-5
2.6631E-5
6.0056E-5
6.5736E-5
3.1067E-5
2.8074E-5
2.6537E-5
6.0905E-5
3.221E-5
1.11594E-4
1.12088E-4
3.6039E-5
2.6998E-5
3.9453E-5
2.9731E-5
5.6548E-5
6.8008E-5
3.367E-5
4.076E-5
3.3506E-5
2.9016E-5
2.7158E-5
2.9043E-5
2.7746E-5
2.7806E-5
3.0306E-5
4.4741E-5
3.4178E-5
1.15479E-4
3.0573E-5
2.6861E-5
2.6984E-5
2.7733E-5
6.2425E-5
7.2354E-5
4.9105E-5
2.4027E-5
2.199E-5
2.0527E-5
1.15602E-4
2.7489E-5
2.1772E-5
9.3903E-5
4.3622E-5
3.0797E-5
2.5802E-5
2.6029E-5
2.3904E-5
2.306E-5
2.3807E-5
2.5534E-5
2.3584E-5
2.5285E-5
2.3002E-5
2.5782E-5
2.6477E-5
2.4856E-5
5.3722E-5
5.5296E-5
6.1039E-5
5.995E-5
3.2217E-5
3.1889E-5
3.067E-5
1.30918E-4
5.0582E-5
3.1355E-5
3.4508E-5
3.9229E-5
2.9517E-5
4.1344E-5
3.0667E-5
3.0094E-5
2.9641E-5
2.9691E-5
3.8748E-5
4.1414E-5
3.1178E-5
2.8104E-5
2.8719E-5
1.10809E-4
9.8798E-5
3.7198E-5
7.0146E-5
1.3343E-4
7.3831E-5
4.0883E-5
2.7165E-5
3.1783E-5
2.5391E-5
2.3704E-5
2.5474E-5
2.4673E-5
1.20938E-4
3.3072E-5
2.8735E-5
2.8171E-5
2.8525E-5
2.934E-5
2.9176E-5
2.7767E-5
2.9147E-5
2.9751E-5
4.0946E-5
3.1338E-5
3.0202E-5
9.7999E-5
3.4979E-5
2.8868E-5
3.6707E-5
3.0897E-5
3.1358E-5
7.4436E-5
3.4295E-5
8.1162E-5
3.5241E-5
3.0352E-5
3.0145E-5
2.9323E-5
3.495E-5
3.0709E-5
1.18673E-4
1.06362E-4
3.6674E-5
3.8407E-5
3.0305E-5
3.0098E-5
2.8151E-5
1.13384E-4
3.0462E-5
1.55109E-4
1.35E-4
1.27356E-4
9.2523E-5
2.8942E-5
2.9434E-5
3.2657E-5
2.9985E-5
3.2484E-5
3.0349E-5
3.076E-5
3.2588E-5
3.6563E-5
3.3744E-5
3.0329E-5
2.9894E-5
3.0363E-5
3.4274E-5
3.0773E-5
3.1952E-5
7.9628E-5
8.6296E-5
4.0645E-5
2.9089E-5
1.19398E-4
3.8267E-5
2.9383E-5
3.082E-5
3.0319E-5
3.1659E-5
6.8824E-5
2.9561E-5
7.3911E-5
3.8147E-5
3.1876E-5
3.1351E-5
3.1298E-5
3.3045E-5
3.0804E-5
3.1344E-5
2.9941E-5
9.4077E-5
7.658E-5
4.9536E-5
2.8291E-5
2.4609E-5
1.21302E-4
3.8775E-5
3.2237E-5
1.07254E-4
4.0399E-5
3.103E-5
3.2159E-5
3.7876E-5
1.04064E-4
1.60552E-4
1.00445E-4
3.249E-5
5.6321E-5
4.2891E-5
2.785E-5
2.7679E-5
2.8939E-5
3.1094E-5
5.5583E-5
3.4656E-5
3.2915E-5
3.1281E-5
8.1789E-5
1.48918E-4
6.7954E-5
7.308E-5
3.7014E-5
3.2266E-5
3.1488E-5
3.3392E-5
3.0786E-5
6.0151E-5
5.5964E-5
3.3262E-5
1.35107E-4
4.0068E-5
3.0148E-5
1.13549E-4
1.05347E-4
3.3302E-5
3.2461E-5
3.6095E-5
1.10745E-4
3.5334E-5
3.1491E-5
2.9364E-5
2.9855E-5
3.2996E-5
6.753E-5
3.7021E-5
2.5124E-5
2.3791E-5
2.2678E-5
2.3016E-5
2.3093E-5
2.1542E-5
2.47E-5
2.2531E-5
7.3624E-5
7.1062E-5
3.3038E-5
2.4269E-5
6.6498E-5
2.623E-5
6.5562E-5
2.6263E-5
2.2137E-5
2.1652E-5
2.333E-5
2.2602E-5
4.5283E-5
3.2126E-5
2.2852E-5
7.5244E-5
9.1949E-5
2.6721E-5
2.3022E-5
2.4907E-5
3.0753E-5
2.5665E-5
3.1187E-5
2.491E-5
2.6827E-5
2.68928E-4
0.007981162
0.001883151
1.21052E-4
1.09542E-4
1.10892E-4
1.11804E-4
2.00189E-4
1.41384E-4
1.23153E-4
1.17214E-4
1.19408E-4
1.2018E-4
1.15195E-4
1.10652E-4
1.12422E-4
1.18913E-4
1.08563E-4
1.14941E-4
1.13464E-4
1.76709E-4
1.26307E-4
1.15249E-4
1.16388E-4
1.7016E-4
1.58971E-4
1.21714E-4
1.10351E-4
2.34617E-4
1.41685E-4
1.19248E-4
3.2898E-5
5.9863E-5
2.6962E-5
2.2404E-5
2.4422E-5
2.6356E-5
2.6427E-5
1.38452E-4
8.9366E-5
1.0698E-4
3.2377E-5
2.6203E-5
3.7438E-5
2.3386E-5
1.3381E-4
3.0242E-5
1.09161E-4
4.0432E-5
1.46723E-4
3.2871E-5
1.18874E-4
1.18967E-4
5.8697E-5
2.8745E-5
2.8712E-5
2.6487E-5
7.5672E-5
3.9222E-5
3.3787E-5
3.1648E-5
6.7036E-5
4.1624E-5
3.4405E-5
2.9317E-5
2.7159E-5
6.4647E-5
3.6486E-5
8.4536E-5
7.1393E-5
3.2501E-5
6.2779E-5
9.0793E-5
1.35425E-4
3.7492E-5
6.2168E-5
5.4036E-5
9.2507E-5
7.7209E-5
4.0706E-5
3.0727E-5
6.3521E-5
3.2577E-5
8.4468E-5
4.5337E-5
2.9551E-5
6.1954E-5
3.1946E-5
2.6874E-5
3.0376E-5
6.5038E-5
3.651E-5
2.9661E-5
9.1666E-5
4.1551E-5
3.9166E-5
6.9154E-5
3.0533E-5
6.1533E-5
8.3253E-5
3.9778E-5
3.3801E-5
2.9734E-5
7.7747E-5
7.3253E-5
1.11864E-4
1.21737E-4
3.0793E-5
2.939E-5
3.1318E-5
2.6651E-5
2.922E-5
6.8515E-5
3.4077E-5
2.5858E-5
2.5886E-5
2.7589E-5
3.0456E-5
2.9099E-5
2.6584E-5
3.062E-5
9.0859E-5
1.15519E-4
1.10825E-4
1.11169E-4
1.08974E-4
1.11631E-4
1.1118E-4
1.65579E-4
1.11623E-4
2.06737E-4
1.57549E-4
1.12833E-4
1.13541E-4
1.10157E-4
1.08444E-4
1.05269E-4
1.04595E-4
1.05236E-4
1.03445E-4
1.70421E-4
1.17259E-4
1.10962E-4
1.0838E-4
1.09349E-4
1.08601E-4
1.04561E-4
1.21236E-4
4.30405E-4
4.94788E-4
5.22922E-4
3.81501E-4
9.7124E-5
4.1174E-5
3.2223E-5
2.9062E-5
3.071E-5
1.01981E-4
3.2647E-5
3.0176E-5
3.366E-5
3.2127E-5
1.41141E-4
3.7171E-5
3.107E-5
2.9457E-5
3.0463E-5
1.17922E-4
4.0021E-5
3.0306E-5
2.9861E-5
3.2173E-5
3.803E-5
3.3794E-5
3.0954E-5
3.1946E-5
3.0242E-5
3.0309E-5
3.2988E-5
3.381E-5
1.35869E-4
3.6229E-5
3.2598E-5
3.1695E-5
7.3754E-5
3.7846E-5
9.1084E-5
1.35138E-4
3.6403E-5
3.7709E-5
3.1258E-5
3.0443E-5
3.2337E-5
3.1435E-5
3.1404E-5
3.198E-5
3.3115E-5
3.2504E-5
3.3196E-5
3.2146E-5
3.0807E-5
3.0667E-5
3.0098E-5
1.2915E-4
7.7442E-5
3.3664E-5
2.8077E-5
6.9004E-5
3.8347E-5
1.20224E-4
3.6867E-5
3.2741E-5
3.092E-5
2.9898E-5
1.22251E-4
3.7926E-5
2.8622E-5
3.1127E-5
3.2026E-5
3.1568E-5
3.2043E-5
3.5808E-5
6.2218E-5
7.6217E-5
3.5915E-5
3.373E-5
2.7563E-5
2.9872E-5
3.1802E-5
2.9537E-5
3.065E-5
3.0673E-5
8.96E-5
3.5116E-5
6.5536E-5
3.1929E-5
2.4282E-5
3.1048E-5
2.6821E-5
6.6782E-5
3.676E-5
3.2794E-5
3.3657E-5
3.1682E-5
7.5087E-5
3.9941E-5
2.9938E-5
2.5655E-5
2.4927E-5
7.0506E-5
4.9613E-5
2.7864E-5
2.6113E-5
2.6574E-5
2.6072E-5
2.5334E-5
2.5174E-5
2.5177E-5
1.2736E-4
3.1304E-5
2.4008E-5
6.3077E-5
3.507E-5
3.1572E-5
3.2077E-5
4.6756E-5
2.5461E-5
3.0583E-5
6.4944E-5
3.375E-5
2.9554E-5
6.3254E-5
6.8011E-5
3.1786E-5
6.3197E-5
3.38E-5
2.6063E-5
2.8457E-5
1.0973E-4
1.59449E-4
1.2335E-4
2.34299E-4
1.41157E-4
1.20711E-4
1.26287E-4
1.58912E-4
1.00382E-4
4.105E-5
4.9368E-5
8.9406E-5
5.5175E-5
3.4392E-5
2.966E-5
3.505E-5
2.8255E-5
2.6834E-5
2.5087E-5
2.6026E-5
2.9667E-5
3.1956E-5
3.8347E-5
1.72332E-4
3.7696E-5
3.0029E-5
2.7803E-5
2.6908E-5
2.4466E-5
2.635E-5
3.4846E-5
0.004978952
1.37055E-4
2.5335E-4
1.11507E-4
1.09599E-4
1.06222E-4
1.68493E-4
1.07829E-4
1.04638E-4
1.57184E-4
1.48203E-4
2.20418E-4
3.29977E-4
3.3624E-5
1.40095E-4
3.1845E-5
3.1261E-5
4.19186E-4
1.49971E-4
1.19028E-4
1.58687E-4
1.69078E-4
1.438E-4
1.18683E-4
1.20972E-4
1.21272E-4
1.33306E-4
1.88632E-4
1.67601E-4
1.31595E-4
1.71808E-4
1.88629E-4
8.9491E-5
3.3449E-5
6.3649E-5
3.8862E-5
2.6246E-5
5.569E-5
3.9069E-5
4.3633E-5
7.4433E-5
6.9945E-5
3.355E-5
6.2055E-5
3.3416E-5
4.9104E-5
8.2354E-5
4.7798E-5
2.7045E-5
5.732E-5
3.1542E-5
5.0028E-5
3.2788E-5
2.5224E-5
6.5522E-5
3.6316E-5
6.7741E-5
3.2377E-5
6.5479E-5
3.9025E-5
2.8762E-5
2.3994E-5
6.0865E-5
3.4074E-5
6.4096E-5
3.1679E-5
6.8596E-5
3.3105E-5
1.04618E-4
2.9621E-5
5.7985E-5
3.0302E-5
2.9423E-5
3.0522E-5
5.0321E-5
4.2895E-5
2.5254E-5
2.8869E-5
1.2295E-4
4.6238E-5
8.1526E-5
1.26859E-4
7.8271E-5
7.4336E-5
3.1322E-5
2.6901E-5
2.9309E-5
2.8441E-5
3.6196E-5
7.0827E-5
7.663E-5
7.1866E-5
7.1583E-5
3.1188E-5
3.8604E-5
1.46937E-4
3.3793E-5
1.73224E-4
3.7198E-5
2.9524E-5
2.7473E-5
2.9002E-5
2.8662E-5
2.2792E-5
1.53844E-4
7.9176E-5
3.2277E-5
2.7349E-5
1.29893E-4
3.9543E-5
2.6036E-5
9.4695E-5
3.6035E-5
5.0464E-5
3.2434E-5
2.8952E-5
7.0467E-5
7.3868E-5
3.1863E-5
2.785E-5
7.3447E-5
3.1367E-5
2.8318E-5
9.942E-5
3.4442E-5
5.8192E-5
7.2194E-5
3.4508E-5
2.9316E-5
2.7292E-5
8.807E-5
3.5136E-5
6.5502E-5
9.1903E-5
1.2902E-4
3.5504E-5
2.6547E-5
1.01387E-4
3.5708E-5
1.15005E-4
3.6697E-5
2.805E-5
7.4292E-5
3.9774E-5
6.2813E-5
7.3618E-5
3.7064E-5
3.1689E-5
2.4697E-5
2.4031E-5
7.6407E-5
3.0472E-5
2.4342E-5
2.5859E-5
1.35478E-4
1.23508E-4
8.2962E-5
3.3226E-5
2.7168E-5
2.9474E-5
2.1869E-5
2.4656E-5
2.8621E-5
6.6388E-5
8.2495E-5
7.5191E-5
1.57638E-4
3.3453E-5
2.5094E-5
9.983E-5
6.7303E-5
3.3215E-5
1.22722E-4
2.797E-5
6.6364E-5
2.949E-5
2.5558E-5
5.3956E-5
2.7953E-5
2.8869E-5
6.0003E-5
7.0337E-5
3.1488E-5
3.1645E-5
6.4487E-5
3.2073E-5
2.7222E-5
2.7145E-5
5.5944E-5
6.4603E-5
2.7172E-5
9.8139E-5
3.6677E-5
3.6252E-5
2.4058E-5
2.5788E-5
2.7423E-5
8.3186E-5
3.2447E-5
2.7659E-5
2.3781E-5
5.8901E-5
6.8129E-5
8.4736E-5
3.0777E-5
2.3778E-5
6.1921E-5
3.1021E-5
2.7519E-5
2.8832E-5
4.07422E-4
1.36047E-4
1.22786E-4
1.18236E-4
1.18576E-4
1.26297E-4
1.28271E-4
1.21623E-4
1.23959E-4
1.72549E-4
1.29551E-4
1.24235E-4
1.24096E-4
1.4056E-4
1.26665E-4
1.21343E-4
0.007579221
1.48551E-4
1.15119E-4
1.98451E-4
1.23077E-4
1.11212E-4
1.17117E-4
1.21393E-4
1.12432E-4
1.03746E-4
2.41252E-4
1.1309E-4
1.71386E-4
3.189E-5
2.3634E-5
7.2314E-5
4.9432E-5
7.5155E-5
3.6914E-5
3.1919E-5
6.89E-5
3.6045E-5
3.2944E-5
3.1408E-5
7.3737E-5
8.5458E-5
7.6888E-5
3.509E-5
6.3865E-5
3.3607E-5
3.234E-5
1.49145E-4
1.00682E-4
9.8511E-5
9.8083E-5
1.16622E-4
1.6275E-4
1.77316E-4
7.9942E-5
3.982E-5
2.8631E-5
2.4781E-4
3.9252E-5
2.5204E-5
2.4115E-5
2.8087E-5
3.0022E-5
1.00525E-4
3.1377E-5
5.9284E-5
8.043E-5
9.5875E-5
2.629E-5
1.9555E-5
1.9314E-5
2.2136E-5
6.1554E-5
3.1925E-5
5.6125E-5
2.6293E-5
9.5615E-5
3.36E-5
2.0096E-5
1.9374E-5
2.0213E-5
2.2956E-5
2.2521E-5
2.497E-5
8.7756E-5
2.4934E-5
1.22683E-4
3.7659E-5
2.9397E-5
9.1722E-5
3.6038E-5
2.6874E-5
3.0109E-5
3.05E-5
2.8264E-5
1.08253E-4
7.308E-5
3.785E-5
2.782E-5
2.6491E-5
2.8191E-5
2.6788E-5
2.5478E-5
2.8231E-5
2.5658E-5
