4.326E-6
1.087E-6
7.67E-7
1.405E-6
7.48E-7
9.92E-7
6.36E-7
5.36E-7
5.21E-7
5.32E-7
7.95E-7
6.28E-7
5.21E-7
6.33E-7
6.18E-7
7.93E-7
4.79E-7
5.9E-7
5.57E-7
6.23E-7
7.95E-7
5.67E-7
5.66E-7
5.61E-7
4.78E-7
5.89E-7
5.38E-7
5.32E-7
6.49E-7
5.51E-7
4.16E-7
1.626E-6
4.97E-7
5.81E-7
5.5E-7
6.22E-7
5.79E-7
5.23E-7
1.072E-6
4.97E-7
4.48E-7
2.049E-6
6.34E-7
5.44E-7
8.05E-7
5.21E-7
5.36E-7
7.56E-7
4.73E-7
5.94E-7
5.65E-7
6.4E-7
5.11E-7
5.79E-7
5.83E-7
5.06E-7
4.78E-7
7.08E-7
7.09E-7
5.87E-7
6.62E-7
6.54E-7
5.74E-7
5.68E-7
4.23E-7
7.67E-7
5.41E-7
7.26E-7
5.16E-7
6.75E-7
6.45E-7
5.92E-7
7.14E-7
4.51E-7
4.57E-7
6.77E-7
5.51E-7
5.62E-7
5.19E-7
8.43E-7
5.92E-7
5.62E-7
5.97E-7
5.0E-7
5.52E-7
4.87E-7
4.75E-7
5.79E-7
5.38E-7
6.59E-7
5.94E-7
5.3E-7
4.9E-7
5.93E-7
4.64E-7
6.65E-7
6.85E-7
6.91E-7
5.64E-7
4.83E-7
5.0E-7
4.72E-7
5.23E-7
5.53E-7
6.45E-7
6.1E-7
4.36E-7
5.59E-7
7.07E-7
5.77E-7
5.23E-7
7.29E-7
5.05E-7
4.85E-7
5.95E-7
7.85E-7
5.94E-7
5.26E-7
5.49E-7
5.32E-7
4.07E-7
5.52E-7
5.51E-7
6.37E-7
6.15E-7
6.21E-7
7.58E-7
5.88E-7
6.63E-7
6.05E-7
6.13E-7
5.07E-7
6.09E-7
5.98E-7
3.86E-7
5.01E-7
7.25E-7
5.67E-7
5.93E-7
7.73E-7
6.47E-7
7.15E-7
5.82E-7
6.85E-7
4.08E-7
7.11E-7
6.43E-7
7.36E-7
6.37E-7
6.91E-7
6.18E-7
8.69E-7
5.78E-7
5.29E-7
6.36E-7
5.86E-7
5.03E-7
4.8E-7
6.07E-7
6.79E-7
7.72E-7
5.26E-7
5.77E-7
4.87E-7
7.09E-7
5.66E-7
5.83E-7
5.49E-7
5.27E-7
5.71E-7
6.98E-7
6.21E-7
4.91E-7
4.8E-7
8.05E-7
4.94E-7
5.47E-7
6.32E-7
7.39E-7
5.5E-7
4.62E-7
6.26E-7
4.61E-7
6.25E-7
7.12E-7
7.17E-7
4.37E-7
7.95E-7
5.86E-7
5.3E-7
1.031E-6
5.83E-7
7.24E-7
6.88E-7
4.62E-7
5.7E-7
5.68E-7
4.74E-7
4.21E-7
5.19E-7
6.06E-7
6.55E-7
5.25E-7
5.75E-7
5.09E-7
5.58E-7
5.19E-7
4.62E-7
8.52E-7
6.66E-7
5.39E-7
4.2E-7
4.7E-7
6.02E-7
5.11E-7
6.38E-7
5.49E-7
5.24E-7
6.68E-7
4.68E-7
5.98E-7
4.46E-7
4.65E-7
8.11E-7
5.36E-7
5.49E-7
5.69E-7
4.71E-7
6.35E-7
5.21E-7
7.95E-7
6.08E-7
5.91E-7
6.25E-7
4.84E-7
5.72E-7
8.25E-7
6.58E-7
1.999E-6
5.11E-7
6.85E-7
7.32E-7
7.85E-7
6.57E-7
6.68E-7
6.02E-7
7.52E-7
6.08E-7
8.49E-7
5.79E-7
5.14E-7
5.31E-7
5.01E-7
5.27E-7
5.03E-7
6.99E-7
9.63E-7
6.61E-7
6.27E-7
6.78E-7
4.31E-7
5.13E-7
5.53E-7
6.54E-7
6.41E-7
8.07E-7
4.99E-7
5.06E-7
4.79E-7
5.53E-7
4.57E-7
5.41E-7
9.63E-7
5.99E-7
4.87E-7
5.02E-7
4.54E-7
9.73E-7
4.82E-7
6.72E-7
7.9E-7
6.11E-7
4.22E-7
7.61E-7
7.7E-7
6.29E-7
5.32E-7
4.87E-7
5.7E-7
1.036E-6
5.17E-7
8.0E-7
5.18E-7
6.13E-7
4.29E-7
4.86E-7
5.43E-7
5.56E-7
4.36E-7
5.74E-7
4.41E-7
5.67E-7
6.66E-7
5.36E-7
5.01E-7
1.201E-6
8.28E-7
5.77E-7
9.62E-7
6.71E-7
7.01E-7
5.73E-7
4.5E-7
4.9E-7
6.6E-7
5.86E-7
6.89E-7
7.48E-7
4.26E-7
5.63E-7
5.62E-7
4.72E-7
1.219E-6
7.1E-7
4.82E-7
5.09E-7
6.43E-7
7.78E-7
5.73E-7
4.71E-7
6.55E-7
4.73E-7
6.98E-7
6.82E-7
6.25E-7
5.4E-7
6.17E-7
1.163E-6
7.29E-7
8.81E-7
5.35E-7
4.94E-7
9.12E-7
6.0E-7
7.48E-7
6.5E-7
5.09E-7
4.58E-7
4.03E-7
5.7E-7
8.43E-7
5.43E-7
7.13E-7
4.81E-7
7.84E-7
6.6E-7
4.14E-7
2.15E-6
8.48E-7
1.196E-6
4.91E-7
8.76E-7
6.42E-7
4.71E-7
1.101E-6
5.81E-7
1.088E-6
5.1E-7
5.34E-7
5.17E-7
5.75E-7
6.25E-7
7.19E-7
5.78E-7
5.2E-7
4.79E-7
6.56E-7
5.15E-7
5.98E-7
4.24E-7
5.81E-7
1.116E-6
8.02E-7
5.84E-7
6.68E-7
5.11E-7
4.66E-7
6.23E-7
8.28E-7
8.32E-7
5.17E-7
4.33E-7
8.81E-7
5.83E-7
5.15E-7
7.02E-7
6.64E-7
5.14E-7
5.92E-7
6.6E-7
9.41E-7
7.81E-7
7.64E-7
1.36E-6
6.38E-7
6.57E-7
6.09E-7
7.03E-7
5.08E-7
8.59E-7
5.95E-7
9.16E-7
5.14E-7
5.48E-7
4.88E-7
7.48E-7
7.77E-7
5.17E-7
7.2E-7
5.37E-7
1.051E-6
4.9E-7
1.047E-6
7.37E-7
5.86E-7
6.31E-7
7.82E-7
5.47E-7
5.37E-7
5.91E-7
6.44E-7
7.58E-7
5.93E-7
5.38E-7
5.29E-7
5.07E-7
4.5E-7
6.08E-7
4.87E-7
5.84E-7
5.86E-7
7.93E-7
7.84E-7
7.46E-7
6.13E-7
4.99E-7
6.71E-7
5.23E-7
4.25E-7
8.25E-7
4.9E-7
7.63E-7
7.48E-7
5.91E-7
4.41E-7
5.95E-7
4.38E-7
8.81E-7
6.37E-7
5.0E-7
5.36E-7
1.039E-6
6.42E-7
8.37E-7
4.93E-7
1.178E-6
6.67E-7
6.74E-7
6.2E-7
4.8E-7
1.289E-6
5.62E-7
1.228E-6
5.1E-7
5.02E-7
6.53E-7
6.39E-7
1.139E-6
6.25E-7
6.35E-7
4.74E-7
7.82E-7
5.37E-7
1.489E-6
5.26E-7
5.64E-7
5.53E-7
5.75E-7
6.26E-7
5.39E-7
5.31E-7
1.234E-6
5.69E-7
4.85E-7
4.83E-7
1.603E-6
5.1E-7
5.35E-7
5.83E-7
4.83E-7
4.71E-7
6.22E-7
6.3E-7
5.22E-7
5.56E-7
6.36E-7
7.51E-7
6.75E-7
1.442E-6
4.81E-7
1.359E-6
4.87E-7
5.66E-7
5.91E-7
4.6E-7
4.43E-7
6.89E-7
4.73E-7
7.08E-7
5.45E-7
1.251E-6
6.15E-7
4.86E-7
1.661E-6
1.439E-6
5.51E-7
5.18E-7
6.38E-7
6.16E-7
1.547E-6
6.85E-7
4.77E-7
1.488E-6
1.571E-6
8.64E-7
4.51E-7
5.49E-7
9.99E-7
5.26E-7
1.482E-6
1.382E-6
1.016E-6
5.53E-7
6.5E-7
4.04E-7
1.047E-6
6.01E-7
4.6E-7
7.71E-7
5.89E-7
6.64E-7
4.65E-7
6.14E-7
5.33E-7
2.038E-6
7.21E-7
6.12E-7
4.48E-7
6.58E-7
4.74E-7
4.92E-7
4.97E-7
1.542E-6
5.14E-7
4.37E-7
1.611E-6
6.58E-7
1.225E-6
6.53E-7
1.661E-6
8.15E-7
5.54E-7
1.351E-6
9.9E-7
6.83E-7
5.6E-7
7.15E-7
1.252E-6
6.63E-7
9.09E-7
1.943E-6
5.3E-7
5.76E-7
1.688E-6
4.72E-7
8.17E-7
6.99E-7
6.7E-7
1.324E-6
7.86E-7
1.419E-6
6.34E-7
1.64E-6
5.4E-7
1.333E-6
4.58E-7
6.7E-7
1.097E-6
4.43E-7
5.01E-7
8.24E-7
5.55E-7
8.74E-7
6.13E-7
5.25E-7
5.99E-7
5.33E-7
1.003E-6
5.05E-7
1.021E-6
1.528E-6
5.04E-7
5.24E-7
5.81E-7
6.14E-7
6.12E-7
1.489E-6
1.813E-6
4.25E-7
6.89E-7
4.29E-7
6.06E-7
5.8E-7
6.49E-7
5.74E-7
1.623E-6
4.67E-7
5.3E-7
1.403E-6
6.61E-7
6.57E-7
5.52E-7
5.23E-7
6.34E-7
6.18E-7
7.63E-7
6.16E-7
5.69E-7
1.091E-6
6.74E-7
1.233E-6
7.56E-7
7.28E-7
4.39E-7
5.86E-7
5.41E-7
5.47E-7
5.81E-7
6.39E-7
5.11E-7
1.697E-6
5.97E-7
4.9E-7
4.75E-7
9.14E-7
4.85E-7
7.36E-7
5.98E-7
4.91E-7
1.519E-6
8.54E-7
5.76E-7
7.4E-7
6.82E-7
5.28E-7
4.85E-7
1.48E-6
6.88E-7
6.65E-7
4.5E-7
4.83E-7
5.87E-7
2.061E-6
5.88E-7
5.47E-7
7.26E-7
6.74E-7
6.77E-7
7.14E-7
1.856E-6
6.91E-7
6.21E-7
6.84E-7
2.158E-6
6.69E-7
4.22E-7
5.89E-7
6.22E-7
4.6E-7
4.91E-7
1.305E-6
4.83E-7
8.15E-7
4.53E-7
5.64E-7
6.26E-7
4.84E-7
5.59E-7
7.86E-7
6.78E-7
8.39E-7
6.32E-7
5.93E-7
8.49E-7
6.11E-7
6.12E-7
5.25E-7
6.42E-7
2.255E-6
1.47E-6
5.12E-7
5.76E-7
1.01E-6
7.03E-7
5.74E-7
6.38E-7
5.86E-7
4.6E-7
5.94E-7
6.42E-7
5.29E-7
5.85E-7
1.206E-6
4.18E-7
5.88E-7
7.33E-7
1.09E-6
1.167E-6
5.05E-7
6.35E-7
1.166E-6
8.22E-7
5.54E-7
5.23E-7
8.82E-7
6.74E-7
7.21E-7
5.21E-7
5.93E-7
2.05E-6
4.36E-7
1.311E-6
4.17E-7
1.562E-6
8.27E-7
5.96E-7
7.63E-7
2.112E-6
4.84E-7
7.09E-7
8.11E-7
5.32E-7
7.46E-7
5.7E-7
5.58E-7
6.79E-7
1.705E-6
5.34E-7
7.81E-7
5.38E-7
1.707E-6
5.35E-7
5.29E-7
6.2E-7
1.391E-6
1.695E-6
5.31E-7
5.62E-7
7.76E-7
1.191E-6
5.33E-7
1.767E-6
5.3E-7
6.76E-7
7.35E-7
7.87E-7
4.48E-7
1.631E-6
5.43E-7
5.71E-7
1.49E-6
7.05E-7
2.521E-6
6.56E-7
1.469E-6
4.48E-7
5.69E-7
4.28E-7
6.19E-7
4.35E-7
5.51E-7
7.13E-7
5.22E-7
1.233E-6
4.81E-7
1.108E-6
6.41E-7
5.24E-7
2.744E-6
9.55E-7
9.16E-7
6.94E-7
6.34E-7
5.65E-7
1.925E-6
5.08E-7
4.07E-7
7.1E-7
6.41E-7
1.475E-6
5.26E-7
3.95E-7
6.2E-7
7.82E-7
5.49E-7
5.69E-7
7.6E-7
4.29E-7
2.018E-6
5.19E-7
7.22E-7
4.28E-7
6.27E-7
1.526E-6
4.85E-7
5.74E-7
5.99E-7
4.87E-7
7.0E-7
4.63E-7
6.68E-7
4.19E-7
6.88E-7
5.28E-7
5.14E-7
1.069E-6
4.31E-7
1.298E-6
5.88E-7
8.57E-7
7.83E-7
5.82E-7
4.15E-7
1.063E-6
4.79E-7
1.64E-6
5.3E-7
7.73E-7
6.78E-7
8.17E-7
5.72E-7
5.39E-7
6.06E-7
4.03E-7
5.43E-7
4.4E-7
2.641E-6
7.08E-7
4.28E-7
6.42E-7
7.85E-7
5.25E-7
4.42E-7
7.67E-7
5.01E-7
5.04E-7
4.82E-7
5.09E-7
5.75E-7
1.831E-6
6.77E-7
5.56E-7
7.07E-7
5.49E-7
5.17E-7
1.24E-6
6.82E-7
2.615E-6
6.1E-7
5.6E-7
1.691E-6
4.39E-7
4.8E-7
5.2E-7
1.563E-6
3.96E-7
8.82E-7
1.638E-6
5.39E-7
2.01E-6
4.88E-7
6.35E-7
2.013E-6
7.37E-7
4.91E-7
6.62E-7
4.56E-7
7.42E-7
8.85E-7
4.8E-7
6.28E-7
4.86E-7
6.41E-7
3.8E-7
3.66E-7
5.19E-7
1.537E-6
5.01E-7
7.19E-7
6.7E-7
5.41E-7
1.0008E-5
4.82E-7
5.81E-7
6.96E-7
8.89E-7
6.0E-7
4.68E-7
8.15E-7
8.19E-7
7.69E-7
5.43E-7
4.62E-7
1.126E-6
6.2E-7
9.37E-7
7.36E-7
4.87E-7
4.74E-7
6.14E-7
7.23E-7
1.054E-6
9.55E-7
6.68E-7
8.71E-7
4.46E-7
5.79E-7
5.06E-7
3.68E-7
7.25E-7
2.965E-6
4.52E-7
7.16E-7
5.44E-7
6.77E-7
8.37E-7
5.04E-7
6.4E-7
1.422E-6
4.01E-7
5.95E-7
8.99E-7
6.39E-7
2.377E-6
2.055E-6
6.03E-7
2.566E-6
5.75E-7
2.367E-6
5.53E-7
6.4E-7
5.3E-7
7.62E-7
7.22E-7
6.3E-7
5.82E-7
1.996E-6
6.88E-7
1.398E-6
4.13E-7
1.594E-6
4.53E-7
7.05E-7
6.387E-6
4.87E-7
5.56E-7
7.17E-7
6.22E-7
6.7E-7
4.95E-7
1.199E-6
4.1E-7
8.35E-7
5.23E-7
1.554E-6
4.97E-7
6.7E-7
1.958E-6
4.74E-7
5.45E-7
5.14E-7
7.53E-7
1.038E-6
5.05E-7
5.75E-7
4.64E-7
5.24E-7
4.88E-7
5.62E-7
5.92E-7
7.24E-7
4.92E-7
5.82E-7
4.86E-7
9.72E-7
4.6E-7
2.31E-6
5.82E-7
5.11E-7
8.12E-7
1.126E-6
4.63E-7
5.18E-7
7.15E-7
4.02E-7
9.56E-7
6.15E-7
7.13E-7
4.74E-7
3.67E-7
5.21E-7
4.31E-7
4.96E-7
4.02E-7
1.419E-6
8.65E-7
2.98E-7
8.46E-7
3.07E-7
4.32E-7
3.15E-7
4.1E-7
5.12E-7
4.79E-7
3.62E-7
3.5E-7
3.13E-7
1.176E-6
3.99E-7
3.03E-7
5.6E-7
4.24E-7
5.17E-7
6.09E-7
4.91E-7
1.879E-6
4.51E-7
1.723E-6
5.29E-7
2.82E-7
4.26E-7
4.15E-7
9.31E-7
3.21E-7
3.87E-7
5.14E-7
3.62E-7
2.82E-7
2.73E-7
3.87E-7
3.27E-7
2.58E-7
3.19E-7
8.92E-7
2.74E-7
1.429E-6
4.0E-7
3.24E-7
1.288E-6
1.255E-6
4.42E-7
5.35E-7
3.26E-7
3.09E-7
1.442E-6
4.96E-7
3.07E-7
3.02E-7
7.76E-7
4.03E-7
4.16E-7
4.12E-7
3.21E-7
4.4E-7
4.67E-7
4.09E-7
3.65E-7
2.8E-7
5.81E-7
1.726E-6
3.28E-7
3.06E-7
3.63E-7
3.41E-7
5.05E-7
4.43E-7
3.75E-7
5.52E-7
1.616E-6
3.02E-7
3.03E-7
1.586E-6
3.81E-7
7.62E-7
3.1E-7
1.512E-6
3.04E-7
3.44E-7
2.7E-7
2.77E-7
1.35E-6
2.73E-7
4.15E-7
9.27E-7
3.52E-7
4.13E-7
2.72E-7
4.04E-7
3.16E-7
1.373E-6
3.14E-7
1.278E-6
1.758E-6
3.51E-7
5.88E-7
2.72E-7
3.76E-7
4.28E-7
2.78E-7
3.54E-7
2.93E-7
5.01E-7
1.361E-6
2.77E-7
1.323E-6
1.126E-6
3.01E-7
4.85E-7
2.78E-7
3.69E-7
5.11E-7
2.83E-7
2.91E-7
1.046E-6
3.36E-7
1.91E-6
3.08E-7
2.66E-7
1.732E-6
2.79E-7
4.12E-7
3.18E-7
2.56E-7
2.76E-7
2.73E-7
3.6E-7
4.61E-7
3.37E-7
3.46E-7
2.82E-7
4.57E-7
2.67E-7
1.407E-6
2.79E-7
2.83E-7
3.1E-7
2.76E-7
3.43E-7
1.514E-6
6.27E-7
1.46E-6
3.24E-7
4.38E-7
2.53E-7
1.447E-6
5.05E-7
2.7E-7
2.72E-7
2.37E-7
2.88E-7
1.305E-6
2.8E-7
2.5E-7
7.6E-7
2.81E-7
3.27E-7
2.63E-7
1.125E-6
4.82E-7
3.39E-7
2.52E-7
7.2E-7
2.83E-7
2.56E-7
2.95E-7
3.27E-7
7.5E-7
2.76E-7
4.02E-7
2.64E-7
2.78E-7
4.31E-7
3.44E-7
4.19E-7
1.547E-6
3.93E-7
3.36E-7
3.76E-7
3.12E-7
3.17E-7
1.697E-6
4.06E-7
4.24E-7
4.67E-7
2.71E-7
2.77E-7
1.823E-6
1.549E-6
3.47E-7
2.65E-7
1.635E-6
5.3E-7
9.85E-7
1.105E-6
3.22E-7
3.32E-7
3.62E-7
9.42E-7
6.4E-7
2.86E-7
2.73E-7
4.22E-7
3.91E-7
2.98E-7
3.58E-7
2.73E-7
2.57E-7
8.61E-7
3.95E-7
3.77E-7
2.56E-7
9.98E-7
2.67E-7
2.85E-7
2.62E-7
4.6E-7
1.733E-6
3.16E-7
2.55E-7
1.706E-6
3.47E-7
1.158E-6
4.61E-7
3.67E-7
2.64E-7
8.55E-7
2.83E-7
2.92E-7
2.51E-7
2.76E-7
3.27E-7
2.62E-7
8.96E-7
2.82E-7
3.68E-7
2.84E-7
4.54E-7
2.99E-7
4.23E-7
1.483E-6
2.89E-7
1.072E-6
2.67E-7
3.64E-7
2.94E-7
5.89E-7
2.81E-7
4.19E-7
4.54E-7
2.77E-7
1.086E-6
2.73E-7
3.0E-7
5.03E-7
3.28E-7
2.88E-7
2.59E-7
7.08E-7
1.607E-6
1.539E-6
2.79E-7
8.22E-7
3.26E-7
1.177E-6
2.76E-7
3.29E-7
1.367E-6
2.98E-7
2.83E-7
4.15E-7
3.4E-7
1.29E-6
1.429E-6
2.57E-7
1.855E-6
2.82E-7
3.52E-7
1.492E-6
4.59E-7
3.57E-7
9.93E-7
3.15E-7
1.492E-6
5.77E-7
2.8E-7
1.465E-6
3.28E-7
5.23E-7
1.103E-6
2.82E-7
1.184E-6
3.16E-7
3.68E-7
2.73E-7
1.191E-6
3.19E-7
2.68E-7
5.75E-7
4.47E-7
1.221E-6
4.44E-7
4.88E-7
1.322E-6
3.64E-7
4.05E-7
1.667E-6
4.96E-7
3.65E-7
1.476E-6
3.24E-7
3.29E-7
2.72E-7
6.41E-7
2.411E-6
2.82E-7
3.55E-7
3.114E-6
3.5E-7
3.26E-7
3.54E-7
6.33E-7
2.66E-7
6.99E-7
4.2E-7
3.187E-6
4.56E-7
2.82E-7
3.81E-7
3.38E-7
2.8E-7
5.31E-7
5.2E-7
1.73E-6
3.08E-7
3.32E-7
6.02E-7
2.82E-7
1.262E-6
2.69E-7
3.66E-7
3.47E-7
2.77E-7
2.81E-7
5.34E-7
4.22E-7
3.17E-7
9.11E-7
3.05E-7
2.82E-7
3.65E-7
3.31E-7
8.81E-7
6.44E-7
3.55E-7
6.76E-7
1.384E-6
5.87E-7
1.236E-6
3.15E-7
1.362E-6
2.69E-7
2.039E-6
3.98E-7
3.45E-7
7.18E-7
3.83E-7
3.136E-6
1.078E-6
1.364E-6
3.94E-7
2.81E-7
3.88E-7
1.9E-6
4.24E-7
3.93E-7
3.35E-7
2.53E-7
3.96E-7
3.45E-7
9.61E-7
2.9E-7
3.131E-6
5.68E-7
4.05E-7
3.55E-7
9.8E-7
3.64E-7
2.75E-7
4.1E-7
3.21E-7
3.07E-7
7.78E-7
3.24E-7
2.92E-7
3.78E-7
3.52E-7
1.14E-6
4.46E-7
1.32E-6
2.7E-7
3.77E-7
1.92E-6
4.16E-7
3.32E-7
1.923E-6
1.784E-6
3.37E-7
2.954E-6
2.85E-7
4.43E-7
2.959E-6
2.91E-7
4.22E-7
3.34E-7
3.23E-7
2.98E-6
3.55E-7
2.97E-7
2.928E-6
4.61E-7
7.72E-7
3.6E-7
3.172E-6
1.244E-6
3.09E-7
2.78E-7
3.51E-7
3.62E-7
1.439E-6
2.92E-7
2.83E-7
3.27E-7
4.34E-7
2.88E-7
2.69E-7
1.554E-6
1.123E-6
3.34E-7
1.677E-6
3.42E-7
1.104E-6
3.0E-7
3.19E-7
4.4E-7
2.78E-7
1.834E-6
1.629E-6
2.88E-7
2.69E-7
3.07E-7
1.551E-6
2.99E-7
3.57E-7
4.61E-7
3.29E-7
1.221E-6
2.8E-7
3.67E-7
1.823E-6
3.4E-7
9.52E-7
5.1E-7
3.93E-7
4.0E-7
1.868E-6
3.55E-7
2.87E-7
3.13E-7
1.397E-6
4.51E-7
1.712E-6
1.85E-6
3.04E-7
2.93E-7
2.81E-7
2.85E-7
3.54E-7
2.72E-7
1.169E-6
5.32E-7
3.19E-7
2.91E-7
1.666E-6
3.65E-7
1.379E-6
3.45E-7
3.04E-7
2.76E-7
1.23E-6
3.07E-7
3.84E-7
3.79E-7
3.46E-7
1.631E-6
3.6E-7
1.373E-6
3.86E-7
3.4E-7
6.82E-7
3.28E-7
7.09E-7
3.66E-7
2.88E-7
2.523E-6
7.28E-7
3.11E-7
4.13E-7
3.41E-7
2.95E-7
3.42E-7
3.48E-7
4.83E-7
3.45E-7
1.811E-6
4.01E-7
7.01E-7
2.92E-7
2.89E-7
3.26E-7
4.38E-7
1.052E-6
3.2E-7
2.93E-7
2.93E-7
3.61E-7
3.06E-7
2.81E-7
1.584E-6
8.29E-7
3.59E-7
4.35E-7
2.55E-7
4.3E-7
6.27E-7
1.399E-6
6.47E-7
4.44E-7
3.42E-7
2.8E-7
2.63E-7
1.144E-6
4.34E-7
2.62E-7
2.7E-7
1.647E-6
2.81E-7
1.03E-6
4.62E-7
1.316E-6
4.19E-7
2.78E-7
1.457E-6
2.328E-6
3.69E-7
2.83E-7
3.076E-6
2.99E-7
2.977E-6
3.48E-7
4.487E-6
2.99E-7
3.53E-7
3.87E-7
3.21E-7
4.76E-7
4.319E-6
2.637E-6
5.52E-7
3.85E-7
4.61E-7
4.1E-7
1.516E-6
5.38E-7
3.35E-7
2.68E-7
4.411E-6
2.77E-7
3.81E-7
2.59E-7
4.559E-6
1.253E-6
3.4E-7
4.39E-7
3.1E-7
4.81E-7
4.15E-7
2.56E-7
3.8E-7
1.44E-6
3.35E-7
2.59E-7
3.03E-7
6.17E-7
2.71E-7
3.2E-7
4.4E-7
3.76E-7
7.45E-7
4.8E-7
4.35E-7
1.583E-6
6.01E-7
3.93E-7
1.852E-6
3.94E-7
2.268E-6
1.506E-6
3.84E-7
3.13E-7
2.59E-7
4.28E-7
1.897E-6
1.995E-6
2.75E-7
4.26E-7
2.69E-7
3.23E-7
3.7E-7
4.709E-6
3.11E-7
9.48E-7
2.69E-7
3.82E-7
5.05E-7
3.85E-7
2.79E-7
4.78E-7
1.063E-6
1.139E-6
3.4E-7
2.86E-7
3.083E-6
1.434E-6
7.69E-7
2.86E-7
2.71E-7
4.256E-6
2.83E-7
4.93E-7
2.256E-6
3.66E-7
5.579E-6
2.88E-7
3.66E-7
4.376E-6
3.59E-7
3.38E-7
4.38E-7
2.81E-7
3.86E-7
3.012E-6
1.507E-6
2.495E-6
4.4E-7
3.57E-7
2.87E-7
3.2E-7
3.47E-7
4.172E-6
3.4E-7
2.108E-6
3.72E-7
3.75E-7
1.658E-6
2.65E-7
3.65E-7
4.57E-7
3.53E-7
3.48E-7
3.76E-7
1.774E-6
3.64E-7
5.66E-7
3.7E-7
1.595E-6
3.66E-7
3.37E-7
4.71E-7
4.05E-7
9.45E-7
4.05E-7
1.64E-6
3.75E-7
6.04E-7
3.18E-7
4.402E-6
2.96E-7
1.515E-6
3.74E-7
2.74E-7
3.21E-7
1.198E-6
3.52E-7
5.31E-7
3.07E-7
2.61E-7
3.231E-6
3.54E-7
3.22E-7
4.63E-7
4.03E-7
2.74E-7
3.52E-7
2.867E-6
3.17E-7
1.147E-6
3.02E-7
2.79E-7
4.48E-7
4.993E-6
3.07E-7
2.89E-7
5.24E-7
4.36E-7
4.6E-7
2.79E-7
3.77E-7
2.81E-7
4.07E-7
2.83E-6
3.06E-7
1.717E-6
3.74E-7
4.49E-7
2.73E-7
3.96E-7
2.91E-7
3.85E-7
5.6E-7
4.017E-6
3.09E-7
3.39E-7
4.13E-7
2.82E-7
5.75E-7
3.64E-7
3.73E-7
2.66E-7
2.81E-7
4.37E-7
1.472E-6
1.968E-6
4.705E-6
3.06E-7
3.266E-6
3.82E-7
3.22E-7
1.695E-6
6.377E-6
1.229E-6
3.48E-7
3.02E-7
6.259E-6
3.7E-7
4.23E-7
5.803E-6
4.41E-7
4.07E-7
2.84E-7
8.57E-7
3.08E-7
2.8E-7
4.794E-6
4.41E-7
3.24E-7
3.58E-7
4.15E-7
3.59E-7
9.39E-7
4.69E-7
7.24E-7
2.7E-7
3.19E-7
3.93E-7
2.92E-7
3.42E-7
2.87E-7
7.03E-7
3.15E-7
5.12E-7
3.51E-7
6.81E-7
3.47E-7
9.47E-7
3.6E-7
3.63E-7
2.56E-7
3.592E-6
3.2E-7
5.112E-6
3.32E-7
2.67E-7
9.27E-7
3.23E-7
1.645E-6
2.82E-7
2.82E-7
9.29E-7
2.8E-7
3.87E-7
5.154E-6
6.2E-6
3.5E-7
3.48E-7
9.78E-7
3.01E-7
2.89E-7
2.59E-7
3.242E-6
1.079E-6
2.8E-7
3.53E-7
1.45E-6
2.83E-7
2.74E-7
4.52E-6
3.26E-7
3.25E-7
3.44E-7
3.5E-7
3.45E-7
1.243E-6
5.42E-7
3.55E-7
2.77E-7
1.009E-6
2.88E-7
3.76E-7
3.613E-6
2.94E-7
4.986E-6
3.13E-7
1.585E-6
7.99E-7
3.36E-7
6.81E-7
3.505E-6
6.33E-7
2.81E-7
1.292E-6
2.89E-7
3.98E-7
1.788E-6
2.98E-7
4.56E-7
4.29E-7
3.26E-7
4.26E-7
3.53E-7
3.79E-7
1.635E-6
5.65E-7
4.01E-7
3.43E-7
3.97E-7
6.48E-6
3.156E-6
3.69E-7
4.17E-7
2.89E-7
3.84E-7
2.84E-7
7.18E-7
1.727E-6
2.75E-7
3.4E-7
6.289E-6
6.608E-6
3.19E-7
5.822E-6
3.0E-7
8.67E-7
4.761E-6
5.166E-6
7.51E-7
1.164E-6
4.0E-7
1.914E-6
6.66E-7
2.8E-7
3.26E-7
4.9E-7
3.38E-7
3.89E-7
2.85E-7
4.28E-7
4.46E-7
6.92E-7
1.01E-6
2.54E-7
6.705E-6
2.82E-7
5.61E-7
2.83E-7
4.076E-6
4.316E-6
2.7E-7
3.61E-7
3.53E-7
3.43E-7
3.51E-7
9.13E-7
3.32E-7
2.69E-7
1.176E-6
3.35E-7
2.47E-7
3.15E-7
7.934E-6
6.576E-6
3.21E-7
1.545E-6
4.84E-7
2.75E-7
4.427E-6
5.16E-7
4.18E-7
3.22E-7
6.777E-6
2.96E-7
2.85E-7
5.728E-6
2.97E-7
7.281E-6
3.08E-7
4.03E-7
3.18E-7
1.1E-6
4.115E-6
3.04E-7
7.334E-6
5.52E-6
6.114E-6
3.1E-7
5.04E-7
2.83E-7
5.533E-6
9.64E-7
2.9E-7
2.95E-7
2.78E-7
2.94E-7
2.63E-7
1.184E-6
3.65E-7
2.87E-7
2.8E-7
3.73E-7
7.366E-6
4.36E-7
3.57E-7
3.24E-7
7.374E-6
4.1E-7
2.99E-7
4.359E-6
5.562E-6
5.401E-6
3.19E-7
1.898E-6
3.88E-7
5.25E-7
7.734E-6
3.02E-7
5.69E-7
6.983E-6
3.73E-7
2.412E-6
4.43E-7
3.64E-7
8.63E-7
2.8E-7
4.18E-7
3.19E-7
4.1E-7
4.4E-7
5.896E-6
8.62E-6
3.46E-7
3.66E-7
4.74E-7
5.213E-6
3.3E-7
2.82E-7
1.123E-6
2.812E-6
3.14E-7
3.53E-7
4.3E-7
3.99E-7
4.33E-7
9.54E-7
4.21E-7
3.03E-7
4.06E-7
7.512E-6
3.15E-7
1.441E-6
3.1E-7
1.54E-6
3.44E-7
4.02E-7
8.28E-7
3.76E-7
3.95E-7
4.71E-7
5.011E-6
3.69E-7
7.769E-6
3.83E-7
1.063E-6
4.35E-7
3.34E-7
5.125E-6
4.24E-7
4.06E-7
1.89E-6
4.44E-7
1.109E-6
5.86E-7
5.3E-7
3.27E-7
4.43E-7
6.7E-6
3.97E-7
4.35E-7
6.681E-6
7.48E-7
5.28E-7
5.92E-7
4.18E-7
6.6E-7
2.625E-6
6.15E-7
4.35E-7
6.71E-6
4.152E-6
3.91E-7
4.03E-7
3.445E-6
2.95E-7
3.86E-7
7.578E-6
7.705E-6
6.32E-7
3.77E-7
4.07E-7
2.8E-7
7.821E-6
4.31E-7
7.49E-7
2.99E-7
1.391E-6
1.357E-6
3.02E-7
6.8E-7
3.728E-6
3.97E-7
3.76E-7
6.945E-6
6.646E-6
3.44E-7
2.506E-6
4.31E-7
6.472E-6
3.94E-7
3.72E-7
4.31E-7
2.95E-7
5.004E-6
4.73E-7
3.51E-7
3.768E-6
3.05E-7
5.17E-7
8.233E-6
2.09E-6
3.36E-7
1.736E-6
3.97E-7
4.64E-7
6.5E-7
3.29E-7
1.244E-6
6.201E-6
5.49E-7
2.78E-7
4.39E-7
4.82E-7
3.95E-7
6.89E-7
5.68E-7
4.1E-7
5.572E-6
7.322E-6
3.24E-7
5.853E-6
5.12E-7
3.92E-7
6.265E-6
1.481E-6
7.79E-7
9.05E-7
3.61E-7
7.77E-7
1.051E-6
3.5E-7
7.327E-6
4.55E-7
4.31E-7
3.02E-7
7.94E-7
7.12E-6
3.47E-7
4.57E-7
7.571E-6
3.08E-7
5.145E-6
3.02E-7
7.108E-6
2.89E-7
6.339E-6
2.85E-7
8.016E-6
3.64E-7
7.461E-6
1.176E-6
2.83E-7
6.48E-7
3.46E-7
5.48E-7
6.25E-7
2.67E-7
3.75E-7
3.63E-7
4.45E-7
8.61E-6
2.92E-7
2.96E-7
3.46E-7
5.449E-6
3.05E-7
3.781E-6
2.85E-7
8.71E-7
4.15E-7
2.93E-7
2.68E-7
1.429E-6
2.9E-7
2.516E-6
3.17E-7
2.72E-7
6.064E-6
5.07E-7
5.949E-6
3.0E-7
5.86E-7
3.54E-7
2.58E-7
2.59E-7
1.411E-6
3.15E-7
2.65E-7
6.78E-7
3.169E-6
3.67E-7
7.103E-6
6.961E-6
4.22E-7
2.85E-7
3.77E-7
1.484E-6
5.304E-6
7.33E-7
4.61E-7
3.83E-7
3.22E-7
3.32E-7
8.36E-7
3.95E-7
6.91E-7
5.857E-6
3.05E-7
7.213E-6
3.35E-7
5.379E-6
3.28E-7
3.076E-6
3.09E-7
2.893E-6
3.84E-7
9.49E-7
6.84E-7
6.486E-6
4.01E-7
5.71E-7
3.69E-7
7.269E-6
3.78E-7
3.33E-7
2.91E-7
3.96E-7
1.36E-6
2.85E-7
7.41E-7
1.994E-6
3.1E-7
4.26E-7
4.094E-6
2.94E-7
4.024E-6
3.45E-7
8.21E-7
4.43E-7
2.945E-6
3.22E-7
4.39E-7
1.744E-6
4.09E-7
4.08E-7
3.88E-7
3.04E-7
3.62E-7
2.2E-6
4.11E-7
8.924E-6
3.01E-7
3.0E-7
7.051E-6
3.11E-7
6.62E-7
9.79E-7
5.08E-7
3.53E-7
2.81E-7
8.438E-6
3.99E-7
5.66E-7
3.44E-7
4.77E-7
2.76E-7
7.52E-7
2.76E-7
8.361E-6
8.684E-6
2.79E-7
8.644E-6
8.766E-6
4.18E-7
1.013E-6
8.49E-7
4.82E-7
4.707E-6
5.26E-7
3.43E-7
9.9E-7
2.282E-6
3.4E-7
4.23E-6
5.845E-6
6.48E-7
6.95E-7
7.378E-6
2.84E-7
1.799E-6
3.27E-7
1.674E-6
2.91E-7
2.77E-7
5.501E-6
4.12E-7
4.84E-7
3.11E-7
3.64E-7
8.629E-6
8.851E-6
3.28E-7
1.973E-6
7.88E-7
2.72E-7
1.243E-6
5.271E-6
3.17E-7
3.15E-7
2.59E-7
2.075E-6
2.73E-7
2.75E-7
3.59E-7
3.6E-7
2.269E-6
2.92E-7
4.27E-7
4.69E-7
2.51E-7
3.51E-7
2.63E-7
2.93E-7
7.1E-6
4.64E-7
2.87E-7
2.62E-7
4.18E-7
7.007E-6
3.34E-7
3.32E-7
3.51E-7
3.07E-7
4.29E-7
2.854E-6
3.91E-7
3.381E-6
2.92E-7
4.479E-6
6.5E-7
9.217E-6
2.89E-7
5.523E-6
3.0E-7
3.19E-7
3.24E-7
4.71E-7
2.51E-7
3.08E-7
2.237E-6
3.37E-7
6.22E-7
6.219E-6
4.0E-7
4.27E-7
4.78E-7
3.84E-7
5.898E-6
6.104E-6
6.0E-7
5.42E-7
3.42E-7
9.39E-7
2.164E-6
4.75E-7
3.48E-7
4.33E-7
6.025E-6
3.07E-7
6.494E-6
3.07E-7
3.6E-7
5.816E-6
3.63E-7
2.91E-7
5.526E-6
3.16E-7
4.97E-7
9.419E-6
3.44E-7
9.352E-6
5.06E-7
3.27E-7
3.41E-7
3.88E-7
8.646E-6
3.18E-7
8.816E-6
3.02E-7
2.98E-7
5.481E-6
3.13E-7
6.8E-7
4.196E-6
6.16E-7
3.33E-7
9.262E-6
5.924E-6
3.09E-7
9.81E-7
2.57E-7
5.848E-6
2.77E-7
3.09E-7
3.17E-7
5.0E-7
2.63E-7
6.164E-6
7.768E-6
5.922E-6
5.91E-6
5.68E-7
2.77E-7
6.607E-6
3.05E-7
3.99E-7
9.251E-6
9.305E-6
3.88E-7
3.35E-7
2.98E-7
8.88E-7
2.957E-6
2.99E-7
3.99E-7
2.752E-6
4.5E-7
2.83E-7
4.88E-7
4.1E-7
9.17E-7
5.14E-7
2.73E-7
2.76E-7
2.69E-7
8.368E-6
9.26E-7
3.76E-7
7.645E-6
9.185E-6
6.52E-6
3.92E-7
6.61E-7
3.43E-7
2.95E-7
4.07E-7
2.74E-7
2.76E-7
9.762E-6
2.92E-7
2.117E-6
6.21E-7
4.85E-7
9.384E-6
3.79E-7
3.77E-7
2.97E-7
7.77E-7
2.79E-7
1.099E-6
3.13E-7
3.18E-7
8.23E-7
2.69E-7
9.3E-7
6.92E-7
3.49E-7
7.752E-6
3.84E-7
2.89E-7
6.137E-6
9.26E-6
5.0E-7
4.719E-6
4.48E-7
2.63E-7
3.27E-7
1.277E-6
4.396E-6
2.87E-7
2.79E-7
3.83E-7
1.905E-6
5.28E-7
3.21E-7
9.489E-6
3.16E-7
3.76E-7
2.66E-7
2.46E-7
9.98E-6
3.24E-7
3.46E-7
4.24E-7
9.94E-6
8.93E-7
3.15E-7
3.64E-7
2.78E-7
3.66E-7
4.23E-7
3.26E-7
1.0745E-5
4.2E-7
4.35E-7
1.043E-6
2.77E-7
4.88E-7
2.76E-7
5.68E-7
6.3E-7
3.4E-7
4.83E-7
4.64E-7
9.639E-6
3.03E-7
4.827E-6
3.84E-7
1.0357E-5
9.438E-6
3.75E-7
1.935E-6
9.03E-7
3.51E-7
2.88E-7
4.18E-7
4.17E-7
4.14E-7
6.73E-7
5.04E-7
7.3E-7
3.75E-7
1.087E-6
2.87E-7
8.51E-7
6.87E-7
4.0E-7
3.09E-7
3.71E-7
4.29E-7
6.64E-7
3.16E-7
4.71E-7
5.9E-7
3.29E-7
3.05E-7
3.52E-7
2.7E-7
3.08E-7
9.518E-6
6.973E-6
3.13E-7
9.775E-6
4.467E-6
4.45E-7
2.952E-6
6.456E-6
1.034E-6
1.091E-6
7.52E-7
4.98E-7
4.64E-7
2.82E-7
4.771E-6
8.029E-6
9.943E-6
5.86E-7
5.19E-7
3.43E-7
3.25E-7
4.33E-7
3.97E-7
3.25E-7
1.1184E-5
3.73E-7
4.24E-7
9.406E-6
3.3E-7
3.64E-7
8.439E-6
7.04E-7
9.037E-6
4.53E-7
7.47E-7
6.01E-7
3.33E-7
3.02E-7
5.16E-7
9.272E-6
3.24E-7
9.74E-6
3.92E-7
4.21E-7
9.563E-6
6.55E-7
5.994E-6
2.9E-7
5.93E-7
9.274E-6
3.3E-7
6.838E-6
3.58E-7
9.585E-6
7.014E-6
8.891E-6
7.27E-7
3.81E-7
1.72E-6
2.9E-7
7.876E-6
8.736E-6
3.2E-7
7.527E-6
6.444E-6
3.53E-7
3.92E-7
9.622E-6
3.9E-7
4.47E-7
2.83E-7
8.67E-6
3.28E-7
2.768E-6
1.24E-6
3.27E-7
2.68E-7
1.416E-6
3.3E-7
7.305E-6
4.14E-7
8.106E-6
1.678E-6
2.86E-7
2.221E-6
6.19E-7
6.39E-7
2.66E-7
1.151E-6
3.5E-6
2.96E-7
3.346E-6
4.03E-7
1.362E-6
9.061E-6
6.97E-7
4.54E-7
3.89E-7
6.905E-6
2.94E-7
7.378E-6
3.15E-7
3.75E-7
5.07E-7
4.06E-7
1.053E-6
2.79E-7
1.0591E-5
3.23E-7
2.69E-7
6.871E-6
3.82E-7
3.04E-7
9.276E-6
7.191E-6
3.99E-7
3.99E-7
3.27E-7
3.13E-7
5.26E-7
4.01E-7
9.475E-6
3.56E-7
3.848E-6
3.32E-7
6.233E-6
3.12E-7
2.69E-7
2.011E-6
2.84E-7
2.93E-7
4.17E-7
7.957E-6
2.99E-7
9.601E-6
9.56E-7
3.72E-7
5.261E-6
3.57E-7
3.0E-7
3.19E-7
4.102E-6
3.0E-7
2.71E-7
8.119E-6
1.0601E-5
1.124E-6
3.62E-7
1.0793E-5
3.59E-7
3.17E-7
1.227E-6
4.25E-7
3.05E-7
1.0042E-5
1.351E-6
2.7E-7
3.455E-6
1.0935E-5
3.3E-7
3.63E-7
8.69E-7
2.89E-7
4.64E-7
4.52E-7
3.32E-7
2.64E-7
3.59E-7
9.462E-6
2.97E-7
2.887E-6
2.97E-7
5.616E-6
2.63E-7
1.63E-6
2.5E-7
3.04E-7
1.413E-6
9.26E-6
2.98E-7
3.15E-7
3.46E-7
3.79E-7
1.0748E-5
3.21E-7
3.16E-7
8.667E-6
3.31E-7
3.609E-6
2.93E-7
7.132E-6
6.26E-7
1.093E-5
3.23E-7
3.39E-7
1.089E-5
9.77E-7
2.93E-7
2.59E-7
4.8E-7
3.09E-7
1.314E-6
2.72E-7
3.21E-7
4.78E-7
2.59E-7
2.84E-7
1.0472E-5
6.85E-7
2.77E-7
1.0534E-5
3.01E-7
4.43E-7
7.767E-6
3.35E-7
1.886E-6
3.61E-7
4.0E-7
6.58E-7
2.87E-7
4.48E-7
4.25E-7
2.85E-7
5.03E-7
1.574E-6
2.91E-7
4.442E-6
3.03E-7
3.22E-7
3.24E-7
3.4E-7
5.281E-6
7.281E-6
3.19E-7
3.28E-7
6.905E-6
9.136E-6
2.95E-7
1.755E-6
1.755E-6
3.98E-7
9.938E-6
4.35E-7
3.02E-7
4.02E-7
8.639E-6
1.095E-5
3.57E-7
3.12E-7
4.53E-7
4.45E-7
4.27E-7
1.602E-6
2.841E-6
2.77E-7
5.514E-6
4.49E-7
3.21E-7
8.179E-6
1.064E-6
9.877E-6
4.29E-7
8.84E-7
9.059E-6
3.25E-7
3.36E-7
3.22E-7
1.0711E-5
3.68E-7
1.915E-6
6.362E-6
3.0E-7
3.258E-6
3.2E-7
1.331E-6
2.93E-7
1.664E-6
5.18E-7
5.33E-7
2.81E-7
1.323E-6
8.98E-7
1.159E-6
3.27E-7
1.218E-6
4.27E-7
2.65E-7
3.74E-7
3.06E-7
3.36E-7
4.76E-7
1.153E-6
1.1024E-5
1.0306E-5
3.13E-7
2.61E-7
2.95E-7
5.56E-7
1.0441E-5
3.32E-7
8.963E-6
4.04E-7
8.139E-6
3.62E-7
3.03E-7
7.09E-7
1.399E-6
2.69E-7
1.0872E-5
4.26E-7
7.03E-7
3.38E-7
1.813E-6
4.7E-7
3.94E-7
2.79E-7
6.101E-6
5.85E-7
4.85E-7
8.665E-6
8.427E-6
3.107E-6
3.95E-7
1.1342E-5
3.59E-7
2.919E-6
4.54E-7
1.0047E-5
3.12E-7
6.111E-6
3.51E-7
2.93E-6
5.15E-7
5.43E-7
3.95E-7
1.085E-5
3.58E-7
4.19E-7
6.097E-6
3.95E-7
4.31E-7
3.67E-7
7.181E-6
5.573E-6
3.08E-7
3.47E-7
2.95E-7
2.92E-7
6.121E-6
9.556E-6
9.35E-7
8.923E-6
1.566E-6
4.52E-7
2.98E-7
1.788E-6
4.18E-7
2.761E-6
3.12E-7
6.885E-6
1.279E-6
1.51E-6
3.59E-7
9.079E-6
7.873E-6
9.89E-7
1.0858E-5
3.38E-7
2.97E-7
5.24E-7
8.933E-6
3.15E-7
5.37E-7
4.56E-7
4.62E-7
1.1112E-5
4.31E-7
2.77E-7
2.383E-6
1.0548E-5
3.41E-7
6.96E-7
4.634E-6
9.663E-6
2.85E-7
2.63E-7
9.37E-7
5.47E-7
7.77E-6
2.97E-7
7.993E-6
3.11E-7
3.54E-7
5.86E-7
3.78E-7
2.82E-7
8.52E-7
8.75E-7
2.82E-7
2.57E-7
6.574E-6
1.656E-6
3.11E-7
3.86E-7
5.03E-7
4.716E-6
2.78E-7
1.1279E-5
4.399E-6
2.84E-7
4.52E-7
2.841E-6
3.95E-7
9.2E-7
1.769E-6
2.73E-7
3.23E-7
9.69E-7
4.2E-7
6.802E-6
4.46E-7
3.79E-7
3.31E-7
4.22E-7
3.22E-7
1.2513E-5
4.12E-7
5.3E-7
8.72E-7
9.678E-6
9.581E-6
6.23E-6
6.82E-7
8.314E-6
1.12E-6
1.1075E-5
3.45E-7
4.41E-7
9.591E-6
3.32E-7
5.98E-7
3.49E-7
9.637E-6
1.1601E-5
4.63E-7
3.48E-7
9.382E-6
4.16E-7
7.94E-7
1.104E-5
3.04E-7
9.199E-6
8.819E-6
9.128E-6
3.08E-7
8.773E-6
3.38E-7
3.75E-7
3.55E-7
5.862E-6
3.07E-7
8.455E-6
3.1E-7
3.5E-7
1.386E-6
5.84E-7
5.44E-7
7.58E-7
6.62E-7
7.175E-6
3.51E-7
4.01E-7
6.495E-6
4.23E-7
3.54E-7
3.74E-7
5.88E-7
3.13E-7
3.96E-7
5.65E-7
3.83E-7
4.02E-7
4.26E-7
9.727E-6
3.4E-7
7.54E-7
3.52E-7
3.83E-7
3.12E-7
1.341E-6
1.1835E-5
1.1329E-5
1.0428E-5
4.48E-7
6.2E-7
3.38E-7
4.09E-7
3.09E-7
1.073E-6
4.97E-7
6.841E-6
8.87E-7
2.386E-6
1.456E-5
5.78E-7
1.2531E-5
5.14E-7
2.285E-5
8.9E-7
1.2797E-5
5.05E-7
1.5894E-5
6.05E-7
1.0774E-5
1.492E-6
1.8428E-5
6.34E-7
1.7548E-5
6.62E-7
8.56E-7
1.989E-6
5.26E-7
2.668E-6
6.136E-6
1.3246E-5
4.91E-7
8.47E-7
1.171E-6
6.63E-7
5.811E-6
4.34E-7
2.328E-6
1.1631E-5
1.3851E-5
9.74E-7
7.13E-7
2.11E-6
5.08E-7
5.66E-7
1.7633E-5
5.25E-7
4.68E-7
1.507E-6
6.42E-7
1.7165E-5
5.21E-7
5.79E-7
4.32E-7
7.91E-7
2.07E-6
4.42E-7
5.89E-7
6.58E-6
6.01E-7
1.149E-6
7.6E-7
6.53E-7
8.59E-7
2.446E-6
5.73E-7
2.0034E-5
4.81E-7
1.8841E-5
2.044E-6
1.6753E-5
5.03E-7
1.0773E-5
1.3536E-5
4.66E-7
6.54E-7
7.615E-6
1.3549E-5
4.17E-7
1.8908E-5
1.8493E-5
4.78E-7
7.02E-7
5.67E-7
4.03E-7
1.4396E-5
7.6E-7
8.01E-7
1.446E-5
1.017E-6
6.13E-7
1.7536E-5
4.72E-7
7.82E-7
1.4453E-5
4.8E-7
5.61E-7
9.758E-6
9.3E-7
2.1054E-5
6.82E-7
2.3013E-5
7.38E-7
1.2E-6
1.982E-5
8.53E-7
1.6093E-5
1.4302E-5
5.81E-7
8.65E-7
4.96E-7
2.1291E-5
1.7271E-5
5.61E-7
5.34E-7
4.64E-6
5.28E-7
1.2892E-5
8.826E-6
5.88E-7
1.051E-6
1.7606E-5
1.2315E-5
8.56E-7
6.78E-7
4.5E-7
1.582E-6
1.7347E-5
5.13E-7
2.314E-6
5.03E-7
4.81E-7
1.7182E-5
5.67E-7
2.3516E-5
8.71E-7
2.0548E-5
7.106E-6
9.018E-6
5.3E-7
2.163E-5
5.16E-7
1.5166E-5
4.6E-7
1.7546E-5
6.14E-7
2.0836E-5
5.18E-7
2.0367E-5
7.9E-7
5.27E-7
5.718E-6
5.9E-7
2.1161E-5
1.284E-6
1.5599E-5
4.49E-7
7.61E-7
4.26E-7
1.144E-6
1.9924E-5
5.93E-7
2.2479E-5
5.69E-7
6.47E-7
8.703E-6
1.323E-6
1.9961E-5
8.96E-7
7.04E-7
6.18E-7
4.5E-7
1.8659E-5
5.58E-7
5.85E-7
4.81E-7
2.0869E-5
9.11E-7
4.48E-7
5.15E-7
1.7509E-5
4.98E-7
6.07E-7
8.72E-7
4.39E-7
6.61E-7
8.36E-7
8.456E-6
3.269E-6
4.98E-7
1.1083E-5
6.6E-7
6.19E-7
2.2121E-5
5.18E-7
5.16E-7
5.57E-7
1.7685E-5
5.93E-7
1.641E-6
2.0035E-5
6.92E-7
4.51E-7
2.0965E-5
5.66E-7
4.42E-7
2.733E-6
5.88E-7
4.27E-7
5.02E-7
5.81E-7
8.8E-7
7.64E-7
3.64E-7
1.209E-6
7.41E-7
2.2438E-5
1.062E-6
5.18E-7
5.31E-7
1.2705E-5
2.0811E-5
8.37E-7
1.284E-6
2.131E-6
5.55E-7
6.84E-7
6.76E-7
1.995E-6
4.29E-7
6.8E-7
4.29E-7
8.17E-7
3.279E-6
5.65E-7
1.7502E-5
1.5428E-5
9.999E-6
5.29E-7
1.0981E-5
8.8E-7
7.48E-7
1.2329E-5
5.53E-7
5.92E-7
4.65E-7
5.3E-7
6.32E-7
4.2E-7
2.311E-6
4.68E-7
1.6118E-5
5.03E-7
5.7E-7
1.2162E-5
5.0E-7
1.014E-6
4.8E-7
3.96E-7
1.1939E-5
1.917E-6
1.913E-6
1.183E-6
1.8078E-5
9.88E-7
6.97E-7
6.56E-7
5.49E-7
5.76E-7
6.86E-7
9.13E-7
9.722E-6
1.436E-6
4.92E-7
4.69E-7
2.043E-6
5.13E-7
1.6728E-5
8.54E-7
7.22E-7
4.05E-7
1.761E-6
8.0E-7
1.5372E-5
5.55E-7
4.48E-7
1.807E-6
4.3E-7
4.79E-7
1.78E-6
4.73E-7
7.21E-7
6.75E-7
1.584E-5
5.82E-7
6.93E-7
6.078E-6
4.44E-7
6.25E-7
1.5716E-5
6.24E-7
7.27E-7
2.118E-6
7.26E-7
5.26E-7
1.4756E-5
1.1783E-5
5.93E-7
6.237E-6
5.57E-7
1.197E-6
4.35E-7
1.198E-6
6.23E-7
4.39E-7
4.8E-7
1.825E-6
5.82E-7
1.7411E-5
1.0677E-5
5.81E-7
4.84E-7
5.9E-7
7.78E-7
3.92E-7
4.85E-7
6.85E-7
1.0265E-5
7.23E-7
6.1E-7
8.34E-7
6.6E-7
1.6438E-5
7.24E-7
1.787E-6
6.49E-7
1.032E-6
4.47E-7
4.94E-7
2.2673E-5
8.12E-7
8.823E-6
1.955E-6
1.2964E-5
4.8E-7
7.31E-7
1.9453E-5
2.147E-6
1.5376E-5
5.83E-7
6.64E-7
1.097E-6
2.3134E-5
5.85E-7
5.65E-7
4.3E-7
6.27E-7
4.86E-7
8.14E-7
5.31E-7
1.622E-6
2.0259E-5
4.59E-7
7.09E-7
1.008E-5
1.2426E-5
7.21E-7
1.209E-6
1.527E-6
8.38E-7
1.1276E-5
4.76E-7
9.717E-6
2.097E-6
7.3E-7
2.528E-6
5.6E-6
1.809E-6
4.47E-7
2.1859E-5
5.588E-6
4.88E-7
6.8E-7
7.58E-7
2.0503E-5
5.6E-7
1.365E-6
9.059E-6
1.157E-6
7.536E-6
5.53E-7
5.161E-6
6.85E-7
4.11E-7
8.41E-7
1.5958E-5
9.32E-7
2.365E-6
8.17E-7
1.3591E-5
4.84E-7
4.23E-7
4.963E-6
7.24E-7
3.624E-6
6.15E-7
1.8899E-5
5.6E-7
8.28E-7
6.19E-7
1.2499E-5
3.181E-6
8.83E-7
7.17E-7
7.08E-7
1.1025E-5
8.79E-7
5.76E-7
1.3477E-5
8.27E-7
1.3634E-5
8.73E-7
1.5481E-5
6.54E-7
9.47E-7
9.73E-7
4.65E-7
4.91E-7
6.44E-7
2.1691E-5
9.19E-7
1.559E-5
4.86E-7
2.0454E-5
1.3139E-5
7.54E-7
8.57E-7
5.98E-7
1.078E-6
1.6598E-5
2.0706E-5
4.95E-7
5.733E-6
6.65E-7
5.87E-7
1.2689E-5
2.2391E-5
5.52E-7
1.7263E-5
2.41E-6
7.99E-6
4.16E-7
1.3809E-5
4.87E-7
2.506E-6
1.8846E-5
7.03E-7
5.89E-7
4.24E-7
7.47E-7
2.2994E-5
7.4E-7
9.2E-7
4.55E-7
7.78E-7
2.118E-6
7.45E-7
1.8055E-5
5.48E-7
5.81E-7
9.651E-6
4.37E-7
2.266E-5
1.8117E-5
5.0E-7
6.21E-7
4.03E-7
5.0E-7
2.1702E-5
1.753E-6
7.51E-7
1.9388E-5
5.65E-7
1.8641E-5
1.3935E-5
5.06E-7
6.97E-7
2.2353E-5
5.63E-7
4.72E-7
1.172E-6
5.133E-6
1.3214E-5
1.537E-6
8.41E-7
2.945E-6
7.18E-7
1.4061E-5
1.5922E-5
4.92E-7
5.08E-7
3.151E-6
4.59E-7
2.829E-6
4.14E-7
6.14E-7
1.2402E-5
1.3106E-5
5.75E-7
1.386E-6
1.5881E-5
5.02E-7
9.13E-7
4.34E-7
1.0536E-5
1.2436E-5
6.135E-6
8.43E-6
6.38E-7
5.49E-7
5.19E-7
1.5549E-5
1.682E-6
2.3825E-5
1.358E-6
3.072E-6
5.11E-7
6.29E-7
6.67E-7
1.019E-6
4.01E-7
1.0496E-5
4.85E-7
5.43E-7
3.051E-6
5.29E-7
2.8973E-5
7.9E-7
1.4065E-5
4.67E-7
5.234E-6
5.31E-7
9.74E-7
3.278E-6
3.143E-6
1.5975E-5
5.15E-7
8.616E-6
6.08E-7
1.065E-5
5.21E-7
1.599E-6
1.451E-6
1.0E-6
1.61E-6
1.4973E-5
4.68E-7
4.43E-7
1.3916E-5
3.4E-7
1.3619E-5
3.61E-7
2.74E-7
3.21E-7
1.5705E-5
5.13E-7
1.4145E-5
4.09E-7
1.2326E-5
3.01E-7
4.909E-6
6.81E-7
1.079E-6
3.61E-6
2.44E-7
1.0876E-5
2.81E-7
3.55E-7
1.4399E-5
1.331E-6
1.158E-6
2.65E-7
1.3271E-5
3.05E-7
1.287E-6
1.1021E-5
3.19E-7
1.038E-5
4.12E-7
5.09E-7
2.76E-7
4.34E-7
3.023E-6
3.18E-7
8.25E-7
2.71E-7
1.0524E-5
7.77E-7
1.1509E-5
3.97E-7
4.99E-7
1.0233E-5
3.13E-7
2.72E-7
1.329E-6
2.69E-7
2.94E-7
2.99E-7
6.14E-7
6.33E-7
1.4295E-5
9.302E-6
3.4E-7
1.3019E-5
1.258E-5
4.65E-7
5.42E-7
9.49E-7
2.92E-7
7.56E-6
3.81E-7
4.36E-7
2.025E-6
1.0955E-5
3.07E-7
2.65E-7
9.6E-7
3.29E-7
4.54E-7
2.93E-7
8.656E-6
3.85E-7
3.8E-7
1.4069E-5
6.22E-7
1.2788E-5
8.64E-7
6.11E-7
4.92E-7
7.804E-6
3.11E-7
1.5767E-5
3.57E-7
3.42E-7
1.4096E-5
1.4187E-5
9.73E-7
2.99E-7
1.3231E-5
1.3901E-5
1.4092E-5
3.22E-7
1.2403E-5
5.75E-7
7.604E-6
2.88E-7
2.68E-7
4.06E-7
1.2728E-5
8.61E-7
9.434E-6
1.3723E-5
3.36E-7
1.2011E-5
3.24E-7
3.0E-7
1.3773E-5
3.21E-7
6.126E-6
5.56E-7
4.07E-7
1.1892E-5
4.44E-7
3.53E-7
8.019E-6
2.95E-7
9.503E-6
1.661E-6
1.319E-5
1.852E-6
1.3673E-5
3.64E-7
3.76E-7
3.68E-7
3.12E-7
7.66E-7
1.024E-6
2.93E-7
2.54E-7
4.43E-7
3.01E-7
9.45E-6
3.94E-7
4.92E-7
7.49E-7
3.32E-7
1.4075E-5
4.42E-7
2.89E-7
2.91E-7
4.29E-7
1.641E-6
3.83E-7
9.08E-7
1.4673E-5
3.11E-7
1.4296E-5
3.17E-7
3.81E-7
4.13E-7
3.387E-6
9.406E-6
3.09E-7
1.2059E-5
3.41E-7
3.02E-7
4.0E-7
1.995E-6
3.37E-7
1.0445E-5
7.04E-6
5.78E-7
2.85E-7
1.3464E-5
3.72E-7
3.19E-7
4.85E-7
9.095E-6
1.706E-6
3.82E-7
2.7E-7
4.58E-7
1.1952E-5
3.52E-7
4.99E-7
4.02E-7
3.157E-6
1.479E-5
4.23E-7
3.32E-7
1.912E-6
2.85E-7
6.382E-6
9.281E-6
8.57E-7
1.4587E-5
4.47E-7
9.475E-6
4.07E-7
1.2502E-5
4.32E-7
8.41E-7
9.174E-6
3.53E-7
1.4502E-5
4.26E-7
3.2E-7
1.5055E-5
4.56E-7
3.39E-7
9.789E-6
5.38E-7
3.4E-7
5.36E-7
3.24E-7
2.72E-7
1.2406E-5
2.97E-7
5.752E-6
2.65E-7
2.83E-7
4.32E-7
4.4E-7
4.42E-7
1.392E-6
1.7265E-5
1.545E-6
1.2763E-5
1.452E-6
1.2342E-5
1.266E-5
3.31E-7
3.26E-7
2.73E-7
9.49E-6
5.66E-7
1.4141E-5
3.37E-7
8.19E-7
4.46E-7
7.673E-6
1.029E-6
1.2537E-5
8.06E-7
1.4467E-5
3.1E-7
1.2855E-5
2.8E-7
4.04E-7
2.57E-7
3.34E-7
1.2849E-5
3.06E-7
2.51E-7
6.39E-7
2.72E-7
5.24E-7
3.63E-7
4.82E-7
3.098E-6
1.4692E-5
1.5339E-5
4.47E-7
5.929E-6
1.521E-5
1.3479E-5
4.737E-6
2.97E-7
2.68E-7
1.4353E-5
1.3042E-5
5.24E-7
1.952E-6
3.58E-7
7.326E-6
4.31E-7
3.4E-7
7.893E-6
2.88E-7
5.09E-7
5.95E-7
5.56E-7
1.209E-6
3.79E-7
7.78E-7
3.35E-7
1.0593E-5
3.13E-7
1.439E-5
5.33E-7
6.02E-7
4.83E-7
3.96E-7
2.69E-7
3.91E-7
4.23E-7
2.61E-7
3.48E-7
2.58E-7
2.252E-6
6.69E-7
4.37E-7
7.168E-6
1.5379E-5
4.58E-7
2.55E-7
1.0168E-5
4.11E-7
1.509E-5
3.19E-7
3.27E-7
3.58E-7
4.01E-7
1.5179E-5
4.47E-7
1.4588E-5
1.4038E-5
1.292E-6
2.9E-7
1.5025E-5
3.78E-7
3.01E-7
3.54E-7
1.7678E-5
4.46E-7
3.66E-7
3.68E-7
3.69E-7
1.4219E-5
4.84E-7
4.9E-7
3.97E-7
3.26E-7
1.4798E-5
1.4145E-5
3.17E-7
3.69E-7
1.452E-5
5.17E-7
3.01E-7
1.5191E-5
4.982E-6
1.2756E-5
4.02E-7
2.57E-7
1.439E-5
5.05E-7
5.02E-7
1.4505E-5
3.34E-7
8.847E-6
4.23E-7
5.39E-7
1.676E-5
1.2937E-5
3.19E-7
4.53E-7
7.94E-7
2.95E-7
4.13E-7
3.19E-7
1.094E-5
7.17E-7
2.9E-7
2.712E-6
1.508E-5
4.76E-7
3.99E-7
6.31E-7
7.24E-7
3.13E-7
7.95E-7
4.33E-7
1.458E-6
8.105E-6
2.89E-7
1.4766E-5
3.26E-7
6.23E-7
1.375E-6
1.6232E-5
4.21E-7
1.3694E-5
5.82E-7
1.5441E-5
8.201E-6
3.98E-7
1.324E-6
3.27E-7
3.94E-7
4.19E-7
9.769E-6
2.74E-7
2.87E-7
2.78E-7
5.037E-6
3.14E-7
5.41E-7
3.92E-7
4.91E-7
1.4552E-5
3.18E-7
1.4136E-5
3.2E-7
2.75E-7
4.166E-6
8.017E-6
3.24E-7
1.0732E-5
1.0378E-5
3.59E-7
1.3567E-5
3.11E-7
3.58E-7
2.64E-7
5.21E-7
5.864E-6
1.0998E-5
2.99E-7
7.65E-7
1.034E-5
3.52E-7
5.54E-7
4.39E-7
1.0777E-5
5.87E-7
2.92E-7
1.4373E-5
4.54E-7
5.4E-7
5.67E-6
4.93E-7
3.23E-7
3.21E-7
3.69E-7
1.4533E-5
4.86E-7
5.75E-7
1.5296E-5
3.25E-7
1.5316E-5
1.46E-6
3.06E-7
1.6005E-5
1.4218E-5
3.27E-7
4.15E-7
1.104E-5
3.3E-7
3.41E-7
2.73E-7
1.431E-6
2.83E-7
1.4157E-5
1.871E-6
3.46E-7
1.198E-6
4.24E-7
1.4516E-5
4.73E-7
3.33E-7
5.2E-7
4.14E-7
2.75E-7
3.64E-7
4.2E-7
1.2908E-5
3.16E-7
4.0E-7
8.792E-6
3.61E-7
3.02E-7
3.78E-7
2.99E-7
2.87E-7
2.9E-7
1.99E-6
5.737E-6
1.282E-6
1.277E-6
1.0992E-5
3.55E-7
2.98E-7
5.738E-6
2.572E-6
6.15E-7
4.7E-7
2.9E-7
1.0241E-5
4.22E-7
1.046E-5
3.05E-7
3.9E-7
3.56E-7
2.83E-7
2.176E-6
5.34E-7
1.169E-6
3.35E-7
2.91E-7
2.78E-7
1.4354E-5
3.45E-7
4.04E-7
1.0658E-5
1.6183E-5
3.25E-7
1.1904E-5
3.3E-7
2.93E-7
8.552E-6
1.3426E-5
3.9E-7
2.94E-7
1.0461E-5
3.27E-7
3.55E-7
2.212E-6
2.72E-7
4.1E-7
1.1013E-5
2.94E-7
1.4043E-5
3.11E-7
1.4762E-5
2.94E-7
6.78E-7
3.251E-6
1.858E-6
3.58E-7
6.798E-6
3.67E-7
3.83E-7
1.4571E-5
3.62E-7
1.4423E-5
4.19E-7
1.4732E-5
1.35E-6
4.07E-7
1.4438E-5
4.15E-7
4.12E-7
1.4393E-5
1.0722E-5
1.5155E-5
3.14E-7
2.71E-7
1.5605E-5
3.1E-7
1.0979E-5
3.23E-7
2.67E-7
1.238E-5
9.863E-6
3.07E-7
1.291E-6
1.6628E-5
3.14E-7
1.5554E-5
3.31E-7
5.34E-7
4.56E-7
3.98E-7
2.99E-7
4.47E-7
9.288E-6
3.08E-7
2.9E-7
1.0781E-5
3.34E-7
1.5008E-5
1.014E-6
2.93E-7
3.34E-7
1.026E-6
4.33E-7
2.53E-7
2.63E-7
3.53E-7
1.6168E-5
3.47E-7
1.3002E-5
3.51E-7
2.58E-7
1.977E-6
2.72E-7
2.9E-7
2.61E-7
5.18E-7
3.29E-7
4.61E-7
4.7E-7
1.0564E-5
3.26E-7
4.02E-7
4.975E-6
2.75E-7
3.55E-7
2.58E-7
1.4494E-5
2.95E-7
3.94E-7
9.561E-6
3.15E-7
2.92E-7
1.5232E-5
3.57E-7
4.96E-7
1.472E-5
3.44E-7
1.167E-6
3.21E-7
1.6452E-5
6.23E-7
3.26E-7
1.475E-5
4.41E-7
3.4E-7
4.501E-6
1.6606E-5
7.64E-6
1.068E-6
5.65E-7
3.38E-7
2.88E-7
8.38E-7
1.6029E-5
1.011E-6
3.89E-7
3.27E-7
3.21E-7
2.97E-7
2.9294E-5
1.189E-6
2.92E-7
2.6182E-5
2.9998E-5
8.07E-7
2.2071E-5
5.88E-7
4.76E-7
1.443E-6
7.76E-7
9.09E-7
6.151E-6
4.96E-7
2.1238E-5
1.0512E-5
1.0986E-5
2.213E-5
5.89E-7
2.6078E-5
7.51E-7
2.6821E-5
2.3449E-5
5.6E-7
2.3919E-5
1.204E-6
1.056E-6
4.64E-7
1.869E-6
2.8486E-5
7.39E-7
2.5217E-5
9.08E-7
1.5005E-5
8.86E-7
8.83E-7
2.33E-6
5.05E-7
1.443E-6
2.8524E-5
2.9287E-5
5.74E-7
2.6937E-5
7.86E-7
6.47E-7
8.41E-7
3.096E-6
5.74E-7
6.13E-7
1.559E-6
2.5584E-5
7.1E-7
7.496E-6
1.85E-6
4.79E-7
2.6339E-5
6.87E-7
8.43E-7
6.56E-7
2.9262E-5
7.32E-7
2.2006E-5
7.53E-7
2.364E-5
6.35E-7
1.137E-6
1.686E-6
2.98E-6
2.3822E-5
6.97E-7
1.9325E-5
7.66E-7
2.16E-6
5.55E-7
7.47E-7
4.45E-7
7.24E-7
1.677E-6
4.93E-7
2.024E-6
6.47E-7
4.25E-7
9.57E-7
5.74E-7
2.6221E-5
6.43E-7
8.96E-7
8.54E-6
5.43E-7
6.536E-6
1.007E-6
7.58E-7
2.112E-6
9.1E-7
3.34E-6
4.93E-7
2.632E-6
5.83E-7
6.31E-7
2.2376E-5
7.08E-7
2.1651E-5
2.56E-6
1.45E-6
4.83E-7
4.58E-7
7.51E-7
5.95E-7
1.53E-6
1.098E-6
6.21E-7
2.4939E-5
9.02E-7
1.3446E-5
7.58E-7
4.77E-7
2.0888E-5
7.38E-7
5.52E-7
9.54E-7
8.302E-6
4.66E-7
6.29E-7
8.06E-7
4.7E-7
4.83E-7
6.17E-7
2.3472E-5
7.7E-7
1.7235E-5
4.73E-7
1.4604E-5
7.69E-7
6.46E-7
2.2584E-5
7.51E-7
4.6E-7
6.78E-7
2.053E-6
8.6E-7
4.7E-7
4.98E-7
2.0919E-5
6.08E-7
2.6527E-5
5.4E-7
2.94E-6
7.67E-7
2.104E-5
2.0265E-5
1.0221E-5
1.1908E-5
5.26E-7
1.3943E-5
6.68E-7
2.4114E-5
5.34E-7
6.43E-7
5.42E-7
2.7773E-5
8.8E-7
5.15E-7
6.53E-7
2.3474E-5
6.02E-7
2.461E-5
6.09E-7
2.4493E-5
5.62E-7
4.39E-7
2.398E-6
2.5396E-5
5.04E-7
2.7456E-5
6.5E-7
8.406E-6
5.2E-7
2.78E-6
1.8254E-5
7.96E-7
4.76E-7
2.4312E-5
5.01E-7
6.11E-7
1.576E-6
1.838E-6
2.1124E-5
5.16E-7
5.18E-7
5.04E-7
1.218E-6
4.78E-7
1.5466E-5
5.02E-7
6.22E-7
2.059E-6
2.2818E-5
5.52E-7
1.167E-6
7.27E-7
6.98E-7
7.75E-7
8.9E-7
6.1E-7
2.111E-6
6.26E-7
2.1878E-5
9.37E-7
4.9E-7
7.78E-7
8.12E-7
2.047E-6
6.52E-7
6.89E-7
5.99E-7
7.16E-7
3.283E-6
4.07E-7
1.396E-6
1.478E-5
7.89E-7
1.799E-6
2.619E-5
7.54E-7
6.01E-7
2.2308E-5
5.39E-7
7.86E-7
5.66E-7
1.1621E-5
2.024E-6
8.04E-7
3.97E-7
1.05E-6
2.3378E-5
4.42E-7
1.425E-6
4.56E-7
2.3673E-5
5.75E-7
1.8659E-5
5.0E-7
2.5664E-5
5.72E-7
1.8176E-5
8.43E-7
2.128E-6
5.62E-7
2.272E-6
5.83E-7
2.412E-5
6.89E-7
5.22E-7
7.57E-7
1.2348E-5
1.56E-6
2.9889E-5
9.02E-7
2.4119E-5
1.2179E-5
7.3E-7
1.598E-6
3.99E-7
5.88E-7
6.19E-7
1.543E-6
1.1323E-5
6.09E-7
2.442E-6
1.206E-6
4.22E-7
2.0358E-5
6.55E-7
1.533E-5
7.69E-7
6.43E-7
1.8551E-5
1.772E-6
6.72E-7
1.006E-6
7.746E-6
4.82E-7
1.8297E-5
5.03E-7
1.105E-6
2.035E-6
6.69E-7
2.7367E-5
1.014E-6
7.5E-7
6.27E-7
1.244E-6
2.145E-6
4.67E-7
6.33E-7
1.7826E-5
4.34E-7
4.62E-7
2.0994E-5
6.35E-7
2.7403E-5
5.26E-7
4.97E-7
7.119E-6
6.95E-7
5.2E-7
2.3972E-5
9.24E-7
1.4484E-5
4.75E-7
9.6E-7
5.09E-7
1.1338E-5
4.54E-7
8.96E-7
9.06E-7
8.87E-7
4.56E-7
4.85E-7
7.39E-7
6.0E-7
6.2E-7
4.96E-7
4.03E-7
4.2E-7
2.6565E-5
2.1605E-5
6.24E-7
9.588E-6
5.01E-7
4.5E-7
7.61E-7
1.2315E-5
9.84E-7
5.74E-7
2.1653E-5
7.01E-7
5.57E-7
7.07E-7
6.45E-7
4.63E-7
5.24E-7
2.3229E-5
2.0607E-5
4.77E-7
5.12E-7
6.95E-7
5.55E-7
4.25E-7
2.113E-6
4.37E-7
2.8156E-5
5.59E-7
4.31E-7
2.6238E-5
2.7565E-5
6.93E-7
4.34E-7
4.17E-7
3.324E-6
6.99E-7
1.1735E-5
5.14E-7
2.4421E-5
9.67E-7
5.78E-7
2.542E-5
4.96E-7
6.58E-7
1.0669E-5
2.5713E-5
5.4E-7
3.96E-7
2.4163E-5
6.89E-7
2.759E-6
8.22E-7
9.74E-7
5.69E-6
5.65E-7
2.4034E-5
1.4252E-5
5.26E-7
7.18E-7
2.2146E-5
9.67E-7
5.17E-7
3.055E-6
7.08E-7
1.3129E-5
5.47E-7
1.1122E-5
5.49E-7
2.6211E-5
9.18E-7
2.8733E-5
1.3751E-5
9.29E-7
5.25E-7
2.5806E-5
7.18E-7
8.6E-7
2.2908E-5
6.76E-7
2.5405E-5
9.51E-7
2.6449E-5
6.89E-7
3.0023E-5
1.384E-6
5.63E-7
6.02E-7
2.4866E-5
5.63E-7
1.5592E-5
5.28E-7
6.06E-7
4.9E-7
3.012E-6
6.44E-7
2.7744E-5
6.19E-7
1.6105E-5
2.449E-6
9.61E-7
4.62E-7
8.9E-7
2.9712E-5
7.9E-7
1.583E-6
7.33E-7
2.61E-5
2.848E-6
4.8E-7
7.39E-7
5.2E-7
5.07E-7
9.95E-7
1.7174E-5
4.944E-6
5.94E-7
2.2959E-5
5.56E-7
2.5148E-5
5.7E-7
1.898E-6
2.8908E-5
5.96E-7
7.61E-7
9.3E-7
2.207E-5
8.15E-7
1.734E-5
5.96E-7
6.68E-7
2.9972E-5
5.87E-7
3.0732E-5
6.38E-7
1.2782E-5
7.87E-7
7.35E-7
2.3907E-5
6.16E-6
5.03E-7
8.01E-7
9.1E-7
5.15E-7
1.442E-6
9.28E-7
5.24E-7
2.963E-6
4.71E-7
5.99E-7
1.3157E-5
7.06E-7
2.595E-5
6.26E-7
1.317E-6
1.454E-6
2.6234E-5
5.7E-7
1.7903E-5
7.16E-7
5.42E-7
2.5013E-5
5.83E-7
5.11E-7
7.758E-6
5.87E-7
1.96E-6
5.36E-7
2.8998E-5
2.885E-5
7.04E-7
7.45E-7
5.39E-7
2.5751E-5
6.1E-7
2.3122E-5
5.84E-7
2.6762E-5
6.11E-7
9.91E-7
7.39E-7
5.82E-7
2.0382E-5
8.37E-7
7.91E-7
2.9209E-5
2.733E-5
5.57E-7
6.63E-7
4.91E-7
6.91E-7
1.24E-6
1.301E-6
3.0004E-5
9.21E-7
3.502E-6
1.535E-6
7.19E-7
2.5292E-5
7.43E-7
2.4357E-5
6.28E-7
1.466E-6
1.5975E-5
2.6386E-5
6.27E-7
1.797E-6
3.015E-6
8.34E-7
2.464E-6
5.99E-7
3.0429E-5
9.85E-7
5.73E-7
1.5638E-5
5.18E-7
5.32E-7
8.67E-7
1.59E-6
7.56E-7
2.388E-6
5.13E-7
5.91E-7
5.53E-7
7.49E-7
2.2779E-5
2.711E-5
6.36E-7
4.704E-6
5.54E-7
4.78E-7
2.886E-6
6.73E-7
3.3089E-5
1.502E-6
3.0006E-5
6.8E-7
4.71E-7
2.028E-6
5.06E-7
6.76E-7
1.329E-6
4.62E-7
2.979E-6
1.8064E-5
7.52E-7
3.089E-6
1.549E-6
2.4906E-5
6.11E-7
6.32E-7
4.86E-7
7.93E-7
5.94E-7
1.443E-6
8.0E-7
2.3501E-5
6.25E-7
2.511E-5
1.427E-6
5.45E-7
2.2429E-5
5.86E-7
2.3202E-5
2.4521E-5
3.1312E-5
2.6417E-5
6.5E-7
7.716E-6
1.123E-6
6.79E-7
2.971E-6
6.12E-7
1.4852E-5
1.018E-6
1.4193E-5
2.3953E-5
8.23E-7
2.923E-6
2.1983E-5
1.166E-6
1.639E-6
2.0324E-5
7.58E-7
5.14E-7
7.06E-7
1.484E-6
1.481E-6
7.89E-7
5.11E-7
4.27E-7
4.89E-7
5.33E-7
3.0228E-5
7.43E-7
5.7E-7
2.266E-6
7.8E-7
5.44E-7
1.696E-6
2.87E-6
2.7277E-5
1.007E-6
6.1E-7
3.0528E-5
1.5218E-5
5.0E-7
9.69E-7
1.052E-6
9.73E-7
1.094E-6
2.4667E-5
6.04E-7
5.75E-7
7.01E-7
5.49E-7
1.4186E-5
5.77E-7
7.44E-7
2.9937E-5
7.02E-7
4.74E-7
6.57E-7
6.15E-7
2.7181E-5
5.88E-7
6.13E-7
6.71E-7
1.8382E-5
5.3E-7
5.59E-7
5.54E-7
4.08E-7
4.86E-7
4.86E-7
2.0471E-5
5.53E-7
1.4564E-5
5.96E-7
8.72E-7
4.64E-7
3.901E-6
2.4032E-5
5.37E-7
5.94E-7
8.94E-7
1.2608E-5
6.04E-7
2.6176E-5
5.45E-7
6.32E-7
2.9E-6
5.1E-7
2.2114E-5
9.66E-7
5.68E-7
3.01E-6
2.731E-5
6.65E-7
4.89E-7
3.121E-6
3.0486E-5
7.17E-7
1.251E-6
7.43E-7
4.95E-7
2.6305E-5
5.41E-7
2.276E-5
2.5312E-5
1.03E-6
6.3E-7
9.53E-7
2.5006E-5
6.81E-7
6.67E-7
2.65E-6
4.78E-7
5.76E-7
1.632E-6
3.619E-6
6.81E-7
8.14E-7
2.7483E-5
6.09E-7
5.45E-7
7.45E-7
5.46E-7
9.67E-7
6.37E-7
7.38E-7
1.496E-6
3.872E-6
5.76E-7
1.5516E-5
5.27E-7
7.16E-7
4.73E-7
8.86E-7
4.9E-7
3.1601E-5
6.2E-7
5.08E-7
1.0875E-5
9.09E-7
2.6494E-5
5.46E-7
7.26E-7
2.4098E-5
2.7194E-5
6.24E-7
8.57E-7
5.45E-7
4.71E-7
8.3E-7
1.756E-5
7.46E-7
1.184E-6
5.5E-7
2.29E-6
8.82E-7
7.97E-7
1.1306E-5
4.89E-7
1.015E-6
3.003E-6
1.781E-6
1.5962E-5
7.8E-7
3.0186E-5
6.79E-7
5.05E-7
4.63E-7
7.26E-7
4.85E-7
3.0307E-5
6.92E-7
6.55E-7
8.26E-7
4.82E-7
1.433E-6
1.488E-6
2.2584E-5
3.306E-6
7.33E-7
4.74E-7
6.01E-7
2.4708E-5
6.75E-7
1.324E-6
7.28E-7
2.1227E-5
1.206E-6
7.07E-7
7.49E-7
1.013E-6
6.16E-7
1.497E-6
9.44E-7
6.38E-7
8.84E-7
9.373E-6
4.85E-7
5.52E-7
4.52E-7
8.36E-7
1.231E-6
5.78E-7
8.92E-7
1.009E-6
8.58E-7
8.23E-7
3.769E-6
6.43E-7
1.4107E-5
6.53E-7
5.99E-7
7.54E-7
1.7133E-5
6.32E-7
1.247E-5
2.0657E-5
1.8161E-5
6.68E-7
4.284E-6
5.1E-7
4.71E-7
2.9318E-5
6.3E-7
2.9005E-5
3.0231E-5
1.123E-6
4.99E-7
1.4008E-5
7.86E-7
2.818E-6
2.6604E-5
5.75E-7
2.729E-5
7.08E-7
2.553E-6
8.0E-7
2.5269E-5
4.111E-6
1.372E-6
2.484E-5
2.7483E-5
7.91E-7
2.211E-5
9.13E-7
5.81E-7
5.49E-7
1.5223E-5
2.4935E-5
9.29E-7
7.67E-7
6.57E-7
2.169E-5
5.37E-7
2.6744E-5
6.02E-7
7.73E-7
5.86E-7
3.2915E-5
2.7423E-5
9.946E-6
3.1542E-5
5.98E-7
2.7196E-5
6.06E-7
4.91E-7
2.4939E-5
7.85E-7
1.7583E-5
5.9E-7
6.32E-7
2.84E-6
2.8528E-5
5.72E-7
2.9798E-5
6.36E-7
7.89E-7
1.2555E-5
7.578E-6
5.41E-7
7.51E-7
5.45E-7
6.11E-7
8.42E-7
1.5532E-5
6.68E-7
2.4696E-5
9.14E-7
6.36E-7
1.774E-6
5.21E-7
5.42E-7
6.26E-7
4.88E-7
3.0403E-5
1.818E-6
3.1241E-5
2.824E-5
6.63E-7
1.573E-6
7.35E-7
4.43E-7
3.196E-6
6.87E-7
1.0531E-5
5.48E-7
2.6309E-5
6.67E-7
6.43E-7
2.459E-5
5.99E-7
1.387E-6
1.612E-6
1.098E-6
2.5121E-5
2.183E-6
6.57E-7
1.3258E-5
1.6291E-5
1.8144E-5
8.39E-7
1.2186E-5
1.113E-6
2.898E-6
7.17E-7
8.7E-7
2.8007E-5
9.19E-7
6.28E-7
8.8E-7
6.48E-7
2.873E-5
2.2208E-5
5.52E-7
3.286E-6
4.77E-7
4.62E-7
1.835E-6
5.04E-7
7.47E-7
3.753E-6
5.21E-7
6.77E-7
7.15E-7
4.48E-7
3.1237E-5
7.59E-7
1.5435E-5
6.77E-7
5.06E-7
2.6056E-5
5.42E-7
9.58E-7
7.04E-7
8.97E-7
2.6012E-5
7.71E-7
4.9E-7
6.54E-7
1.0313E-5
4.54E-7
1.537E-6
2.1286E-5
8.48E-7
1.288E-6
2.7757E-5
5.33E-7
5.37E-7
1.6022E-5
1.317E-6
5.76E-5
1.073E-6
1.9143E-5
8.59E-7
5.57E-7
5.39E-7
1.3052E-5
5.48E-7
7.09E-7
2.8145E-5
6.09E-7
4.72E-7
1.109E-6
5.19E-7
6.72E-7
1.763E-5
5.2E-7
2.8854E-5
7.91E-7
7.56E-7
2.838E-6
3.034E-5
5.68E-7
6.29E-7
2.993E-6
4.96E-7
9.58E-7
2.6265E-5
5.71E-7
8.11E-7
7.25E-7
4.81E-7
2.08E-6
5.26E-7
4.51E-7
7.12E-7
9.915E-6
2.9352E-5
5.87E-7
6.37E-7
5.9E-7
3.0548E-5
6.29E-7
6.67E-7
2.6213E-5
7.1E-7
6.27E-7
7.65E-7
5.84E-7
6.52E-7
1.991E-6
7.28E-7
7.74E-7
9.15E-7
1.6416E-5
8.23E-7
1.4978E-5
5.28E-7
7.43E-7
5.1E-7
4.99E-7
3.2674E-5
8.64E-7
2.0731E-5
2.609E-6
5.25E-7
6.79E-7
1.244E-5
5.44E-7
1.111E-6
1.603E-6
1.117E-6
7.04E-7
5.1E-7
5.43E-7
1.64E-5
1.787E-6
4.28E-7
7.28E-7
4.58E-7
4.14E-7
5.4E-7
7.98E-7
2.6459E-5
6.06E-7
2.1709E-5
7.95E-7
1.3053E-5
8.253E-6
1.7683E-5
6.1E-7
3.1871E-5
9.669E-6
5.62E-7
9.43E-7
2.6035E-5
6.63E-7
1.9733E-5
6.37E-7
5.51E-7
7.76E-7
4.73E-7
2.6097E-5
8.08E-7
2.5048E-5
7.42E-7
2.256E-6
1.44E-6
5.08E-7
2.9582E-5
5.96E-7
5.15E-7
7.58E-7
4.99E-7
4.15E-7
5.55E-7
3.1914E-5
6.68E-7
6.03E-7
4.63E-7
3.4207E-5
9.61E-7
6.11E-7
4.32E-7
5.58E-7
6.18E-7
4.0E-7
5.98E-7
3.1281E-5
2.8941E-5
6.06E-7
3.1131E-5
1.6165E-5
8.41E-7
3.073E-5
1.206E-6
4.41E-7
3.252E-6
7.39E-7
5.34E-7
6.83E-7
4.98E-7
2.9405E-5
9.03E-7
6.41E-7
7.62E-7
4.58E-7
1.431E-6
9.12E-7
5.91E-7
4.826E-6
5.59E-7
1.8006E-5
9.16E-7
5.72E-7
5.67E-7
7.95E-7
2.5367E-5
7.94E-7
3.45E-6
4.92E-7
7.21E-7
8.27E-7
8.11E-7
1.026E-6
9.94E-7
7.61E-7
2.667E-6
6.39E-7
6.21E-7
6.84E-7
7.72E-7
6.2E-7
3.04E-6
7.9E-7
1.7975E-5
7.66E-7
6.91E-7
8.083E-6
5.44E-7
5.85E-7
5.93E-7
4.85E-7
2.4342E-5
7.71E-7
2.316E-6
3.1356E-5
2.1402E-5
2.544E-6
5.35E-7
1.733E-6
1.1294E-5
6.11E-7
5.54E-7
1.49E-6
2.352E-5
8.4E-7
2.2932E-5
7.58E-7
1.9082E-5
7.51E-7
3.1438E-5
6.59E-7
5.21E-7
1.736E-6
2.7845E-5
1.3801E-5
6.5E-7
3.1717E-5
1.315E-6
4.99E-7
7.79E-7
2.2462E-5
5.08E-7
2.4614E-5
2.3824E-5
6.38E-7
7.76E-7
5.94E-7
1.456E-6
2.063E-6
2.1974E-5
1.161E-6
6.96E-7
7.89E-7
1.6688E-5
9.08E-7
2.4324E-5
6.76E-7
6.59E-7
7.09E-7
4.91E-7
5.95E-7
4.26E-7
4.37E-7
9.24E-7
4.16E-7
1.18E-6
4.98E-7
5.96E-7
4.39E-7
5.97E-7
6.15E-7
3.0551E-5
8.82E-7
2.2658E-5
7.71E-7
4.7E-7
8.44E-7
1.9407E-5
5.18E-7
2.0363E-5
4.97E-7
1.565E-6
2.6251E-5
1.133E-6
5.62E-7
3.128E-5
1.001E-6
2.8312E-5
9.52E-7
9.53E-7
1.5593E-5
6.87E-7
1.269E-6
1.027E-6
2.6728E-5
4.94E-7
6.6E-7
2.0767E-5
3.88E-7
1.9269E-5
5.77E-7
1.3582E-5
2.185E-6
2.69E-7
4.24E-7
2.043E-5
1.6907E-5
3.77E-7
1.9717E-5
3.29E-7
2.1962E-5
1.167E-6
1.6253E-5
1.09E-5
1.144E-6
1.69E-6
1.349E-5
7.99E-7
2.98E-7
1.039E-6
4.22E-7
3.78E-7
3.63E-7
3.32E-7
6.3E-7
5.92E-7
2.63E-7
3.87E-7
5.67E-7
6.42E-7
1.197E-6
3.49E-7
3.63E-7
2.79E-7
1.8078E-5
7.49E-7
1.082E-6
1.9622E-5
5.6E-7
2.32E-6
3.61E-7
3.193E-6
1.526E-6
2.89E-7
4.9E-7
3.68E-7
2.0418E-5
1.613E-6
1.8025E-5
5.71E-7
1.4129E-5
1.087E-6
4.54E-7
1.283E-5
1.4619E-5
1.8463E-5
8.21E-7
4.01E-7
3.73E-7
4.48E-7
1.9793E-5
8.225E-6
1.1302E-5
3.55E-7
4.68E-7
3.17E-7
4.21E-7
1.877E-6
1.9431E-5
3.54E-7
3.42E-7
2.007E-6
1.2652E-5
4.89E-7
2.62E-7
4.32E-7
2.0506E-5
3.96E-7
1.4611E-5
4.41E-7
1.6225E-5
3.07E-7
3.92E-7
1.4507E-5
1.6711E-5
2.94E-7
4.85E-7
7.71E-7
3.92E-7
4.98E-7
5.99E-7
1.0332E-5
4.88E-7
1.0544E-5
5.32E-7
4.12E-7
9.17E-7
3.78E-7
5.22E-7
5.9E-7
4.75E-7
6.77E-7
6.887E-6
3.82E-7
2.1087E-5
1.7148E-5
5.12E-7
4.1E-7
8.413E-6
2.64E-7
1.1716E-5
3.13E-7
1.427E-5
1.9514E-5
3.22E-7
9.42E-7
3.451E-6
2.94E-7
4.2E-7
9.88E-6
1.338E-6
9.08E-7
7.36E-7
3.17E-7
1.8142E-5
1.7844E-5
1.25E-6
3.22E-7
4.27E-7
2.0704E-5
7.55E-7
3.18E-7
1.0528E-5
3.21E-7
5.85E-7
2.94E-7
2.0024E-5
2.0503E-5
1.085E-6
3.11E-7
2.86E-7
1.9546E-5
4.67E-7
5.08E-7
1.2165E-5
3.45E-7
6.83E-7
4.82E-7
1.472E-6
1.175E-5
3.26E-7
2.9E-7
1.7981E-5
1.4806E-5
2.328E-6
4.72E-7
4.25E-7
1.398E-5
3.2E-7
3.98E-7
1.9452E-5
3.72E-7
2.0416E-5
3.31E-7
3.76E-7
5.34E-7
1.8732E-5
3.66E-7
2.94E-7
4.96E-7
3.04E-7
4.25E-7
4.06E-7
1.2538E-5
2.0073E-5
4.9E-7
2.55E-7
3.64E-7
1.9435E-5
5.94E-7
1.8747E-5
6.36E-7
3.33E-7
4.02E-7
1.8188E-5
4.97E-7
2.31E-6
3.11E-7
1.6822E-5
3.56E-7
4.85E-7
1.7729E-5
3.42E-7
6.41E-7
3.93E-7
3.17E-7
3.12E-7
2.46E-7
3.63E-7
3.79E-7
4.98E-7
3.22E-7
7.511E-6
2.99E-7
4.4E-7
1.5055E-5
3.78E-7
3.67E-7
1.8514E-5
3.81E-7
1.826E-6
4.1E-7
5.9E-7
2.0622E-5
5.59E-7
2.0724E-5
3.22E-7
2.88E-7
9.485E-6
2.96E-7
4.54E-7
2.61E-7
2.97E-7
2.61E-7
4.48E-7
3.59E-7
7.78E-7
2.97E-7
4.99E-7
4.01E-7
2.58E-7
3.77E-7
3.65E-7
2.74E-7
6.728E-6
1.8924E-5
1.7413E-5
4.02E-7
3.13E-7
8.64E-7
3.06E-7
1.238E-6
3.27E-7
3.73E-7
2.64E-7
4.53E-7
3.36E-7
2.711E-6
7.6E-7
3.39E-7
1.9159E-5
3.23E-7
4.7E-7
1.0075E-5
3.34E-7
2.55E-7
1.9623E-5
3.86E-7
3.68E-7
6.484E-6
1.2815E-5
2.96E-7
4.2E-7
1.7551E-5
3.36E-7
2.399E-6
1.2371E-5
1.4394E-5
3.31E-7
7.08E-7
3.49E-7
1.9621E-5
2.0812E-5
2.223E-5
5.07E-7
1.9706E-5
3.23E-7
4.24E-7
1.617E-5
3.5E-7
1.4483E-5
5.28E-7
3.64E-7
2.82E-7
1.1196E-5
1.7087E-5
3.3E-7
5.41E-7
2.69E-7
4.53E-7
4.51E-7
3.03E-7
4.54E-7
3.55E-7
3.48E-7
3.473E-6
5.64E-7
1.456E-5
1.9693E-5
6.47E-7
3.55E-7
2.63E-7
3.96E-7
4.38E-7
5.6E-7
2.72E-7
1.5732E-5
3.98E-7
2.91E-7
2.0693E-5
1.7274E-5
3.98E-7
1.125E-5
1.516E-5
4.63E-7
4.97E-7
5.749E-6
4.16E-7
1.205E-5
1.7001E-5
3.03E-7
3.88E-7
5.94E-7
5.32E-7
5.42E-7
6.86E-7
4.93E-7
3.18E-7
2.79E-7
2.77E-7
5.45E-7
7.502E-6
3.16E-7
4.815E-6
2.93E-7
1.5876E-5
4.64E-7
9.21E-7
1.7449E-5
3.55E-7
6.58E-7
4.21E-7
3.38E-7
5.35E-7
1.3133E-5
3.56E-7
4.49E-7
1.7826E-5
2.84E-7
4.26E-7
1.9359E-5
3.38E-7
9.57E-7
2.0135E-5
6.13E-7
2.161E-6
1.005E-6
9.458E-6
2.0228E-5
1.004E-6
1.5931E-5
5.11E-7
6.07E-7
1.086E-6
3.38E-7
8.5E-7
4.02E-7
3.72E-7
9.111E-6
7.18E-7
2.7899E-5
1.1168E-5
1.1046E-5
3.9E-7
8.4E-7
1.5709E-5
3.71E-7
1.1309E-5
3.28E-7
4.74E-7
3.81E-7
7.17E-7
1.4654E-5
4.98E-7
1.2911E-5
3.37E-7
1.447E-6
2.1993E-5
1.605E-6
4.22E-7
9.551E-6
4.08E-7
9.157E-6
4.37E-7
3.08E-7
2.52E-7
1.672E-6
3.12E-7
6.694E-6
3.68E-7
4.84E-7
1.981E-6
7.711E-6
3.13E-7
6.67E-6
1.0875E-5
3.96E-7
3.21E-7
3.04E-7
3.86E-7
1.298E-6
2.96E-7
6.19E-7
1.5324E-5
5.19E-7
4.72E-7
3.58E-7
9.063E-6
1.7788E-5
3.63E-7
5.16E-7
1.1116E-5
5.827E-6
3.25E-7
2.0933E-5
4.73E-7
8.21E-7
4.0E-7
1.586E-5
3.77E-7
1.105E-6
1.256E-6
6.78E-7
1.6336E-5
3.74E-7
1.7845E-5
6.78E-7
6.77E-7
1.88E-6
2.0864E-5
5.16E-7
1.5682E-5
1.032E-6
5.25E-7
1.0334E-5
5.95E-7
4.08E-7
1.4812E-5
3.6E-7
2.3064E-5
4.24E-7
5.04E-7
3.77E-7
2.0357E-5
4.35E-7
3.69E-7
3.22E-7
1.5493E-5
1.9853E-5
4.38E-7
4.72E-7
4.01E-7
1.2528E-5
3.56E-7
7.0E-7
3.04E-7
4.87E-7
4.33E-7
4.11E-7
4.84E-7
1.8245E-5
3.64E-7
3.91E-7
1.7895E-5
3.95E-7
2.1763E-5
4.98E-7
1.123E-6
7.96E-7
3.28E-7
3.3E-7
4.85E-7
4.44E-7
4.59E-7
3.91E-7
3.42E-7
4.69E-7
7.65E-7
5.14E-7
3.38E-7
4.0E-7
2.0612E-5
4.04E-7
6.617E-6
1.2939E-5
5.03E-7
3.1E-7
1.8374E-5
4.0E-7
1.202E-6
3.57E-7
2.11E-6
6.09E-7
5.36E-7
1.7956E-5
1.5142E-5
3.54E-7
1.955E-5
3.63E-7
3.61E-7
4.94E-7
3.14E-7
2.1017E-5
1.7439E-5
5.61E-7
4.35E-7
3.34E-7
3.46E-7
1.159E-6
5.32E-7
3.76E-7
9.82E-7
3.22E-7
2.1499E-5
4.21E-7
2.1268E-5
3.69E-7
7.6E-7
3.03E-7
1.8253E-5
7.021E-6
4.4E-7
3.36E-7
1.5255E-5
1.025E-6
5.81E-7
1.445E-6
1.165E-6
1.134E-6
1.5694E-5
9.83E-7
1.959E-6
4.98E-7
7.98E-7
4.15E-7
3.31E-7
2.942E-6
3.68E-7
3.12E-7
1.9293E-5
5.34E-7
2.1406E-5
4.09E-7
5.21E-7
3.19E-7
1.5629E-5
1.771E-6
2.0336E-5
4.6E-6
3.18E-7
2.021E-5
3.12E-7
8.46E-7
2.67E-7
4.67E-7
5.74E-7
6.934E-6
3.3E-7
5.5E-7
4.41E-7
7.826E-6
3.16E-7
3.6E-7
2.3085E-5
5.8E-7
1.3916E-5
4.35E-7
1.876E-5
6.34E-7
2.0307E-5
5.66E-7
1.6447E-5
3.35E-7
1.945E-5
3.31E-7
1.116E-6
6.92E-7
3.17E-7
6.715E-6
3.15E-7
1.544E-6
9.73E-7
7.47E-7
1.5181E-5
3.21E-7
6.72E-7
3.0E-7
9.65E-7
3.06E-7
4.64E-7
4.16E-7
1.1087E-5
2.96E-7
2.93E-7
7.78E-7
8.02E-7
3.09E-7
1.765E-6
1.4412E-5
3.46E-7
2.85E-7
3.45E-7
2.85E-7
2.1211E-5
3.58E-7
3.81E-7
2.1226E-5
3.33E-7
2.85E-6
1.5041E-5
7.18E-7
3.65E-7
8.812E-6
7.12E-7
2.77E-7
1.7668E-5
3.19E-7
3.78E-7
1.621E-6
1.3301E-5
3.51E-7
3.58E-7
2.1282E-5
7.47E-7
1.024E-6
3.15E-7
1.67E-6
2.0157E-5
1.847E-6
4.96E-7
3.26E-7
4.87E-7
4.27E-7
2.95E-7
4.4E-7
4.34E-7
8.36E-7
2.74E-7
6.97E-6
4.03E-7
2.0287E-5
3.8E-7
1.355E-5
1.0248E-5
1.8609E-5
3.32E-7
2.2243E-5
3.51E-7
2.2608E-5
5.2E-7
5.31E-7
8.595E-6
7.23E-7
2.89E-7
1.7759E-5
3.68E-7
2.92E-7
3.86E-7
4.53E-7
2.96E-7
2.1588E-5
4.01E-7
1.0256E-5
4.38E-7
2.1171E-5
4.18E-7
2.2246E-5
8.373E-6
1.136E-6
1.159E-6
2.3602E-5
1.641E-6
1.9108E-5
3.65E-7
1.9792E-5
3.76E-7
6.1E-7
2.61E-7
3.85E-7
4.566E-6
3.07E-7
2.1682E-5
3.6E-7
4.98E-7
1.8057E-5
4.8E-7
3.71E-7
4.16E-7
2.8E-7
4.48E-7
2.111E-5
3.78E-7
3.13E-7
2.86E-7
7.61E-7
6.465E-6
1.147E-6
4.72E-7
2.87E-7
1.6814E-5
3.96E-7
1.3896E-5
6.56E-7
1.8712E-5
3.94E-7
5.78E-7
6.181E-6
3.9E-7
3.73E-7
1.4393E-5
3.11E-7
1.9502E-5
1.58E-6
4.29E-7
1.4627E-5
5.22E-7
8.26E-7
3.12E-7
1.855E-5
9.41E-7
3.89E-7
1.1228E-5
7.55E-7
2.91E-7
6.341E-6
3.45E-7
2.223E-5
4.15E-7
2.1393E-5
4.12E-7
1.293E-6
4.7E-7
3.44E-7
3.03E-7
9.1E-7
5.87E-7
2.59E-7
3.75E-7
2.99E-7
1.1454E-5
8.43E-7
3.71E-7
9.68E-7
2.1158E-5
3.94E-7
2.1442E-5
3.77E-7
2.1871E-5
4.95E-7
3.23E-7
6.91E-7
7.26E-7
3.03E-7
1.9564E-5
4.02E-7
5.16E-7
2.1027E-5
3.75E-7
3.9847E-5
7.72E-7
6.36E-7
3.253E-5
5.496E-6
5.55E-7
5.56E-7
3.1756E-5
2.9727E-5
7.01E-7
3.78E-7
6.46E-7
2.3551E-5
4.86E-7
3.09E-7
4.33E-7
1.4129E-5
3.48E-7
1.3344E-5
5.7E-7
3.45E-7
4.25E-7
2.157E-5
2.5587E-5
5.11E-7
4.49E-7
2.83E-7
2.1955E-5
4.01E-7
5.59E-7
1.9364E-5
5.18E-7
1.4104E-5
3.18E-7
6.649E-6
3.58E-7
6.51E-7
4.98E-7
3.21E-7
1.982E-6
4.52E-7
9.35E-7
6.7E-7
7.71E-7
3.35E-7
6.419E-6
3.3E-7
1.123E-6
3.74E-7
2.3461E-5
5.17E-7
1.6195E-5
4.14E-7
3.55E-7
4.04E-7
7.58E-7
3.73E-7
3.25E-7
2.1244E-5
3.49E-7
3.12E-7
5.58E-7
3.85E-7
4.07E-7
1.1317E-5
3.58E-7
4.51E-7
6.059E-6
2.83E-7
4.14E-7
2.1922E-5
4.98E-7
1.6911E-5
3.5E-7
5.13E-7
7.25E-7
5.58E-7
5.86E-7
4.16E-7
3.51E-7
3.79E-7
4.35E-7
4.05E-7
2.0071E-5
2.2796E-5
1.392E-6
3.36E-7
1.74E-6
2.2316E-5
8.16E-7
3.43E-7
1.8341E-5
9.07E-7
3.56E-7
1.012E-6
5.13E-7
6.484E-6
6.62E-7
1.6397E-5
3.77E-7
2.2431E-5
4.52E-7
2.2447E-5
4.07E-7
1.802E-6
2.171E-6
7.6E-7
2.97E-7
1.8235E-5
5.47E-7
3.43E-7
9.82E-7
3.18E-7
1.9081E-5
3.74E-7
2.2286E-5
4.03E-7
2.1468E-5
3.74E-7
2.5E-7
8.864E-6
3.39E-7
3.15E-7
1.7708E-5
1.2145E-5
1.586E-6
3.0E-7
3.98E-7
7.65E-7
1.2576E-5
3.78E-7
5.12E-7
1.4474E-5
3.89E-7
4.39E-7
1.5665E-5
1.052E-6
5.06E-7
1.3399E-5
9.741E-6
3.82E-7
1.4897E-5
3.44E-7
7.88E-7
4.98E-7
3.04E-7
5.46E-7
2.88E-7
1.0228E-5
3.04E-7
6.241E-6
1.748E-6
4.12E-7
2.2712E-5
4.19E-7
9.582E-6
3.5E-7
1.8558E-5
8.84E-7
5.46E-7
6.798E-6
1.378E-6
5.24E-7
3.13E-7
1.12E-6
9.862E-6
2.184E-6
2.83E-7
1.8268E-5
4.86E-7
3.19E-7
3.87E-7
3.27E-7
4.23E-7
2.95E-7
2.2891E-5
5.09E-7
2.58E-7
2.95E-7
5.68E-7
2.79E-7
1.552E-5
3.43E-7
3.21E-7
5.51E-7
1.2442E-5
3.11E-7
2.1797E-5
5.81E-7
2.88E-7
2.79E-7
4.81E-7
1.8084E-5
3.35E-7
6.6E-7
4.25E-7
4.07E-7
2.1347E-5
3.56E-7
1.693E-5
6.23E-7
2.77E-7
2.143E-5
3.33E-7
5.25E-7
4.01E-7
3.62E-7
4.89E-7
3.57E-7
1.713E-6
4.69E-7
1.322E-6
3.57E-7
2.9E-7
6.29E-7
2.3002E-5
1.066E-6
4.36E-7
9.49E-7
4.93E-7
4.86E-7
4.4E-7
3.588E-6
2.2468E-5
1.6515E-5
4.92E-7
3.51E-7
5.37E-7
8.851E-6
8.73E-7
3.49E-7
3.64E-7
6.42E-7
2.1697E-5
8.56E-7
3.63E-7
6.736E-6
1.9577E-5
2.037E-6
3.83E-7
1.782E-6
7.68E-7
3.19E-7
1.8394E-5
3.74E-7
3.22E-7
2.2721E-5
3.9E-7
3.52E-7
3.54E-7
3.23E-7
1.972E-5
2.4811E-5
2.035E-5
4.05E-7
5.08E-7
1.571E-5
6.35E-7
7.564E-6
3.48E-7
3.17E-7
4.69E-7
4.96E-7
2.1991E-5
4.73E-7
2.03E-6
3.11E-7
5.08E-7
3.08E-7
1.524E-6
1.005E-6
2.2464E-5
4.6E-7
4.28E-7
3.06E-7
4.19E-7
2.1962E-5
3.73E-7
2.001E-6
6.77E-7
2.4504E-5
5.19E-7
9.47E-7
2.026E-6
3.4013E-5
1.156E-6
8.47E-7
2.3099E-5
7.06E-7
1.9894E-5
9.05E-7
2.516E-6
4.83E-7
2.856E-5
2.2878E-5
2.004E-6
6.63E-7
3.3735E-5
1.172E-6
5.73E-7
3.1488E-5
3.4975E-5
8.69E-7
3.2838E-5
2.9703E-5
7.03E-7
1.1356E-5
8.15E-7
3.09E-6
1.606E-6
1.615E-6
6.81E-7
3.3874E-5
7.78E-7
4.881E-6
9.49E-7
2.9466E-5
7.55E-7
5.55E-7
3.41E-6
1.157E-6
3.98E-7
3.164E-5
2.608E-6
3.8295E-5
7.84E-7
1.683E-6
2.3032E-5
7.037E-6
2.3191E-5
1.204E-6
9.18E-7
2.8038E-5
1.269E-6
7.94E-7
7.65E-7
2.6186E-5
8.11E-7
3.6635E-5
5.61E-7
7.42E-7
3.176E-5
1.4799E-5
5.98E-7
6.9E-7
2.2148E-5
1.6606E-5
3.2479E-5
5.88E-7
5.25E-7
1.3914E-5
5.11E-7
1.1228E-5
6.58E-7
1.7289E-5
6.45E-7
4.57E-7
4.23E-7
5.51E-7
2.2317E-5
2.5174E-5
2.5801E-5
9.49E-7
2.9688E-5
5.2E-6
6.95E-7
1.141E-6
2.5344E-5
7.8E-7
3.2773E-5
3.5336E-5
2.9645E-5
6.38E-7
8.32E-7
2.299E-6
3.7556E-5
8.39E-7
3.5341E-5
6.86E-7
2.3217E-5
3.4986E-5
2.548E-5
2.8735E-5
6.66E-7
1.947E-6
6.32E-7
1.868E-6
6.93E-7
3.667E-5
7.3E-7
6.55E-7
3.6048E-5
9.02E-7
9.32E-7
1.0184E-5
4.89E-7
6.39E-7
1.9011E-5
5.95E-7
5.51E-7
7.618E-6
1.563E-6
8.58E-7
1.071E-6
4.59E-7
3.5105E-5
6.57E-7
5.21E-7
3.3702E-5
7.43E-7
3.4872E-5
1.513E-6
1.503E-6
8.89E-7
7.68E-7
8.5E-7
4.63E-7
1.3423E-5
4.4E-7
3.0033E-5
1.761E-6
4.92E-7
1.0636E-5
8.72E-7
7.25E-7
6.46E-7
2.6394E-5
1.621E-6
2.158E-6
1.813E-6
1.398E-6
6.01E-7
1.258E-6
5.43E-7
1.753E-5
1.849E-6
5.36E-7
2.9213E-5
9.92E-7
1.392E-6
7.0E-7
1.7E-5
8.26E-7
1.895E-6
3.3457E-5
7.04E-7
6.71E-7
4.47E-7
9.86E-7
3.0348E-5
1.075E-6
3.606E-5
6.4E-7
7.4E-7
9.57E-7
5.27E-7
5.82E-7
1.9153E-5
9.407E-6
7.12E-7
4.95E-7
1.961E-6
4.604E-6
5.48E-7
8.55E-7
1.971E-6
4.1324E-5
1.205E-6
5.6062E-5
1.53E-6
6.75E-7
2.4048E-5
7.22E-7
2.7025E-5
2.5769E-5
6.863E-6
7.3E-7
1.044E-6
9.554E-6
4.53E-7
1.0E-6
1.0206E-5
7.853E-6
5.12E-7
3.9637E-5
9.76E-7
2.4419E-5
6.19E-7
2.5766E-5
2.044E-6
3.1522E-5
8.2E-7
6.13E-7
4.92E-7
7.37E-7
3.0415E-5
5.68E-7
8.16E-7
1.6636E-5
1.8663E-5
2.907E-5
7.35E-7
2.1592E-5
5.28E-7
1.658E-6
3.205E-6
4.97E-7
8.45E-7
6.39E-7
3.58E-7
5.94E-7
2.7701E-5
5.31E-7
3.3295E-5
7.5E-7
1.274E-6
5.87E-7
4.81E-7
2.4228E-5
4.8E-7
3.5696E-5
6.17E-7
2.2558E-5
4.72E-7
1.187E-6
6.39E-7
3.8868E-5
8.059E-6
4.78E-7
8.22E-7
7.16E-7
2.4465E-5
5.05E-7
3.664E-6
7.66E-7
3.95E-7
4.8E-7
8.89E-7
5.7E-7
7.12E-7
4.36E-7
1.01E-6
1.691E-5
7.77E-7
4.26E-7
2.6372E-5
7.05E-7
3.3902E-5
6.38E-7
3.5837E-5
7.07E-7
2.636E-6
5.13E-7
5.18E-7
9.38E-7
3.0794E-5
8.0E-7
9.4E-7
8.13E-7
8.17E-7
1.6735E-5
6.88E-7
1.2882E-5
8.89E-7
7.95E-7
5.29E-7
8.92E-6
1.802E-6
2.943E-6
7.19E-7
3.4837E-5
6.01E-7
6.75E-7
4.88E-7
3.6291E-5
5.87E-7
3.92E-7
9.24E-7
5.95E-7
4.36E-7
4.37E-7
3.0607E-5
9.8E-7
3.0648E-5
1.155E-6
1.027E-6
6.6E-7
3.6369E-5
1.047E-6
1.2907E-5
5.69E-7
5.49E-7
4.7376E-5
9.39E-7
1.093E-6
5.04E-7
4.93E-7
8.65E-7
1.076E-6
9.33E-7
6.41E-7
1.156E-6
6.07E-7
7.05E-7
5.98E-7
3.4475E-5
9.8E-7
1.053E-6
2.7356E-5
6.79E-7
7.18E-7
7.18E-7
6.4E-7
1.109E-6
1.6211E-5
6.36E-7
7.86E-7
4.0009E-5
1.106E-6
5.3E-7
4.75E-7
1.732E-6
7.33E-7
6.39E-7
2.325E-6
4.73E-7
3.2192E-5
9.96E-7
3.725E-6
9.31E-7
4.96E-7
7.99E-7
3.3792E-5
6.21E-7
4.1215E-5
6.76E-7
7.64E-7
9.32E-7
6.75E-7
7.74E-7
6.56E-7
7.28E-7
7.25E-7
7.68E-7
3.2644E-5
5.8E-7
2.2348E-5
7.57E-7
2.143E-6
6.5E-7
5.93E-7
6.21E-7
1.5959E-5
1.346E-6
3.329E-6
3.7177E-5
6.44E-7
7.77E-7
6.55E-7
3.7951E-5
5.28E-7
6.82E-7
3.2053E-5
6.68E-7
2.053E-6
6.38E-7
3.9587E-5
8.23E-7
9.71E-7
6.51E-7
3.4229E-5
6.3E-7
2.946E-6
3.9157E-5
6.46E-7
2.2892E-5
7.63E-7
3.6162E-5
5.99E-7
5.2E-7
2.9166E-5
1.199E-6
6.02E-7
4.5949E-5
6.15E-7
4.26E-7
8.35E-7
6.51E-7
6.52E-7
9.93E-7
3.9798E-5
5.76E-7
9.46E-7
5.4E-7
4.02E-6
2.675E-5
8.13E-7
1.082E-6
2.8792E-5
6.22E-7
3.9262E-5
6.83E-7
7.33E-7
3.9449E-5
6.37E-7
9.272E-6
5.62E-7
9.0E-7
6.9E-7
2.0657E-5
9.58E-7
3.7149E-5
3.6406E-5
1.865E-6
3.718E-6
1.894E-6
3.1275E-5
3.2618E-5
2.7041E-5
9.54E-7
1.838E-6
8.01E-7
1.186E-6
6.59E-7
9.88E-7
1.201E-6
3.82E-7
1.022E-6
1.571E-6
1.297E-6
2.6533E-5
7.17E-7
6.91E-7
8.77E-7
5.43E-7
5.07E-7
4.0303E-5
9.68E-7
8.37E-7
3.0572E-5
7.74E-7
1.3299E-5
3.324E-6
5.73E-7
2.9114E-5
8.0E-7
6.4E-7
1.257E-6
6.8E-7
7.03E-7
6.27E-7
2.3258E-5
1.439E-6
2.8342E-5
9.69E-7
4.38E-7
7.65E-7
2.6165E-5
6.38E-7
7.86E-7
2.2168E-5
6.26E-7
3.9422E-5
7.5E-7
3.3194E-5
6.2E-7
3.8878E-5
6.93E-7
3.6058E-5
6.2E-7
1.324E-6
3.8234E-5
9.7E-7
5.892E-6
2.6358E-5
5.87E-7
7.464E-6
3.0325E-5
1.011E-6
3.6871E-5
9.02E-7
1.319E-6
8.19E-7
1.942E-6
3.11E-5
2.763E-5
5.93E-7
1.518E-6
6.12E-7
3.4704E-5
6.22E-7
3.3727E-5
3.892E-5
3.6139E-5
8.81E-7
3.1014E-5
6.03E-7
1.016E-6
6.39E-7
2.6549E-5
9.66E-7
8.8E-7
1.008E-6
3.9403E-5
6.86E-7
3.9295E-5
2.9734E-5
7.61E-7
1.801E-6
3.248E-5
3.688E-6
8.16E-7
1.1447E-5
7.79E-7
1.376E-6
5.03E-7
1.895E-6
1.3607E-5
8.73E-7
5.83E-7
3.4292E-5
1.112E-6
3.3563E-5
8.11E-7
3.408E-6
3.299E-6
5.19E-7
3.0893E-5
9.41E-7
9.21E-7
3.3228E-5
6.22E-7
3.6312E-5
6.52E-7
3.6594E-5
5.829E-6
3.2485E-5
9.21E-7
4.29E-7
6.57E-7
1.713E-6
4.18E-7
3.0885E-5
9.08E-7
3.8025E-5
7.25E-7
2.8882E-5
2.5336E-5
2.3556E-5
6.69E-7
9.78E-7
1.297E-6
2.7669E-5
1.48E-6
2.123E-6
9.57E-7
9.27E-7
4.91E-7
7.18E-7
3.3712E-5
6.9E-7
6.58E-7
1.1692E-5
4.73E-7
7.18E-7
6.76E-7
4.63E-7
5.87E-7
1.343E-6
7.02E-7
1.192E-6
6.44E-7
3.5903E-5
1.8982E-5
5.15E-7
7.12E-7
3.96E-7
2.2991E-5
6.47E-7
4.06E-7
3.7734E-5
1.003E-6
8.0E-7
4.28E-7
1.9693E-5
9.25E-7
4.06E-7
2.8238E-5
6.37E-7
6.81E-7
6.43E-7
2.8361E-5
1.397E-6
2.8913E-5
5.26E-7
8.28E-7
5.74E-7
6.58E-7
9.93E-7
3.78E-7
3.7782E-5
3.011E-5
7.58E-7
2.6352E-5
7.44E-7
1.039E-6
3.8056E-5
2.006E-6
9.8E-7
1.162E-5
5.55E-7
1.079E-6
3.5077E-5
2.9076E-5
7.59E-7
4.86E-7
3.0346E-5
1.7652E-5
5.86E-7
4.235E-6
2.976E-6
6.93E-7
6.02E-7
4.4E-7
3.5613E-5
1.423E-6
6.87E-7
2.8007E-5
6.87E-7
2.4856E-5
7.95E-7
1.034E-6
6.17E-7
4.92E-7
1.312E-6
5.31E-7
5.65E-7
1.998E-6
6.24E-7
3.7628E-5
1.976E-6
4.81E-7
3.8227E-5
8.44E-7
6.84E-7
4.36E-7
6.25E-7
2.882E-6
5.73E-7
1.378E-6
4.46E-7
2.682E-5
7.42E-7
4.24E-7
3.782E-5
7.28E-7
4.3057E-5
1.082E-6
9.22E-7
7.33E-7
3.6231E-5
6.57E-7
1.968E-6
5.82E-7
3.4207E-5
9.1E-7
3.9305E-5
9.32E-7
5.74E-7
5.22E-7
6.32E-7
1.822E-6
5.78E-7
1.155E-6
2.9422E-5
8.16E-7
4.3202E-5
1.0113E-5
2.5625E-5
1.098E-6
7.89E-7
4.104E-6
7.41E-7
7.5E-7
6.37E-7
3.561E-6
6.87E-7
1.0839E-5
6.31E-7
5.57E-7
2.118E-6
7.35E-7
4.35E-7
1.859E-6
7.96E-7
2.124E-6
8.14E-7
6.33E-7
1.039E-6
4.73E-7
1.001E-6
1.7196E-5
6.7E-7
3.4223E-5
1.352E-6
3.3514E-5
1.095E-6
3.7636E-5
3.9869E-5
2.983E-6
1.731E-6
5.43E-7
2.9476E-5
1.6562E-5
1.196E-6
1.415E-6
6.65E-7
4.23E-7
1.505E-6
7.78E-7
3.2189E-5
3.828E-5
3.8576E-5
7.54E-7
3.037E-5
6.02E-7
3.374E-6
8.497E-6
5.06E-7
2.472E-6
2.838E-5
8.29E-7
9.76E-7
8.05E-7
3.9385E-5
7.7E-7
1.853E-6
8.51E-7
5.69E-7
3.9871E-5
5.41E-7
1.9036E-5
1.828E-6
6.87E-7
1.045E-6
1.9609E-5
6.2E-7
8.9E-7
9.73E-7
7.97E-7
8.92E-7
2.924E-5
8.38E-7
8.64E-7
4.95E-7
6.06E-7
1.2047E-5
3.7567E-5
4.99E-7
3.0936E-5
5.72E-7
6.35E-7
5.56E-7
3.3499E-5
8.62E-7
8.13E-7
1.684E-5
5.17E-7
4.82E-7
9.808E-6
4.84E-7
3.1376E-5
1.433E-6
5.4E-7
3.9091E-5
6.05E-7
5.65E-7
3.0264E-5
6.71E-7
7.13E-7
7.66E-7
1.2789E-5
6.6E-7
7.13E-7
2.383E-5
5.17E-7
3.125E-5
6.27E-7
7.21E-7
3.8893E-5
2.9782E-5
5.8E-7
6.28E-7
2.022E-6
6.087E-6
2.5858E-5
5.7E-7
3.2707E-5
5.93E-7
2.505E-6
3.7815E-5
1.6765E-5
1.92E-6
2.8115E-5
5.15E-7
6.57E-7
4.23E-7
3.2279E-5
9.39E-7
1.869E-6
4.8E-7
1.522E-6
3.26E-6
6.6E-7
1.868E-6
1.737E-6
3.8411E-5
6.65E-7
8.05E-7
5.48E-7
3.3916E-5
1.286E-6
3.6832E-5
6.47E-7
7.04E-7
4.2634E-5
1.0E-6
3.9168E-5
2.3215E-5
1.978E-6
5.64E-7
3.66E-7
3.1803E-5
7.25E-7
6.09E-7
6.65E-7
3.92E-7
4.67E-7
9.6E-7
4.44E-7
2.6139E-5
1.6803E-5
4.6E-7
1.393E-6
1.217E-6
3.3831E-5
7.11E-7
8.38E-7
1.758E-6
9.12E-7
2.7846E-5
7.81E-7
3.711E-5
7.24E-7
5.72E-7
7.11E-7
2.8211E-5
7.5E-7
6.5E-7
1.179E-6
2.3699E-5
1.9083E-5
5.58E-7
2.7546E-5
5.37E-7
7.79E-7
3.5817E-5
8.44E-7
3.5051E-5
6.96E-7
8.09E-7
4.76E-7
5.987E-6
6.56E-7
6.04E-7
2.91E-6
3.207E-5
6.57E-7
6.69E-7
4.57E-7
3.9448E-5
6.71E-7
2.345E-6
5.0E-7
7.29E-7
1.4915E-5
9.71E-7
5.68E-7
6.36E-7
7.32E-7
2.122E-6
2.893E-6
1.129E-6
6.18E-7
2.564E-6
5.22E-7
1.1161E-5
9.22E-7
1.006E-6
3.6167E-5
6.56E-7
1.401E-5
2.7915E-5
1.9199E-5
1.014E-6
4.1791E-5
1.3415E-5
1.747E-6
5.97E-7
3.1566E-5
6.92E-7
4.3954E-5
6.42E-7
6.36E-7
5.23E-7
4.784E-6
2.486E-5
5.48E-7
4.0098E-5
6.4E-7
2.9799E-5
9.48E-7
8.63E-7
5.32E-7
8.28E-7
7.8E-7
3.2205E-5
6.55E-7
2.8591E-5
6.01E-7
1.2727E-5
5.29E-7
1.246E-6
3.1041E-5
6.26E-7
7.72E-7
5.61E-7
2.6558E-5
8.55E-7
8.79E-7
2.028E-6
1.22E-6
1.2405E-5
6.0E-7
2.6211E-5
6.27E-7
3.1054E-5
9.94E-7
5.2E-7
2.8355E-5
9.91E-7
4.66E-7
4.0529E-5
1.951E-6
3.7309E-5
6.24E-7
9.28E-7
5.14E-7
5.26E-7
9.34E-7
4.549E-6
3.106E-6
8.68E-7
5.54E-7
1.218E-6
1.8209E-5
5.08E-7
1.0496E-5
8.51E-7
1.1382E-5
5.26E-7
3.3316E-5
1.667E-6
2.172E-6
1.32E-6
7.07E-7
2.5455E-5
1.076E-6
5.19E-7
1.3214E-5
8.75E-7
3.146E-6
7.16E-7
3.444E-5
8.65E-7
7.45E-7
5.73E-7
2.6348E-5
7.07E-7
5.2E-7
3.011E-6
1.0426E-5
6.28E-7
1.225E-5
3.9601E-5
1.521E-6
1.629E-6
1.204E-6
5.34E-7
6.62E-7
1.7919E-5
1.9978E-5
2.288E-6
1.3129E-5
7.55E-7
7.88E-7
3.1204E-5
6.05E-7
2.7571E-5
3.2363E-5
7.05E-7
4.2727E-5
8.74E-7
5.15E-7
3.4151E-5
6.55E-7
3.9427E-5
3.2186E-5
5.5E-7
4.1591E-5
7.79E-7
5.98E-7
4.7E-7
2.915E-6
4.0736E-5
2.5828E-5
3.7484E-5
6.58E-7
2.355E-6
2.734E-5
8.71E-7
1.7669E-5
2.8688E-5
5.93E-7
3.5392E-5
1.4766E-5
1.019E-6
1.783E-6
8.42E-7
1.321E-6
4.95E-7
3.0944E-5
5.99E-7
5.74E-7
8.24E-7
3.086E-5
6.7E-7
3.883E-6
7.6E-7
1.501E-6
3.0472E-5
6.94E-7
8.1E-7
5.26E-7
7.46E-7
5.01E-7
6.32E-7
2.4653E-5
6.0E-7
8.41E-7
3.0257E-5
6.68E-7
1.2997E-5
1.498E-6
5.7E-7
8.25E-7
4.66E-7
4.42E-7
6.24E-7
3.4252E-5
2.4929E-5
5.77E-7
4.8E-7
6.71E-7
3.9929E-5
7.57E-7
2.032E-6
6.03E-7
4.1566E-5
5.81E-7
7.12E-7
3.3445E-5
3.607E-5
6.28E-7
5.03E-7
6.73E-7
5.99E-7
3.2057E-5
6.16E-7
6.18E-7
8.55E-7
5.67E-7
2.3716E-5
1.04E-6
5.4E-7
3.1004E-5
7.19E-7
2.906E-6
5.577E-6
6.85E-7
4.0611E-5
5.67E-7
7.05E-7
5.525E-6
5.01E-7
5.08E-7
8.55E-7
4.41E-7
1.079E-6
1.8126E-5
1.537E-6
4.74E-7
4.55E-7
3.5151E-5
1.465E-6
5.0E-7
1.1322E-5
8.08E-7
6.81E-7
2.9316E-5
3.8683E-5
3.3525E-5
8.25E-7
2.4493E-5
5.69E-7
1.426E-6
7.89E-7
7.23E-7
3.0294E-5
7.02E-7
1.802E-6
3.352E-6
4.0503E-5
3.4744E-5
6.6E-7
3.236E-6
4.3203E-5
7.97E-7
7.09E-7
4.78E-7
2.5425E-5
1.823E-6
5.19E-7
3.0999E-5
3.1985E-5
6.31E-7
2.6445E-5
5.63E-7
4.1105E-5
7.64E-7
5.02E-7
1.7338E-5
7.19E-7
1.262E-6
4.89E-7
7.05E-7
4.98E-7
5.212E-6
4.0732E-5
6.87E-7
3.5422E-5
9.45E-7
7.04E-7
1.913E-6
5.56E-7
1.541E-6
4.1051E-5
6.39E-7
3.2711E-5
8.51E-7
1.968E-6
2.9581E-5
6.53E-7
4.1137E-5
2.7162E-5
6.38E-7
6.23E-7
1.882E-6
3.553E-6
4.1054E-5
1.617E-6
3.341E-6
7.09E-7
1.256E-6
5.47E-7
1.0922E-5
2.8896E-5
8.1E-7
6.11E-7
3.3067E-5
1.8462E-5
6.79E-7
3.4222E-5
6.31E-7
5.251E-6
9.01E-7
9.21E-7
8.54E-7
1.056E-6
2.2086E-5
6.97E-7
3.5759E-5
5.92E-7
3.5653E-5
3.7679E-5
4.1165E-5
6.27E-7
7.09E-7
1.4767E-5
5.52E-7
4.3554E-5
1.544E-6
6.39E-7
3.0998E-5
6.19E-7
7.47E-7
4.31E-7
4.1188E-5
1.048E-6
4.0621E-5
6.63E-7
5.48E-7
4.1906E-5
4.1866E-5
6.39E-7
4.81E-7
4.2785E-5
3.8937E-5
1.019E-6
3.2513E-5
1.539E-6
6.08E-7
1.7182E-5
3.407E-6
7.44E-7
3.024E-6
6.15E-7
4.85E-7
8.14E-7
2.1407E-5
7.01E-7
4.66E-7
6.56E-7
6.35E-7
1.8041E-5
7.88E-7
6.19E-7
1.733E-6
5.05E-7
5.19E-7
8.78E-7
3.4954E-5
6.49E-7
7.55E-7
4.79E-7
1.599E-6
1.401E-6
3.003E-6
4.2602E-5
9.04E-7
9.74E-7
2.007E-6
6.6E-7
2.33E-6
1.359E-6
4.95E-7
5.07E-7
6.15E-7
8.28E-7
6.72E-7
2.3334E-5
1.321E-5
7.93E-7
8.143E-6
6.55E-7
5.66E-7
7.02E-7
2.1362E-5
1.474E-6
1.047E-6
4.53E-7
4.1889E-5
3.9134E-5
8.09E-7
3.0629E-5
5.77E-7
4.2838E-5
7.98E-7
4.91E-7
4.261E-6
2.8315E-5
5.93E-7
7.08E-7
1.066E-6
4.0464E-5
7.53E-7
4.0056E-5
6.53E-7
1.56463E-4
1.441E-6
3.568E-5
4.2053E-5
5.359E-5
1.117E-6
2.9311E-5
4.1092E-5
7.26E-7
8.07E-7
1.1608E-5
5.0802E-5
1.588E-6
1.5842E-5
6.9E-7
4.8494E-5
1.815E-6
6.55E-7
3.6286E-5
6.32E-7
4.0335E-5
3.9716E-5
5.62E-7
3.6832E-5
6.62E-7
3.6269E-5
7.7E-7
7.5005E-5
1.148E-6
7.5E-7
2.47E-6
7.07E-7
7.39E-7
1.047E-6
1.862E-6
7.58E-7
3.2639E-5
2.4364E-5
1.9148E-5
7.64E-7
5.447E-6
4.0254E-5
8.43E-7
7.08E-7
5.47E-7
6.4E-7
6.1E-7
1.223E-6
3.2504E-5
6.29E-7
4.5623E-5
6.83E-7
3.216E-6
8.312E-6
4.1622E-5
1.689E-6
5.44E-7
1.9479E-5
7.98E-7
5.05E-7
3.3082E-5
5.84E-7
4.0843E-5
7.33E-7
6.7E-7
3.231E-6
3.1775E-5
1.893E-6
5.15E-7
3.3532E-5
2.3696E-5
9.03E-7
1.2635E-5
2.8433E-5
1.78263E-4
1.035E-6
4.4544E-5
3.2952E-5
1.812E-6
8.94E-7
6.4E-7
5.2342E-5
2.4299E-5
9.07E-7
3.1869E-5
1.643E-6
7.06E-7
1.122E-5
3.6857E-5
6.74E-7
4.0475E-5
4.1591E-5
6.52E-7
8.66E-7
5.28E-7
4.0001E-5
2.594E-5
1.543E-6
5.65E-7
3.1088E-5
3.9142E-5
8.09E-7
2.984E-5
1.101E-6
8.32E-7
5.54E-7
1.594E-6
3.619E-6
5.68E-7
3.7999E-5
9.12E-7
4.0496E-5
6.89E-7
4.0168E-5
3.7534E-5
5.75E-7
9.34E-7
7.83E-7
2.9699E-5
3.1201E-5
3.6313E-5
8.69E-7
8.04E-7
3.5179E-5
8.92E-7
7.54E-7
8.82E-7
5.02E-7
6.5E-7
1.736E-6
5.31E-7
6.92E-7
4.51E-7
3.5517E-5
7.81E-7
2.5999E-5
1.6847E-5
5.03E-7
8.86E-7
3.4818E-5
1.541E-6
5.21E-7
1.8715E-5
6.14E-7
9.93E-6
7.48E-7
2.4921E-5
4.82E-7
4.2254E-5
3.3318E-5
2.593E-6
4.76E-7
2.00059E-4
7.24E-7
3.361E-6
3.52E-6
3.618E-6
4.74E-7
3.1315E-5
8.46E-7
8.6E-7
5.09E-7
6.49E-7
4.8E-7
5.7E-7
2.3661E-5
6.73E-7
6.02E-7
2.7461E-5
3.8951E-5
8.99E-7
6.92E-7
5.56E-7
2.757E-6
4.6E-7
7.9E-7
5.33E-7
7.31E-7
3.8092E-5
6.35E-7
6.45E-7
5.79E-7
7.04E-7
4.87E-7
4.79E-7
2.8736E-5
5.28E-7
3.8646E-5
3.1051E-5
4.2056E-5
7.97E-7
5.4E-7
6.12E-7
3.3338E-5
1.044E-6
8.224E-6
6.71E-7
2.4883E-5
9.94E-7
1.3933E-5
3.6418E-5
6.59E-7
5.59E-7
3.0049E-5
7.83E-7
9.18E-7
3.503E-6
6.31E-7
2.862E-6
5.42E-7
1.041E-6
6.33E-7
6.06E-7
6.45E-7
7.5E-7
3.9111E-5
6.47E-7
4.1402E-5
5.99E-7
2.9428E-5
1.872E-6
7.45E-7
1.1385E-5
9.036E-6
1.705E-6
8.79E-7
5.55E-7
5.49E-7
7.08E-7
5.3E-7
5.66E-7
2.882E-6
3.2098E-5
7.01E-7
7.82E-7
4.02E-7
5.66E-7
5.83E-7
3.7394E-5
5.34E-7
3.0001E-5
5.25E-7
4.3E-7
2.3267E-5
6.18E-7
3.239E-6
3.0015E-5
3.033E-5
5.34E-7
5.652E-6
3.0033E-5
3.7612E-5
3.126E-5
6.3E-7
8.58E-7
1.00729E-4
1.875E-6
8.35E-7
1.003E-6
3.8582E-5
1.068E-6
3.3141E-5
6.545E-6
8.76E-7
4.3698E-5
4.7283E-5
1.299E-6
8.19E-7
3.4794E-5
3.2734E-5
1.138E-6
8.21E-7
6.34E-7
1.6895E-5
6.29E-7
2.69E-6
8.19E-7
1.129E-6
1.6402E-5
6.58E-7
8.03E-7
6.75E-7
4.99E-7
9.6E-7
4.64E-7
1.145E-6
3.4995E-5
3.9252E-5
1.024E-6
9.72E-7
7.901E-6
2.502E-6
2.8409E-5
7.25E-7
1.03E-6
3.49E-5
1.864E-6
8.54E-7
1.056E-5
5.16E-7
2.352E-6
3.798E-5
1.283E-6
8.81E-7
1.7505E-5
8.82E-7
3.2722E-5
1.209E-6
8.93E-7
2.7721E-5
5.59E-7
3.567E-5
7.31E-7
3.2718E-5
6.1E-7
7.4E-7
1.7504E-5
3.8754E-5
1.2328E-5
5.17E-7
3.8854E-5
5.87E-7
5.17E-7
2.7053E-5
6.03E-7
3.2152E-5
5.53E-7
3.8479E-5
3.5824E-5
2.5161E-5
7.73E-7
1.3319E-5
1.118E-6
1.651E-5
1.651E-6
4.54E-7
3.0875E-5
1.541E-6
6.86E-7
3.4601E-5
7.82E-7
7.35E-7
2.5255E-5
3.4437E-5
5.9E-7
9.901E-6
2.5998E-5
4.0124E-5
3.4026E-5
6.29E-7
3.9067E-5
9.98E-7
1.008E-6
4.06E-7
8.14E-7
2.2932E-5
5.08E-7
3.8341E-5
3.2182E-5
8.68E-7
7.94E-7
4.11E-7
