6.679E-6
3.403E-6
1.962E-6
1.4088E-5
3.35E-6
2.302E-6
2.387E-6
1.643E-6
2.151E-6
2.187E-6
2.111E-6
2.056E-6
1.846E-6
2.279E-6
2.202E-6
2.064E-6
1.788E-6
1.938E-6
1.735E-6
2.018E-6
2.102E-6
1.815E-6
1.888E-6
1.827E-6
1.591E-6
1.806E-6
2.173E-6
1.374E-6
2.061E-6
1.92E-6
1.825E-6
3.098E-6
1.645E-6
2.342E-6
2.109E-6
2.239E-6
1.709E-6
1.718E-6
2.896E-6
2.036E-6
1.66E-6
1.727E-6
2.054E-6
1.648E-6
2.339E-6
2.005E-6
1.978E-6
2.319E-6
1.797E-6
1.947E-6
1.512E-6
2.01E-6
1.43E-6
2.165E-6
2.287E-6
1.54E-6
1.794E-6
1.905E-6
1.532E-6
2.079E-6
2.207E-6
1.85E-6
2.39E-6
1.795E-6
1.945E-6
2.276E-6
1.92E-6
2.622E-6
1.44E-6
1.895E-6
1.453E-6
2.09E-6
2.036E-6
1.607E-6
1.484E-6
2.592E-6
1.802E-6
1.933E-6
1.519E-6
2.287E-6
1.595E-6
1.855E-6
1.868E-6
1.949E-6
1.835E-6
1.524E-6
2.121E-6
4.349E-6
1.622E-6
1.68E-6
2.017E-6
1.825E-6
1.866E-6
1.887E-6
1.481E-6
2.455E-6
2.667E-6
2.535E-6
1.866E-6
1.429E-6
2.076E-6
1.509E-6
2.145E-6
1.422E-6
2.054E-6
2.235E-6
2.825E-6
2.607E-6
2.192E-6
1.636E-6
1.911E-6
2.57E-6
1.493E-6
1.641E-6
2.07E-6
2.149E-6
1.779E-6
1.299E-6
2.037E-6
1.428E-6
1.387E-6
1.876E-6
1.73E-6
2.056E-6
1.726E-6
2.161E-6
1.4326E-5
1.681E-6
2.004E-6
1.546E-6
2.317E-6
1.615E-6
2.104E-6
1.98E-6
1.59E-6
1.658E-6
2.474E-6
2.112E-6
1.484E-6
2.12E-6
1.76E-6
2.122E-6
1.859E-6
3.19E-6
1.819E-6
3.397E-6
1.645E-6
2.02E-6
2.001E-6
2.219E-6
2.213E-6
2.954E-6
1.937E-6
1.768E-6
1.864E-6
2.27E-6
1.463E-6
1.874E-6
2.019E-6
2.401E-6
1.943E-6
1.638E-6
2.005E-6
1.457E-6
1.367E-6
2.299E-6
1.793E-6
1.963E-6
2.104E-6
1.842E-6
2.047E-6
1.873E-6
1.526E-6
1.835E-6
2.77E-6
1.8E-6
1.566E-6
2.023E-6
2.35E-6
1.935E-6
1.497E-6
2.399E-6
1.614E-6
1.989E-6
2.265E-6
1.812E-6
1.656E-6
2.798E-6
2.073E-6
1.447E-6
2.68E-6
1.946E-6
4.675E-6
2.636E-6
1.715E-6
1.92E-6
2.159E-6
1.374E-6
1.573E-6
1.521E-6
2.287E-6
2.004E-6
1.598E-6
5.581E-6
1.967E-6
1.875E-6
1.709E-6
1.436E-6
2.375E-6
2.542E-6
1.706E-6
1.558E-6
1.795E-6
2.065E-6
1.66E-6
2.524E-6
2.164E-6
1.453E-6
1.656E-6
1.237E-6
2.125E-6
1.571E-6
1.391E-6
2.0377E-5
2.266E-6
2.037E-6
2.506E-6
3.487E-6
2.108E-6
1.68E-6
2.488E-6
1.634E-6
2.475E-6
2.216E-6
1.508E-6
1.834E-6
2.877E-6
2.441E-6
2.856E-6
1.534E-6
2.169E-6
1.98E-6
2.477E-6
1.869E-6
2.312E-6
1.618E-6
2.546E-6
2.423E-6
3.007E-6
2.062E-6
1.642E-6
2.361E-6
1.84E-6
1.515E-6
1.1805E-5
2.205E-6
3.008E-6
2.027E-6
1.944E-6
2.324E-6
1.695E-6
2.262E-6
1.6E-6
2.284E-6
1.646E-6
3.22E-6
1.678E-6
1.945E-6
1.529E-6
1.99E-6
1.481E-6
1.911E-6
2.941E-6
2.107E-6
1.486E-6
1.278E-6
1.423E-6
3.148E-6
1.538E-6
2.353E-6
2.962E-6
2.253E-6
1.29E-6
2.49E-6
2.509E-6
1.752E-6
1.579E-6
1.58E-6
2.387E-6
3.743E-6
1.621E-6
2.83E-6
1.505E-6
2.043E-6
1.389E-6
1.465E-6
2.112E-6
1.978E-6
1.392E-6
2.603E-6
1.579E-6
1.91E-6
2.041E-6
1.505E-6
1.845E-6
4.117E-6
1.743E-6
1.817E-6
2.979E-6
2.302E-6
1.399E-6
1.83E-6
1.532E-6
1.95E-6
1.986E-6
1.363E-6
2.163E-6
2.348E-6
1.273E-6
1.915E-6
1.772E-6
1.539E-6
4.39E-6
2.245E-6
1.724E-6
2.08E-6
1.975E-6
3.203E-6
2.278E-6
1.465E-6
2.238E-6
1.423E-6
2.326E-6
2.064E-6
2.243E-6
1.638E-6
2.065E-6
2.665E-6
1.875E-6
2.906E-6
1.73E-6
2.924E-6
3.404E-6
1.658E-6
2.385E-6
1.255E-6
1.035E-6
1.259E-6
1.133E-6
1.743E-6
2.493E-6
1.188E-6
1.656E-6
1.061E-6
2.0E-6
1.584E-6
1.102E-6
1.587E-6
1.932E-6
3.563E-6
1.309E-6
2.037E-6
2.078E-6
1.164E-6
3.291E-6
1.533E-6
3.399E-6
1.155E-6
1.865E-6
1.059E-6
1.495E-6
1.844E-6
2.047E-6
1.253E-6
1.285E-6
9.88E-7
1.638E-6
1.333E-6
1.766E-6
1.208E-6
1.113E-6
3.106E-6
4.781E-6
1.571E-6
2.17E-6
1.083E-6
1.099E-6
1.187E-6
1.69E-6
1.697E-6
1.192E-6
1.155E-6
2.611E-6
1.665E-6
1.049E-6
1.691E-6
1.569E-6
1.091E-6
1.233E-6
1.333E-6
1.575E-6
2.408E-6
1.532E-6
4.145E-6
1.959E-6
1.572E-6
1.483E-6
2.275E-6
1.244E-6
1.883E-6
1.702E-6
1.459E-6
1.027E-6
1.351E-6
1.014E-6
1.502E-6
2.178E-6
1.022E-6
1.933E-6
1.088E-6
2.302E-6
1.049E-6
2.728E-6
1.368E-6
1.438E-6
1.37E-6
1.807E-6
1.577E-6
1.161E-6
1.323E-6
1.497E-6
1.141E-6
1.113E-6
1.075E-6
1.565E-6
1.183E-6
1.114E-6
1.816E-6
1.237E-6
1.317E-6
1.098E-6
1.707E-6
2.01E-6
2.317E-6
1.316E-6
1.595E-6
1.263E-6
1.041E-6
1.072E-6
2.452E-6
1.236E-6
1.97E-6
2.039E-6
1.525E-6
1.143E-6
1.074E-6
1.029E-6
1.758E-6
1.252E-6
1.035E-6
1.34E-6
2.473E-6
2.02E-6
1.803E-6
1.091E-6
3.072E-6
2.07E-6
1.575E-6
1.341E-6
1.648E-6
3.788E-6
1.424E-6
3.379E-6
1.604E-6
1.427E-6
1.584E-6
1.138E-6
3.333E-6
1.577E-6
1.404E-6
9.36E-7
2.295E-6
1.074E-6
4.118E-6
1.158E-6
3.353E-6
1.387E-6
1.048E-6
1.922E-6
1.628E-6
1.315E-6
3.464E-6
1.68E-6
1.591E-6
1.353E-6
3.956E-6
1.306E-6
1.121E-6
1.439E-6
1.042E-6
1.007E-6
1.049E-6
1.615E-6
1.223E-6
1.183E-6
1.82E-6
2.058E-6
1.643E-6
4.413E-6
1.678E-6
4.208E-6
1.281E-6
2.143E-6
1.665E-6
1.523E-6
1.089E-6
1.964E-6
1.118E-6
1.993E-6
1.155E-6
3.643E-6
1.61E-6
1.066E-6
4.408E-6
4.166E-6
1.281E-6
1.141E-6
2.053E-6
3.128E-6
3.901E-6
1.316E-6
9.82E-7
4.997E-6
4.115E-6
2.029E-6
1.061E-6
1.318E-6
3.049E-6
1.093E-6
4.075E-6
3.932E-6
2.978E-6
1.137E-6
1.475E-6
1.182E-6
2.571E-6
1.666E-6
9.56E-7
1.763E-6
1.094E-6
2.007E-6
1.058E-6
1.299E-6
1.21E-6
6.29E-6
1.644E-6
1.768E-6
1.131E-6
1.647E-6
1.096E-6
1.057E-6
1.042E-6
4.669E-6
1.138E-6
1.23E-6
4.944E-6
1.935E-6
2.94E-6
1.667E-6
4.368E-6
2.389E-6
1.124E-6
3.87E-6
2.751E-6
1.864E-6
1.129E-6
1.297E-6
3.718E-6
1.943E-6
1.937E-6
5.741E-6
1.351E-6
1.571E-6
1.0805E-5
1.252E-6
2.106E-6
1.578E-6
1.344E-6
3.217E-6
1.964E-6
4.449E-6
1.33E-6
4.616E-6
1.156E-6
3.668E-6
1.165E-6
1.951E-6
2.95E-6
9.33E-7
1.3E-6
2.064E-6
1.059E-6
2.209E-6
1.672E-6
1.376E-6
1.323E-6
1.517E-6
3.063E-6
1.304E-6
2.915E-6
4.219E-6
1.057E-6
1.358E-6
3.755E-6
1.618E-6
1.713E-6
3.593E-6
4.994E-6
1.392E-6
1.915E-6
1.119E-6
1.507E-6
1.692E-6
1.669E-6
1.351E-6
4.897E-6
1.198E-6
1.051E-6
4.121E-6
1.609E-6
1.726E-6
1.039E-6
1.336E-6
1.753E-6
1.451E-6
2.041E-6
1.204E-6
1.281E-6
1.444E-6
1.416E-6
1.734E-6
1.751E-6
1.495E-6
1.32E-6
1.547E-6
1.07E-6
1.532E-6
1.328E-6
2.281E-6
1.245E-6
4.431E-6
1.222E-6
1.289E-6
1.152E-6
2.339E-6
1.153E-6
3.75E-6
1.459E-6
1.147E-6
4.87E-6
2.536E-6
1.159E-6
1.549E-6
1.175E-6
1.425E-6
1.316E-6
4.077E-6
1.621E-6
1.942E-6
1.218E-6
1.078E-6
1.3E-6
5.681E-6
1.284E-6
1.083E-6
1.255E-6
1.751E-6
1.397E-6
1.771E-6
5.461E-6
1.534E-6
1.651E-6
1.63E-6
5.56E-6
1.621E-6
1.092E-6
1.363E-6
1.557E-6
1.036E-6
9.75E-7
3.829E-6
1.024E-6
2.05E-6
1.241E-6
1.186E-6
1.158E-6
1.243E-6
1.151E-6
2.264E-6
1.628E-6
1.877E-6
1.642E-6
1.631E-6
2.111E-6
1.067E-6
1.913E-6
1.36E-6
1.38E-6
6.255E-6
4.018E-6
1.151E-6
1.673E-6
2.848E-6
1.608E-6
1.581E-6
1.594E-6
1.277E-6
1.181E-6
1.503E-6
1.412E-6
1.036E-6
1.6E-6
2.902E-6
1.19E-6
1.396E-6
2.239E-6
2.37E-6
1.5289E-5
1.987E-6
1.459E-6
3.658E-6
1.605E-6
1.113E-6
1.168E-6
2.438E-6
1.429E-6
1.088E-6
1.162E-6
1.543E-6
6.191E-6
1.242E-6
5.664E-6
1.29E-6
4.842E-6
2.294E-6
1.379E-6
1.554E-6
6.007E-6
1.24E-6
5.935E-6
1.993E-6
1.267E-6
1.46E-6
1.274E-6
1.158E-6
1.558E-6
4.797E-6
1.324E-6
1.894E-6
1.198E-6
4.939E-6
1.117E-6
1.11E-6
1.35E-6
4.307E-6
5.231E-6
1.214E-6
1.187E-6
1.609E-6
3.135E-6
1.047E-6
4.505E-6
1.318E-6
1.438E-6
2.102E-6
1.984E-6
1.321E-6
4.976E-6
1.226E-6
1.879E-6
3.953E-6
2.252E-6
6.981E-6
2.164E-6
5.769E-6
1.45E-6
1.807E-6
1.098E-6
1.523E-6
9.59E-7
1.151E-6
2.577E-6
1.474E-6
3.594E-6
1.097E-6
2.841E-6
1.389E-6
9.96E-7
7.923E-6
2.232E-6
1.831E-6
1.858E-6
1.583E-6
1.147E-6
5.8E-6
1.508E-6
1.055E-6
2.039E-6
1.259E-6
4.094E-6
1.209E-6
1.084E-6
1.45E-6
2.003E-6
2.041E-6
1.508E-6
1.47E-6
1.338E-6
5.631E-6
1.266E-6
2.047E-6
1.057E-6
1.586E-6
4.266E-6
1.14E-6
1.568E-6
1.097E-6
1.045E-6
1.43E-6
9.91E-7
1.39E-6
9.67E-7
1.344E-6
1.893E-6
1.38E-6
2.829E-6
1.129E-6
4.036E-6
1.603E-6
2.423E-6
1.742E-6
1.187E-6
1.071E-6
2.489E-6
1.094E-6
3.478E-6
1.22E-6
1.468E-6
1.493E-6
2.244E-6
1.433E-6
2.238E-6
1.056E-6
9.18E-7
1.309E-6
9.72E-7
8.283E-6
1.926E-6
1.187E-6
1.542E-6
1.923E-6
1.236E-6
1.281E-6
1.853E-6
1.123E-6
1.157E-6
1.065E-6
1.237E-6
1.287E-6
7.821E-6
1.206E-6
1.451E-6
2.429E-6
1.239E-6
1.315E-6
3.543E-6
1.443E-6
7.885E-6
1.508E-6
1.259E-6
5.351E-6
1.251E-6
1.155E-6
1.363E-6
8.653E-6
1.425E-6
2.414E-6
4.398E-6
1.042E-6
5.936E-6
1.291E-6
1.786E-6
6.132E-6
1.826E-6
1.238E-6
1.187E-6
1.196E-6
2.455E-6
1.845E-6
1.097E-6
1.615E-6
1.232E-6
2.126E-6
1.153E-6
1.083E-6
1.429E-6
3.977E-6
9.57E-7
1.477E-6
1.292E-6
4.4135E-5
2.4777E-5
1.127E-6
7.52E-7
1.083E-6
9.93E-7
7.79E-7
6.64E-7
1.5423E-5
1.799E-6
1.368E-6
7.11E-7
6.73E-7
2.694E-6
1.239E-6
9.86E-7
8.99E-7
6.93E-7
6.68E-7
8.43E-7
1.8727E-5
2.201E-6
1.422E-6
1.019E-6
1.28E-6
7.21E-7
9.63E-7
6.55E-7
6.73E-7
9.24E-7
4.085E-6
8.69E-7
9.76E-7
8.25E-7
1.096E-6
1.037E-6
6.5E-7
9.84E-7
2.24E-6
5.82E-7
7.81E-7
7.72E-7
6.7E-7
3.156E-6
2.354E-6
8.4E-7
2.771E-6
8.41E-7
2.606E-6
6.2E-7
9.33E-7
8.97E-7
1.201E-6
1.062E-6
7.85E-7
7.47E-7
2.257E-6
7.28E-7
1.824E-6
6.68E-7
2.43E-6
6.21E-7
8.55E-7
2.318E-6
6.77E-7
8.01E-7
1.1E-6
8.82E-7
8.8E-7
7.94E-7
1.586E-6
5.46E-7
1.009E-6
6.41E-7
2.356E-6
6.94E-7
9.18E-7
2.233E-6
8.29E-7
5.7E-7
5.53E-7
9.04E-7
1.431E-6
5.82E-7
9.01E-7
7.62E-7
6.64E-7
7.36E-7
6.33E-7
8.57E-7
9.87E-7
1.072E-6
9.0E-7
8.15E-7
1.287E-6
6.63E-7
2.649E-6
6.33E-7
5.38E-7
8.12E-7
1.321E-6
6.01E-7
6.74E-7
8.67E-7
5.5E-7
1.129E-6
6.08E-7
9.78E-7
9.22E-7
6.67E-7
8.43E-7
1.038E-6
9.13E-7
