3.852E-6
8.91E-7
1.085E-6
1.311E-6
6.24E-7
5.21E-7
7.12E-7
6.87E-7
5.99E-7
4.83E-7
1.158E-6
5.99E-7
9.93E-7
7.74E-7
7.11E-7
6.85E-7
4.92E-7
6.42E-7
6.59E-7
4.74E-7
5.22E-7
6.51E-7
6.97E-7
5.13E-7
4.04E-7
6.26E-7
2.425E-6
8.36E-7
6.63E-7
5.22E-7
4.41E-7
1.804E-6
4.61E-7
5.82E-7
5.25E-7
7.84E-7
5.59E-7
5.7E-7
9.76E-7
5.04E-7
6.48E-7
5.59E-7
5.25E-7
5.14E-7
7.17E-7
5.75E-7
6.7E-7
6.54E-7
4.41E-7
4.95E-7
5.67E-7
7.36E-7
4.83E-7
6.5E-7
6.59E-7
5.4E-7
6.64E-7
4.84E-7
8.04E-7
4.91E-7
4.9E-7
6.03E-7
5.96E-7
5.78E-7
7.57E-7
1.233E-6
8.85E-7
7.86E-7
6.88E-7
6.3E-7
4.38E-7
7.16E-7
6.61E-7
4.88E-7
4.67E-7
5.55E-7
5.5E-7
4.96E-7
4.25E-7
1.27E-6
5.35E-7
5.51E-7
6.34E-7
5.76E-7
5.34E-7
4.45E-7
5.12E-7
3.827E-6
5.48E-7
6.57E-7
5.27E-7
5.5E-7
4.5E-7
5.93E-7
5.02E-7
5.98E-7
7.49E-7
6.65E-7
5.72E-7
4.09E-7
5.65E-7
4.78E-7
5.37E-7
4.59E-7
5.06E-7
5.9E-7
4.78E-7
5.72E-7
6.54E-7
4.72E-7
4.91E-7
6.52E-7
5.24E-7
6.4E-7
5.24E-7
7.48E-7
5.52E-7
4.62E-7
6.32E-7
5.38E-7
4.0E-7
4.88E-7
5.16E-7
6.26E-7
7.08E-7
6.06E-7
6.36E-7
6.18E-7
7.65E-7
5.41E-7
5.82E-7
3.94E-7
5.08E-7
5.71E-7
3.93E-7
4.33E-7
7.98E-7
7.97E-7
4.56E-7
7.29E-7
6.26E-7
5.54E-7
6.7E-7
8.02E-7
4.66E-7
7.63E-7
5.89E-7
4.99E-7
5.14E-7
5.91E-7
6.58E-7
9.41E-7
5.49E-7
5.15E-7
5.97E-7
5.62E-7
4.45E-7
4.76E-7
5.8E-7
8.84E-7
6.09E-7
6.61E-7
7.25E-7
3.88E-7
5.16E-7
5.89E-7
5.83E-7
5.23E-7
6.31E-7
5.95E-7
3.365E-6
6.53E-7
5.9E-7
4.86E-7
8.41E-7
5.86E-7
4.23E-7
5.2E-7
6.81E-7
5.94E-7
4.16E-7
5.83E-7
4.65E-7
5.22E-7
6.87E-7
5.86E-7
5.46E-7
7.53E-7
7.46E-7
4.39E-7
7.82E-7
7.05E-7
5.88E-7
6.38E-7
4.74E-7
6.32E-7
5.76E-7
4.99E-7
4.18E-7
4.7E-7
8.05E-7
5.87E-7
4.87E-7
5.54E-7
4.88E-7
4.97E-7
4.67E-7
4.36E-7
8.7E-7
5.86E-7
5.0E-7
4.37E-7
4.92E-7
5.16E-7
4.2E-7
6.67E-7
5.36E-7
4.79E-7
5.35E-7
4.2E-7
5.74E-7
4.91E-7
4.62E-7
8.35E-7
6.1E-7
5.59E-7
6.31E-7
5.29E-7
6.06E-7
5.59E-7
7.55E-7
4.7E-7
6.69E-7
6.92E-7
4.84E-7
6.67E-7
6.17E-7
2.32E-6
8.16E-7
8.09E-7
6.61E-7
6.78E-7
7.87E-7
6.53E-7
6.17E-7
5.08E-7
6.95E-7
5.72E-7
8.36E-7
5.29E-7
5.45E-7
6.15E-7
4.23E-7
5.28E-7
4.06E-7
6.76E-7
8.18E-7
5.99E-7
5.5E-7
6.48E-7
4.57E-7
5.2E-7
4.33E-7
6.84E-7
6.72E-7
9.2E-7
6.3E-7
5.45E-7
4.91E-7
6.68E-7
4.8E-7
5.08E-7
9.35E-7
5.48E-7
5.03E-7
4.54E-7
3.79E-7
9.16E-7
5.1E-7
6.73E-7
9.36E-7
5.19E-7
4.5E-7
7.73E-7
8.11E-7
6.57E-7
5.48E-7
4.67E-7
5.94E-7
1.043E-6
5.16E-7
8.17E-7
4.57E-7
5.5E-7
5.62E-7
4.65E-7
6.47E-7
4.83E-7
3.46E-7
4.94E-7
4.49E-7
6.5E-7
5.25E-7
5.49E-7
3.94E-7
1.286E-6
5.81E-7
5.93E-7
8.73E-7
7.2E-7
5.23E-7
5.47E-7
5.73E-7
6.15E-7
6.22E-7
4.87E-7
9.29E-7
8.25E-7
4.92E-7
5.7E-7
5.17E-7
4.93E-7
1.278E-6
6.81E-7
4.59E-7
4.87E-7
6.52E-7
7.18E-7
6.38E-7
5.79E-7
5.48E-7
3.86E-7
7.19E-7
5.84E-7
5.95E-7
5.88E-7
5.83E-7
8.27E-7
6.14E-7
8.41E-7
5.83E-7
4.46E-7
7.35E-7
6.57E-7
7.15E-7
4.83E-7
5.27E-7
5.21E-7
3.87E-7
5.69E-7
8.16E-7
5.48E-7
7.43E-7
4.56E-7
6.89E-7
6.59E-7
4.7E-7
2.18E-6
6.95E-7
1.192E-6
4.53E-7
7.3E-7
5.8E-7
4.88E-7
1.206E-6
5.83E-7
1.234E-6
4.97E-7
6.21E-7
4.63E-7
6.77E-7
7.31E-7
6.64E-7
6.07E-7
5.05E-7
3.95E-7
5.88E-7
5.89E-7
6.52E-7
4.57E-7
4.44E-7
1.184E-6
7.3E-7
6.19E-7
7.35E-7
4.47E-7
4.2E-7
5.04E-7
8.2E-7
6.55E-7
5.49E-7
4.56E-7
7.96E-7
6.21E-7
4.74E-7
7.74E-7
6.38E-7
4.91E-7
6.39E-7
8.74E-7
7.35E-7
8.27E-7
7.26E-7
1.484E-6
6.21E-7
5.8E-7
5.63E-7
6.43E-7
5.12E-7
6.51E-7
6.06E-7
5.94E-7
4.26E-7
5.15E-7
5.59E-7
6.34E-7
9.28E-7
4.96E-7
8.49E-7
5.86E-7
9.76E-7
4.59E-7
9.38E-7
7.12E-7
5.89E-7
5.08E-7
8.7E-7
5.75E-7
4.45E-7
7.1E-7
6.07E-7
5.23E-7
4.72E-7
4.8E-7
6.49E-7
4.12E-7
5.87E-7
5.64E-7
4.42E-7
5.92E-7
3.96E-7
6.76E-7
8.69E-7
7.33E-7
5.56E-7
4.92E-7
6.0E-7
3.84E-7
4.08E-7
7.86E-7
4.57E-7
8.71E-7
7.2E-7
6.12E-7
4.68E-7
5.33E-7
4.57E-7
8.08E-7
6.1E-7
4.59E-7
5.54E-7
1.012E-6
7.22E-7
7.61E-7
4.51E-7
1.202E-6
6.75E-7
5.74E-7
6.26E-7
4.96E-7
1.13E-6
5.32E-7
1.437E-6
5.37E-7
5.35E-7
8.88E-7
4.48E-7
1.209E-6
5.95E-7
7.43E-7
4.83E-7
9.97E-7
6.94E-7
1.566E-6
5.65E-7
5.2E-7
5.94E-7
5.55E-7
6.47E-7
4.94E-7
4.75E-7
1.224E-6
5.67E-7
5.53E-7
6.05E-7
1.258E-6
4.42E-7
5.05E-7
5.98E-7
5.77E-7
4.44E-7
4.86E-7
7.22E-7
5.32E-7
4.92E-7
5.8E-7
7.12E-7
6.48E-7
1.419E-6
7.01E-7
1.389E-6
4.8E-7
6.32E-7
7.69E-7
5.14E-7
3.72E-7
7.08E-7
4.82E-7
7.42E-7
4.86E-7
1.355E-6
6.85E-7
4.28E-7
1.599E-6
1.527E-6
5.03E-7
5.82E-7
7.18E-7
6.46E-7
1.528E-6
7.35E-7
4.61E-7
1.73E-6
1.483E-6
7.33E-7
4.18E-7
6.68E-7
9.69E-7
4.99E-7
1.587E-6
1.496E-6
1.045E-6
4.75E-7
6.55E-7
4.75E-7
9.97E-7
5.96E-7
4.51E-7
9.9E-7
5.26E-7
6.92E-7
4.12E-7
8.27E-7
6.47E-7
2.051E-6
5.51E-7
5.87E-7
4.21E-7
6.65E-7
5.92E-7
4.45E-7
4.73E-7
1.694E-6
4.88E-7
5.02E-7
1.592E-6
6.83E-7
1.285E-6
6.28E-7
1.613E-6
8.03E-7
4.8E-7
1.311E-6
1.146E-6
6.7E-7
5.43E-7
4.52E-7
1.311E-6
6.86E-7
7.88E-7
2.038E-6
4.82E-7
6.56E-7
1.522E-6
4.75E-7
7.36E-7
7.04E-7
5.09E-7
1.169E-6
6.84E-7
1.366E-6
6.0E-7
1.518E-6
4.8E-7
1.298E-6
4.57E-7
6.66E-7
1.158E-6
4.8E-7
5.13E-7
7.66E-7
5.76E-7
9.19E-7
6.06E-7
6.43E-7
5.86E-7
5.36E-7
1.153E-6
4.93E-7
8.57E-7
1.486E-6
4.52E-7
6.03E-7
6.09E-7
5.92E-7
7.19E-7
1.617E-6
1.796E-6
4.41E-7
6.73E-7
4.31E-7
5.85E-7
6.38E-7
7.52E-7
5.05E-7
1.673E-6
5.15E-7
4.69E-7
1.454E-6
6.75E-7
6.47E-7
5.1E-7
4.83E-7
5.94E-7
5.66E-7
6.52E-7
4.35E-7
5.21E-7
7.36E-7
6.61E-7
9.56E-7
6.75E-7
6.57E-7
4.4E-7
5.85E-7
5.13E-7
6.68E-7
5.65E-7
7.56E-7
5.43E-7
1.673E-6
5.83E-7
5.56E-7
4.82E-7
9.96E-7
4.74E-7
7.59E-7
8.13E-7
4.6E-7
1.642E-6
1.061E-6
4.81E-7
7.12E-7
7.26E-7
8.14E-7
4.08E-7
1.486E-6
7.23E-7
7.39E-7
5.67E-7
5.95E-7
6.67E-7
2.085E-6
6.62E-7
5.8E-7
5.16E-7
7.69E-7
4.75E-7
8.08E-7
1.881E-6
7.44E-7
7.38E-7
1.03E-6
2.603E-6
6.2E-7
5.96E-7
7.79E-7
5.95E-7
4.49E-7
4.52E-7
1.239E-6
5.2E-7
7.84E-7
4.75E-7
6.37E-7
4.73E-7
5.5E-7
5.72E-7
8.29E-7
6.97E-7
7.58E-7
6.6E-7
5.87E-7
8.65E-7
5.36E-7
8.32E-7
4.57E-7
6.29E-7
2.088E-6
1.597E-6
4.95E-7
5.79E-7
9.35E-7
7.2E-7
5.48E-7
5.77E-7
7.35E-7
4.44E-7
7.01E-7
6.34E-7
6.92E-7
8.02E-7
1.919E-6
4.67E-7
6.38E-7
9.52E-7
9.49E-7
1.258E-6
7.78E-7
7.0E-7
1.116E-6
6.47E-7
5.95E-7
6.22E-7
8.94E-7
7.48E-7
5.7E-7
5.02E-7
6.33E-7
2.256E-6
5.79E-7
1.413E-6
5.29E-7
1.796E-6
9.07E-7
6.41E-7
7.63E-7
2.346E-6
5.2E-7
9.06E-7
9.04E-7
5.74E-7
8.08E-7
6.49E-7
5.33E-7
6.88E-7
1.757E-6
6.05E-7
9.06E-7
5.2E-7
1.823E-6
5.9E-7
5.08E-7
5.38E-7
1.472E-6
1.787E-6
7.03E-7
5.99E-7
8.46E-7
1.238E-6
6.91E-7
1.797E-6
5.61E-7
7.46E-7
8.67E-7
8.5E-7
5.19E-7
1.777E-6
7.13E-7
7.73E-7
1.569E-6
8.03E-7
2.527E-6
7.21E-7
1.534E-6
5.76E-7
6.19E-7
6.83E-7
6.99E-7
5.13E-7
5.59E-7
7.98E-7
5.75E-7
1.269E-6
5.07E-7
1.065E-6
8.02E-7
5.64E-7
2.972E-6
9.61E-7
7.62E-7
7.14E-7
6.46E-7
5.44E-7
2.088E-6
5.38E-7
4.93E-7
9.13E-7
7.32E-7
1.579E-6
5.56E-7
4.82E-7
6.33E-7
9.69E-7
7.75E-7
6.81E-7
9.42E-7
5.43E-7
2.12E-6
4.99E-7
8.04E-7
4.54E-7
5.92E-7
1.351E-6
5.9E-7
6.0E-7
5.1E-7
5.14E-7
5.89E-7
4.29E-7
7.73E-7
6.02E-7
7.82E-7
6.49E-7
5.07E-7
1.179E-6
4.08E-7
1.392E-6
6.45E-7
1.004E-6
8.23E-7
5.54E-7
5.2E-7
1.164E-6
4.79E-7
1.588E-6
4.89E-7
7.14E-7
5.95E-7
8.61E-7
6.15E-7
5.69E-7
5.63E-7
4.0E-7
5.63E-7
5.08E-7
3.014E-6
7.05E-7
4.5E-7
8.54E-7
7.67E-7
5.12E-7
4.78E-7
7.18E-7
4.35E-7
5.54E-7
4.66E-7
6.46E-7
6.19E-7
2.218E-6
5.25E-7
5.72E-7
9.01E-7
5.7E-7
5.16E-7
1.122E-6
5.07E-7
2.664E-6
6.01E-7
5.68E-7
1.811E-6
4.85E-7
5.49E-7
5.33E-7
1.666E-6
4.95E-7
7.59E-7
1.588E-6
5.64E-7
2.065E-6
4.92E-7
6.87E-7
2.023E-6
8.37E-7
5.18E-7
4.41E-7
5.09E-7
7.9E-7
6.67E-7
5.17E-7
7.5E-7
5.72E-7
7.81E-7
4.64E-7
4.71E-7
5.38E-7
1.549E-6
5.08E-7
6.34E-7
4.84E-7
6.04E-7
2.306E-6
5.71E-7
4.37E-7
6.4E-7
6.07E-7
5.96E-7
4.55E-7
8.13E-7
6.59E-7
7.89E-7
4.99E-7
5.04E-7
1.199E-6
6.13E-7
9.95E-7
7.44E-7
5.74E-7
5.87E-7
4.6E-7
5.28E-7
1.136E-6
1.051E-6
6.38E-7
9.95E-7
5.11E-7
8.31E-7
4.59E-7
4.02E-7
6.03E-7
2.9E-6
4.91E-7
6.78E-7
5.28E-7
6.84E-7
7.63E-7
4.86E-7
6.51E-7
1.368E-6
4.2E-7
5.78E-7
6.4E-7
5.79E-7
2.215E-6
2.137E-6
6.23E-7
2.706E-6
5.94E-7
2.516E-6
6.68E-7
6.01E-7
4.94E-7
8.81E-7
7.37E-7
1.046E-6
6.72E-7
2.068E-6
5.48E-7
1.605E-6
5.09E-7
1.74E-6
4.93E-7
1.9975E-5
3.583E-6
1.075E-6
9.17E-7
1.152E-6
7.93E-7
9.11E-7
7.94E-7
1.451E-6
5.9E-7
1.04E-6
7.53E-7
1.971E-6
6.78E-7
8.85E-7
2.629E-6
5.63E-7
6.75E-7
7.25E-7
1.179E-6
1.201E-6
5.22E-7
5.97E-7
5.75E-7
6.27E-7
5.07E-7
5.81E-7
6.94E-7
8.4E-7
5.73E-7
8.12E-7
8.39E-7
1.151E-6
5.23E-7
2.45E-6
6.0E-7
5.71E-7
7.5E-7
1.2E-6
6.25E-7
5.29E-7
7.73E-7
4.13E-7
9.23E-7
5.46E-7
9.62E-7
9.38E-7
5.18E-7
1.155E-6
6.9E-7
8.84E-7
9.44E-7
2.594E-6
1.361E-6
5.89E-7
1.536E-6
5.32E-7
7.4E-7
7.17E-7
9.13E-7
9.24E-7
1.015E-6
6.85E-7
6.85E-7
5.91E-7
2.096E-6
5.73E-7
5.59E-7
1.194E-6
6.73E-7
8.56E-7
1.143E-6
5.11E-7
3.297E-6
8.17E-7
2.958E-6
1.018E-6
5.12E-7
7.66E-7
7.18E-7
1.725E-6
6.01E-7
7.64E-7
8.37E-7
7.03E-7
5.89E-7
6.13E-7
6.79E-7
5.38E-7
5.97E-7
5.27E-7
1.649E-6
5.59E-7
6.96E-7
7.97E-7
5.76E-7
2.221E-6
2.257E-6
6.97E-7
9.8E-7
4.74E-7
5.45E-7
2.495E-6
7.97E-7
6.45E-7
4.63E-7
1.351E-6
7.64E-7
6.7E-7
8.32E-7
5.61E-7
8.0E-7
7.9E-7
7.73E-7
7.29E-7
5.62E-7
9.49E-7
3.084E-6
5.82E-7
5.02E-7
7.42E-7
5.89E-7
6.25E-7
6.84E-7
6.96E-7
9.59E-7
2.758E-6
5.56E-7
4.97E-7
2.958E-6
5.88E-7
6.84E-7
4.73E-7
7.12E-7
5.46E-7
7.07E-7
4.75E-7
4.7E-7
2.398E-6
3.86E-6
8.19E-7
1.792E-6
5.99E-7
7.73E-7
4.96E-7
8.2E-7
4.99E-7
2.322E-6
5.66E-7
2.266E-6
2.896E-6
7.19E-7
1.393E-6
5.61E-7
8.4E-7
8.07E-7
6.76E-7
7.93E-7
5.24E-7
1.03E-6
2.561E-6
5.5E-7
2.31E-6
2.031E-6
5.71E-7
1.038E-6
6.21E-7
7.56E-7
1.014E-6
5.29E-7
5.81E-7
1.866E-6
5.39E-7
3.316E-6
5.5E-7
5.25E-7
6.401E-6
7.23E-7
7.11E-7
6.51E-7
5.19E-7
5.09E-7
5.21E-7
6.2E-7
9.02E-7
8.26E-7
7.54E-7
5.2E-7
7.5E-7
5.05E-7
2.552E-6
4.53E-7
5.14E-7
8.02E-7
5.38E-7
6.67E-7
2.745E-6
1.158E-6
2.504E-6
7.28E-7
7.46E-7
6.43E-7
2.382E-6
1.141E-6
5.73E-7
8.32E-7
5.65E-7
5.49E-7
2.312E-6
5.19E-7
5.27E-7
1.671E-6
6.38E-7
6.82E-7
5.71E-7
2.132E-6
9.19E-7
6.91E-7
5.19E-7
1.456E-6
5.57E-7
4.87E-7
6.39E-7
5.22E-7
1.379E-6
5.71E-7
8.82E-7
4.69E-7
5.02E-7
7.55E-7
6.55E-7
6.74E-7
2.756E-6
6.92E-7
6.36E-7
7.11E-7
6.32E-7
5.56E-7
3.251E-6
8.38E-7
6.25E-7
8.96E-7
5.5E-7
5.91E-7
2.889E-6
2.763E-6
9.13E-7
7.42E-7
2.941E-6
8.64E-7
1.707E-6
2.014E-6
5.47E-7
5.49E-7
6.78E-7
1.697E-6
1.077E-6
5.33E-7
4.93E-7
8.01E-7
7.02E-7
5.96E-7
6.15E-7
6.91E-7
5.21E-7
1.623E-6
6.48E-7
6.79E-7
5.4E-7
2.008E-6
5.35E-7
5.96E-7
5.03E-7
8.84E-7
3.004E-6
6.62E-7
5.31E-7
3.179E-6
6.91E-7
2.119E-6
8.65E-7
6.57E-7
4.9E-7
1.447E-6
5.79E-7
7.87E-7
6.77E-7
5.58E-7
7.33E-7
3.303E-6
7.5E-7
7.17E-7
6.62E-7
6.74E-7
9.17E-7
5.64E-7
9.21E-7
2.671E-6
6.85E-7
2.092E-6
6.81E-7
6.43E-7
5.14E-7
1.1E-6
5.57E-7
7.03E-7
9.83E-7
6.0E-7
2.095E-6
5.89E-7
7.44E-7
8.89E-7
6.0E-7
6.62E-7
4.37E-7
1.27E-6
3.049E-6
2.787E-6
6.08E-7
1.536E-6
5.54E-7
2.068E-6
5.71E-7
7.44E-7
2.41E-6
6.08E-7
5.21E-7
9.09E-7
6.74E-7
2.499E-6
2.567E-6
7.18E-7
3.352E-6
5.85E-7
6.28E-7
2.72E-6
7.19E-7
6.48E-7
1.855E-6
6.11E-7
2.79E-6
1.2E-6
5.41E-7
2.564E-6
7.1E-7
1.038E-6
2.108E-6
6.54E-7
2.417E-6
6.46E-7
7.21E-7
5.67E-7
2.048E-6
6.44E-7
6.07E-7
8.96E-7
7.76E-7
2.165E-6
8.27E-7
7.7E-7
2.127E-6
4.92E-7
7.24E-7
2.741E-6
9.5E-7
7.16E-7
2.639E-6
6.4E-7
8.59E-7
5.46E-7
1.041E-6
4.375E-6
6.19E-7
6.28E-7
5.486E-6
8.02E-7
8.12E-7
6.68E-7
1.135E-6
5.38E-7
1.143E-6
7.97E-7
5.599E-6
1.185E-6
5.28E-7
6.96E-7
6.33E-7
5.6E-7
9.92E-7
1.068E-6
3.259E-6
5.66E-7
6.53E-7
1.124E-6
5.19E-7
2.175E-6
5.26E-7
6.93E-7
7.88E-7
5.22E-7
5.17E-7
1.065E-6
8.26E-7
6.85E-7
1.687E-6
5.81E-7
5.05E-7
7.05E-7
6.37E-7
2.424E-6
1.147E-6
6.44E-7
1.371E-6
2.481E-6
7.13E-7
2.237E-6
5.62E-7
2.49E-6
5.05E-7
3.438E-6
7.46E-7
7.45E-7
1.363E-6
6.69E-7
5.698E-6
1.769E-6
2.345E-6
6.59E-7
5.36E-7
6.76E-7
3.182E-6
8.29E-7
8.87E-7
6.82E-7
6.23E-7
9.59E-7
6.35E-7
1.782E-6
5.67E-7
5.491E-6
1.167E-6
7.28E-7
6.75E-7
1.668E-6
7.09E-7
5.48E-7
6.9E-7
6.25E-7
8.18E-7
1.477E-6
5.6E-7
5.41E-7
7.88E-7
5.49E-7
2.23E-6
8.16E-7
2.339E-6
6.29E-7
6.75E-7
3.414E-6
6.87E-7
6.92E-7
2.761E-6
3.074E-6
6.6E-7
5.179E-6
6.48E-7
9.78E-7
5.214E-6
6.34E-7
8.08E-7
7.33E-7
6.7E-7
4.878E-6
6.39E-7
4.99E-7
4.808E-6
6.86E-7
1.428E-6
6.4E-7
5.249E-6
2.214E-6
6.85E-7
6.27E-7
6.72E-7
7.08E-7
2.45E-6
5.94E-7
4.73E-7
5.12E-7
9.94E-7
5.24E-7
5.2E-7
2.691E-6
2.097E-6
5.48E-7
2.785E-6
5.93E-7
2.004E-6
7.22E-7
6.38E-7
8.44E-7
5.54E-7
3.027E-6
2.99E-6
5.21E-7
5.23E-7
6.16E-7
2.679E-6
5.55E-7
7.18E-7
9.95E-7
6.84E-7
2.186E-6
5.14E-7
6.45E-7
3.13E-6
5.45E-7
1.649E-6
9.51E-7
6.74E-7
6.06E-7
3.678E-6
5.98E-7
5.37E-7
5.43E-7
2.844E-6
8.98E-7
3.154E-6
3.251E-6
5.7E-7
6.03E-7
5.64E-7
4.84E-7
6.41E-7
5.42E-7
2.265E-6
9.24E-7
6.31E-7
5.46E-7
2.965E-6
7.03E-7
2.34E-6
6.79E-7
5.9E-7
5.49E-7
2.161E-6
5.39E-7
7.24E-7
7.23E-7
5.79E-7
2.865E-6
7.08E-7
2.42E-6
7.48E-7
6.67E-7
1.151E-6
5.52E-7
1.483E-6
6.03E-7
5.08E-7
1.865E-6
1.368E-6
5.6E-7
8.39E-7
6.63E-7
5.77E-7
6.43E-7
6.28E-7
9.45E-7
5.84E-7
3.305E-6
8.36E-7
1.272E-6
4.92E-7
5.73E-7
7.56E-7
8.78E-7
1.954E-6
7.8E-7
6.68E-7
4.78E-7
6.85E-7
6.21E-7
5.18E-7
2.865E-6
1.528E-6
6.6E-7
8.44E-7
4.94E-7
7.28E-7
1.121E-6
2.437E-6
1.251E-6
8.61E-7
6.89E-7
5.36E-7
6.38E-7
2.051E-6
8.27E-7
6.38E-7
5.64E-7
2.939E-6
7.32E-7
2.047E-6
8.78E-7
2.392E-6
6.57E-7
7.13E-7
2.423E-6
4.07E-6
9.16E-7
7.36E-7
5.252E-6
5.63E-7
5.209E-6
7.86E-7
7.863E-6
6.89E-7
5.97E-7
7.73E-7
7.63E-7
9.19E-7
1.1757E-5
4.573E-6
1.118E-6
6.34E-7
7.29E-7
7.61E-7
2.883E-6
1.127E-6
7.14E-7
4.85E-7
7.793E-6
5.37E-7
7.43E-7
5.06E-7
7.846E-6
2.094E-6
5.75E-7
6.83E-7
5.05E-7
8.15E-7
8.2E-7
6.36E-7
6.71E-7
2.536E-6
5.21E-7
6.07E-7
5.12E-7
1.119E-6
4.44E-7
5.61E-7
1.079E-6
6.34E-7
1.282E-6
7.23E-7
8.44E-7
2.527E-6
9.14E-7
6.91E-7
3.133E-6
6.81E-7
4.015E-6
2.51E-6
7.04E-7
5.48E-7
4.9E-7
8.65E-7
3.246E-6
3.217E-6
6.48E-7
9.21E-7
6.88E-7
7.05E-7
6.11E-7
8.081E-6
8.11E-7
1.95E-6
5.74E-7
5.79E-7
8.65E-7
7.82E-7
5.3E-7
8.04E-7
2.127E-6
1.554E-6
6.43E-7
7.24E-7
5.543E-6
2.504E-6
1.442E-6
5.16E-7
4.89E-7
7.239E-6
5.64E-7
9.55E-7
3.551E-6
7.64E-7
9.662E-6
6.02E-7
6.65E-7
7.379E-6
7.27E-7
6.37E-7
8.4E-7
5.57E-7
9.07E-7
5.424E-6
2.794E-6
5.76E-6
1.054E-6
5.42E-7
5.57E-7
5.76E-7
6.92E-7
7.606E-6
5.73E-7
3.567E-6
7.65E-7
8.59E-7
3.001E-6
7.75E-7
8.45E-7
9.24E-7
6.34E-7
5.85E-7
6.99E-7
2.867E-6
6.31E-7
9.67E-7
6.84E-7
2.815E-6
5.03E-7
6.35E-7
8.52E-7
8.54E-7
1.742E-6
7.4E-7
2.778E-6
7.01E-7
7.57E-7
5.83E-7
7.728E-6
6.59E-7
2.735E-6
8.64E-7
4.53E-7
5.79E-7
2.264E-6
7.16E-7
1.153E-6
6.69E-7
6.35E-7
5.684E-6
7.77E-7
6.18E-7
7.18E-7
6.67E-7
6.68E-7
6.95E-7
4.988E-6
6.74E-7
2.033E-6
5.21E-7
5.21E-6
9.81E-7
9.059E-6
6.27E-7
5.44E-7
9.96E-7
8.04E-7
9.22E-7
5.23E-7
5.49E-7
6.18E-7
8.67E-7
4.895E-6
5.98E-7
2.976E-6
7.55E-7
5.34E-7
5.45E-7
7.18E-7
4.89E-7
6.61E-7
1.02E-6
6.851E-6
5.34E-7
6.95E-7
6.74E-7
4.66E-7
8.87E-7
5.52E-7
7.37E-7
5.8E-7
5.26E-7
6.51E-7
2.403E-6
3.052E-6
8.083E-6
5.81E-7
5.747E-6
7.5E-7
5.75E-7
3.018E-6
7.826E-6
1.911E-6
5.68E-7
5.39E-7
1.0194E-5
6.4E-7
7.36E-7
1.0014E-5
8.95E-7
1.105E-6
4.42E-7
1.532E-6
6.31E-7
7.88E-7
7.865E-6
8.45E-7
5.42E-7
7.58E-7
6.77E-7
6.68E-7
1.46E-6
9.25E-7
1.36E-6
6.11E-7
6.57E-7
7.02E-7
7.05E-7
5.54E-7
4.99E-7
1.244E-6
5.26E-7
9.99E-7
6.59E-7
1.337E-6
8.97E-7
1.583E-6
6.84E-7
7.67E-7
4.65E-7
6.072E-6
5.94E-7
1.1974E-5
7.27E-7
5.53E-7
8.28E-7
5.07E-7
2.902E-6
7.12E-7
4.74E-7
1.669E-6
6.11E-7
6.18E-7
8.832E-6
1.0318E-5
7.03E-7
9.79E-7
1.656E-6
6.22E-7
5.32E-7
5.1E-7
5.618E-6
2.152E-6
6.49E-7
7.13E-7
2.393E-6
5.14E-7
7.88E-7
7.84E-6
6.23E-7
5.32E-7
5.73E-7
6.79E-7
5.61E-7
2.185E-6
1.073E-6
6.96E-7
5.05E-7
2.099E-6
6.05E-7
6.78E-7
6.134E-6
5.54E-7
8.543E-6
6.1E-7
2.726E-6
1.52E-6
6.91E-7
1.346E-6
5.894E-6
1.306E-6
8.07E-7
2.286E-6
6.03E-7
7.63E-7
3.28E-6
7.82E-7
9.02E-7
1.015E-6
5.87E-7
7.7E-7
7.33E-7
6.96E-7
2.891E-6
1.067E-6
7.27E-7
6.53E-7
7.88E-7
1.1311E-5
5.689E-6
8.79E-7
7.67E-7
5.9E-7
7.25E-7
5.21E-7
1.319E-6
3.188E-6
5.55E-7
5.84E-7
1.1064E-5
1.0777E-5
6.67E-7
1.0006E-5
5.85E-7
1.359E-6
7.956E-6
9.093E-6
1.434E-6
2.024E-6
7.74E-7
3.486E-6
1.111E-6
5.22E-7
6.75E-7
8.64E-7
6.68E-7
6.78E-7
4.77E-7
8.21E-7
8.55E-7
1.168E-6
1.77E-6
5.11E-7
1.1972E-5
5.83E-7
8.64E-7
6.21E-7
7.129E-6
7.082E-6
5.3E-7
6.35E-7
8.68E-7
5.73E-7
7.13E-7
1.887E-6
5.61E-7
5.1E-7
2.167E-6
6.44E-7
5.2E-7
5.59E-7
1.1541E-5
1.115E-5
6.38E-7
2.6E-6
7.46E-7
6.74E-7
7.641E-6
9.39E-7
7.52E-7
6.14E-7
1.531E-5
7.78E-7
4.48E-7
1.0166E-5
5.76E-7
1.223E-5
6.67E-7
7.35E-7
6.53E-7
2.125E-6
6.884E-6
6.18E-7
1.249E-5
9.385E-6
1.0022E-5
5.84E-7
8.8E-7
5.77E-7
9.576E-6
1.735E-6
6.01E-7
5.35E-7
4.85E-7
5.71E-7
4.82E-7
2.14E-6
5.96E-7
4.71E-7
7.55E-7
8.96E-7
1.2565E-5
8.98E-7
6.48E-7
5.49E-7
1.2756E-5
9.12E-7
5.58E-7
7.305E-6
9.281E-6
8.947E-6
6.45E-7
3.086E-6
5.94E-7
1.092E-6
1.2836E-5
5.98E-7
8.57E-7
1.1737E-5
7.28E-7
3.578E-6
9.63E-7
7.49E-7
1.374E-6
4.84E-7
6.85E-7
6.48E-7
8.73E-7
6.8E-7
1.0405E-5
1.2435E-5
7.82E-7
7.87E-7
8.6E-7
8.757E-6
6.11E-7
1.965E-6
2.341E-6
5.726E-6
6.9E-7
6.12E-7
7.81E-7
7.01E-7
7.14E-7
2.041E-6
9.2E-7
7.91E-7
7.82E-7
1.5273E-5
6.35E-7
2.646E-6
5.59E-7
5.55E-7
4.64E-7
5.11E-7
6.84E-7
5.66E-7
6.66E-7
8.16E-7
7.316E-6
8.32E-7
1.5784E-5
6.98E-7
1.787E-6
9.46E-7
6.67E-7
8.289E-6
7.8E-7
7.54E-7
3.211E-6
5.88E-7
1.81E-6
1.095E-6
9.06E-7
6.59E-7
5.9E-7
1.1478E-5
7.89E-7
8.48E-7
1.1373E-5
1.67E-6
7.02E-7
7.81E-7
8.49E-7
1.197E-6
4.653E-6
9.35E-7
7.87E-7
1.128E-5
6.838E-6
7.91E-7
6.79E-7
5.75E-6
5.8E-7
7.36E-7
1.3493E-5
1.2994E-5
1.253E-6
9.1E-7
6.09E-7
5.13E-7
1.3151E-5
1.328E-6
1.361E-6
5.59E-7
2.566E-6
2.49E-6
6.1E-7
1.153E-6
6.215E-6
7.06E-7
7.97E-7
1.0082E-5
1.0794E-5
7.77E-7
3.865E-6
7.51E-7
1.1953E-5
6.6E-7
6.9E-7
7.51E-7
6.46E-7
8.323E-6
7.09E-7
4.84E-7
6.095E-6
5.56E-7
7.85E-7
1.2644E-5
3.453E-6
6.66E-7
3.001E-6
5.55E-7
8.1E-7
1.151E-6
7.08E-7
2.234E-6
1.0301E-5
6.98E-7
5.4E-7
8.08E-7
8.82E-7
8.83E-7
1.34E-6
1.069E-6
6.06E-7
9.478E-6
1.2562E-5
6.06E-7
1.3398E-5
8.11E-7
7.57E-7
1.0892E-5
2.724E-6
1.392E-6
1.727E-6
6.65E-7
1.464E-6
4.397E-6
7.09E-7
1.2543E-5
8.63E-7
7.15E-7
5.07E-7
1.345E-6
1.1033E-5
6.79E-7
1.004E-6
1.3129E-5
6.18E-7
8.245E-6
6.13E-7
1.2235E-5
6.81E-7
1.014E-5
5.36E-7
1.3437E-5
1.08E-6
1.2563E-5
2.071E-6
5.47E-7
1.138E-6
6.58E-7
9.11E-7
1.082E-6
6.09E-7
6.5E-7
7.53E-7
7.65E-7
1.5209E-5
6.06E-7
4.66E-7
7.37E-7
9.281E-6
6.18E-7
6.364E-6
7.63E-7
1.488E-6
8.89E-7
5.43E-7
4.98E-7
2.503E-6
6.35E-7
4.333E-6
5.76E-7
7.2E-7
1.0152E-5
8.28E-7
9.903E-6
6.27E-7
8.56E-7
6.74E-7
4.88E-7
5.69E-7
2.488E-6
5.44E-7
4.24E-7
1.237E-6
3.303E-6
5.38E-7
1.2345E-5
1.1428E-5
1.123E-6
4.84E-7
6.4E-7
2.67E-6
8.969E-6
1.507E-6
8.34E-7
7.12E-7
5.85E-7
6.23E-7
1.732E-6
5.65E-7
1.203E-6
1.276E-5
6.54E-7
1.2226E-5
5.28E-7
8.456E-6
8.25E-7
5.098E-6
7.51E-7
4.713E-6
7.57E-7
1.383E-6
1.267E-6
9.991E-6
5.89E-7
7.66E-7
4.75E-7
1.1065E-5
6.1E-7
5.68E-7
4.6E-7
4.63E-7
2.263E-6
6.29E-7
1.222E-6
3.355E-6
4.67E-7
7.63E-7
6.314E-6
4.01E-7
6.147E-6
4.42E-7
1.208E-6
6.22E-7
4.308E-6
4.72E-7
4.02E-7
2.826E-6
6.11E-7
5.69E-7
6.9E-7
3.87E-7
5.63E-7
3.335E-6
7.76E-7
1.4398E-5
4.41E-7
4.9E-7
1.0807E-5
4.18E-7
9.95E-7
1.681E-6
7.17E-7
5.19E-7
3.52E-7
1.3565E-5
6.63E-7
8.72E-7
4.29E-7
5.38E-7
4.72E-7
1.2E-6
4.34E-7
1.3572E-5
1.3693E-5
4.83E-7
1.3652E-5
1.1472E-5
7.18E-7
1.547E-6
1.166E-6
6.79E-7
7.223E-6
8.34E-7
2.682E-6
4.31E-7
3.692E-6
4.4E-7
6.881E-6
9.095E-6
4.55E-7
1.086E-6
1.4297E-5
4.73E-7
3.126E-6
5.27E-7
2.72E-6
5.52E-7
3.64E-7
8.676E-6
6.01E-7
6.96E-7
4.4E-7
5.67E-7
1.384E-5
1.3445E-5
5.32E-7
3.296E-6
1.397E-6
4.51E-7
1.74E-6
8.478E-6
4.7E-7
4.52E-7
3.9E-7
2.963E-6
4.17E-7
4.29E-7
6.94E-7
6.42E-7
3.503E-6
3.84E-7
6.62E-7
7.01E-7
4.01E-7
5.44E-7
3.78E-7
4.35E-7
1.2048E-5
7.51E-7
5.86E-7
3.75E-7
5.93E-7
1.0922E-5
5.7E-7
5.29E-7
5.96E-7
4.97E-7
5.82E-7
4.298E-6
4.18E-7
5.326E-6
5.48E-7
7.471E-6
1.004E-6
1.4524E-5
5.25E-7
8.624E-6
4.0E-7
5.54E-7
5.2E-7
6.15E-7
3.47E-7
4.7E-7
3.399E-6
3.93E-7
8.68E-7
9.801E-6
4.06E-7
5.76E-7
5.04E-7
5.6E-7
9.759E-6
9.957E-6
8.37E-7
8.3E-7
5.37E-7
1.441E-6
3.331E-6
7.56E-7
5.57E-7
8.06E-7
1.0046E-5
5.2E-7
8.842E-6
4.24E-7
6.73E-7
8.99E-6
4.71E-7
4.07E-7
9.012E-6
4.85E-7
7.7E-7
1.777E-5
6.45E-7
1.5995E-5
7.03E-7
5.07E-7
4.77E-7
7.1E-7
1.4476E-5
5.49E-7
1.4118E-5
5.02E-7
4.06E-7
8.452E-6
4.49E-7
9.96E-7
6.696E-6
8.87E-7
5.02E-7
1.5366E-5
9.614E-6
5.18E-7
1.702E-6
5.0E-7
9.286E-6
4.31E-7
4.69E-7
5.03E-7
7.69E-7
5.92E-7
1.0351E-5
1.261E-5
8.942E-6
9.639E-6
1.073E-6
5.51E-7
1.0817E-5
5.68E-7
7.6E-7
1.5316E-5
1.3013E-5
5.35E-7
4.34E-7
3.75E-7
1.442E-6
5.207E-6
6.06E-7
6.73E-7
4.599E-6
7.64E-7
4.79E-7
7.21E-7
6.07E-7
1.443E-6
8.49E-7
4.25E-7
4.35E-7
3.93E-7
1.3932E-5
1.573E-6
6.98E-7
1.2931E-5
1.7739E-5
1.0767E-5
7.64E-7
1.199E-6
6.53E-7
4.25E-7
6.11E-7
4.39E-7
6.4E-7
1.6118E-5
7.8E-7
3.639E-6
1.133E-6
8.83E-7
1.6923E-5
7.12E-7
7.03E-7
4.99E-7
1.377E-6
6.04E-7
1.926E-6
5.53E-7
6.73E-7
1.455E-6
4.45E-7
1.533E-6
1.147E-6
6.3E-7
1.311E-5
5.79E-7
4.34E-7
1.0413E-5
1.699E-5
8.85E-7
7.773E-6
6.86E-7
4.09E-7
6.16E-7
2.14E-6
7.244E-6
4.56E-7
5.29E-7
7.24E-7
3.203E-6
1.008E-6
6.2E-7
1.6574E-5
6.86E-7
8.42E-7
5.12E-7
6.2E-7
1.6836E-5
6.69E-7
4.54E-7
7.02E-7
1.5099E-5
1.642E-6
5.63E-7
7.06E-7
4.86E-7
6.65E-7
6.55E-7
6.58E-7
1.6518E-5
8.97E-7
1.026E-6
1.83E-6
5.09E-7
7.22E-7
4.69E-7
7.56E-7
1.59E-6
6.83E-7
8.3E-7
6.07E-7
1.6344E-5
6.73E-7
1.0884E-5
9.06E-7
1.7636E-5
1.6918E-5
9.95E-7
3.357E-6
1.686E-6
5.85E-7
4.75E-7
7.64E-7
7.65E-7
8.04E-7
1.309E-6
7.57E-7
1.34E-6
4.8E-7
1.865E-6
5.46E-7
1.372E-6
1.152E-6
7.55E-7
6.95E-7
6.73E-7
6.85E-7
1.175E-6
6.99E-7
9.07E-7
1.056E-6
5.28E-7
5.95E-7
8.04E-7
4.32E-7
6.29E-7
1.7345E-5
1.1161E-5
6.33E-7
1.7006E-5
7.912E-6
8.1E-7
5.124E-6
1.0077E-5
1.642E-6
1.88E-6
1.384E-6
9.62E-7
5.91E-7
4.5E-7
7.993E-6
1.3471E-5
1.6167E-5
9.76E-7
1.129E-6
8.58E-7
6.43E-7
5.73E-7
5.92E-7
6.13E-7
1.8305E-5
7.95E-7
5.98E-7
1.5782E-5
7.04E-7
5.2E-7
1.3627E-5
1.354E-6
1.8523E-5
9.47E-7
1.328E-6
1.14E-6
9.36E-7
6.12E-7
8.71E-7
1.5951E-5
6.63E-7
1.7203E-5
7.53E-7
7.34E-7
1.6984E-5
1.178E-6
1.0046E-5
5.65E-7
1.131E-6
1.5994E-5
6.0E-7
1.1192E-5
7.11E-7
1.6046E-5
1.1158E-5
1.5458E-5
1.448E-6
7.99E-7
2.933E-6
4.7E-7
1.2532E-5
1.404E-5
5.85E-7
1.0115E-5
1.0253E-5
6.09E-7
7.55E-7
1.7984E-5
7.1E-7
7.68E-7
8.23E-7
1.7075E-5
7.8E-7
4.34E-6
1.905E-6
6.58E-7
4.62E-7
2.242E-6
4.48E-7
1.2277E-5
7.2E-7
1.4242E-5
2.937E-6
4.92E-7
3.749E-6
1.062E-6
6.68E-7
4.19E-7
1.942E-6
5.923E-6
5.82E-7
5.582E-6
7.73E-7
2.507E-6
1.4782E-5
1.257E-6
1.065E-6
7.53E-7
1.106E-5
5.75E-7
1.2331E-5
5.03E-7
8.39E-7
6.56E-7
7.21E-7
1.766E-6
5.67E-7
1.7283E-5
7.33E-7
4.02E-7
1.1467E-5
6.21E-7
5.84E-7
1.5948E-5
1.1801E-5
6.08E-7
4.61E-7
5.34E-7
5.0E-7
1.169E-6
7.52E-7
1.7146E-5
1.063E-6
6.637E-6
6.51E-7
8.188E-6
7.12E-7
4.94E-7
3.552E-6
5.55E-7
5.99E-7
7.1E-7
1.3715E-5
5.91E-7
1.4438E-5
1.595E-6
6.65E-7
1.2965E-5
8.84E-7
5.7E-7
6.43E-7
6.88E-6
5.09E-7
4.59E-7
1.377E-5
1.7999E-5
2.35E-6
6.11E-7
1.8311E-5
7.0E-7
6.12E-7
2.465E-6
6.62E-7
4.86E-7
1.7287E-5
2.336E-6
4.49E-7
5.477E-6
1.7988E-5
5.78E-7
6.44E-7
1.393E-6
4.95E-7
7.63E-7
9.73E-7
5.97E-7
6.86E-7
6.88E-7
1.5978E-5
5.19E-7
4.451E-6
5.27E-7
9.024E-6
5.49E-7
2.624E-6
5.13E-7
6.9E-7
2.559E-6
1.5681E-5
6.56E-7
5.83E-7
5.34E-7
6.57E-7
1.8116E-5
5.93E-7
6.3E-7
1.1949E-5
5.06E-7
5.848E-6
5.16E-7
1.1824E-5
1.067E-6
2.2272E-5
9.37E-7
7.47E-7
1.8859E-5
1.577E-6
5.82E-7
5.12E-7
8.31E-7
6.61E-7
2.224E-6
5.0E-7
6.03E-7
8.61E-7
5.07E-7
4.65E-7
1.769E-5
9.24E-7
4.85E-7
1.788E-5
6.04E-7
8.59E-7
1.2425E-5
6.49E-7
3.175E-6
7.63E-7
7.89E-7
1.008E-6
5.12E-7
7.56E-7
7.78E-7
6.09E-7
1.085E-6
2.768E-6
5.1E-7
8.218E-6
4.85E-7
5.02E-7
5.77E-7
4.73E-7
8.952E-6
1.207E-5
5.16E-7
5.05E-7
1.1861E-5
1.5517E-5
5.97E-7
3.042E-6
2.639E-6
8.15E-7
1.764E-5
9.01E-7
5.09E-7
6.68E-7
1.4666E-5
1.5985E-5
8.42E-7
5.69E-7
1.129E-6
6.02E-7
7.13E-7
2.789E-6
4.681E-6
5.02E-7
8.986E-6
1.155E-6
8.7E-7
1.339E-5
1.838E-6
1.9866E-5
1.005E-6
1.484E-6
1.5397E-5
7.69E-7
4.58E-7
4.8E-7
1.7912E-5
7.24E-7
3.283E-6
1.0432E-5
5.24E-7
5.645E-6
6.32E-7
1.976E-6
5.01E-7
2.762E-6
8.88E-7
9.48E-7
5.13E-7
2.192E-6
1.595E-6
2.403E-6
5.61E-7
2.074E-6
6.77E-7
4.94E-7
7.12E-7
4.79E-7
5.09E-7
8.41E-7
1.948E-6
1.9014E-5
1.7212E-5
7.5E-7
5.47E-7
5.61E-7
9.03E-7
1.8569E-5
7.07E-7
1.5023E-5
7.11E-7
1.3236E-5
7.2E-7
5.46E-7
1.285E-6
2.609E-6
6.53E-7
1.7916E-5
7.14E-7
1.219E-6
5.57E-7
3.273E-6
8.37E-7
5.69E-7
5.18E-7
1.069E-5
9.65E-7
7.73E-7
1.454E-5
1.734E-5
5.423E-6
7.66E-7
1.8725E-5
7.39E-7
4.967E-6
7.8E-7
1.882E-5
6.61E-7
9.894E-6
7.45E-7
5.382E-6
9.32E-7
1.1E-6
6.15E-7
1.9903E-5
6.11E-7
7.4E-7
1.0346E-5
8.74E-7
7.12E-7
6.96E-7
1.2024E-5
8.035E-6
6.27E-7
5.59E-7
3.339E-6
6.33E-7
1.3289E-5
1.8452E-5
1.84E-6
1.6053E-5
2.842E-6
8.44E-7
5.97E-7
2.998E-6
7.14E-7
4.738E-6
4.8E-7
8.967E-6
2.032E-6
2.577E-6
7.23E-7
1.4605E-5
1.2551E-5
1.546E-6
2.3121E-5
7.02E-7
4.6E-7
1.055E-6
1.4454E-5
4.79E-7
7.64E-7
9.96E-7
9.28E-7
1.8431E-5
7.35E-7
4.62E-7
4.216E-6
1.9535E-5
5.84E-7
1.12E-6
7.653E-6
1.5887E-5
6.37E-7
4.87E-7
1.516E-6
8.48E-7
1.3146E-5
5.26E-7
1.2592E-5
4.58E-7
5.61E-7
8.43E-7
6.57E-7
4.81E-7
1.418E-6
1.345E-6
4.17E-7
5.0E-7
9.964E-6
2.636E-6
5.08E-7
5.67E-7
8.76E-7
7.419E-6
5.0E-7
2.0159E-5
6.824E-6
6.24E-7
5.62E-7
4.317E-6
6.61E-7
1.528E-6
2.887E-6
5.31E-7
5.2E-7
1.758E-6
7.71E-7
8.444E-6
8.05E-7
5.68E-7
5.86E-7
1.531E-6
8.19E-7
2.1102E-5
7.94E-7
8.63E-7
1.404E-6
1.9035E-5
1.6322E-5
1.0367E-5
1.251E-6
1.362E-5
1.661E-6
1.8642E-5
6.33E-7
7.96E-7
1.5792E-5
5.54E-7
1.112E-6
6.09E-7
1.6094E-5
1.9114E-5
8.62E-7
7.8E-7
1.5181E-5
6.94E-7
1.336E-6
1.9404E-5
4.77E-7
1.5437E-5
1.2551E-5
1.456E-5
7.38E-7
1.387E-5
6.59E-7
8.48E-7
5.86E-7
9.896E-6
4.66E-7
1.5287E-5
5.81E-7
7.2E-7
7.71E-7
7.33E-7
7.45E-7
1.234E-6
9.48E-7
1.0255E-5
4.79E-7
7.12E-7
1.014E-5
7.68E-7
6.25E-7
5.0E-7
7.31E-7
4.85E-7
6.07E-7
9.17E-7
6.81E-7
5.62E-7
6.73E-7
1.5923E-5
7.9E-7
1.19E-6
4.79E-7
5.59E-7
4.95E-7
2.204E-6
2.1308E-5
2.0002E-5
1.702E-5
8.29E-7
9.39E-7
5.37E-7
8.09E-7
4.71E-7
1.986E-6
7.63E-7
1.1602E-5
4.73E-7
2.75E-6
1.5367E-5
5.31E-7
1.3139E-5
6.26E-7
1.9496E-5
7.91E-7
1.3131E-5
6.27E-7
1.6637E-5
7.45E-7
1.4455E-5
1.784E-6
1.98E-5
5.85E-7
1.8909E-5
5.1E-7
6.79E-7
1.933E-6
7.68E-7
2.655E-6
6.234E-6
1.4974E-5
5.91E-7
6.86E-7
9.0E-7
7.24E-7
6.183E-6
5.06E-7
2.673E-6
1.2408E-5
1.4125E-5
7.96E-7
7.32E-7
1.983E-6
4.16E-7
4.99E-7
1.7374E-5
5.43E-7
3.95E-7
1.404E-6
5.69E-7
1.6983E-5
5.91E-7
5.96E-7
4.26E-7
8.97E-7
1.894E-6
4.68E-7
6.03E-7
6.529E-6
5.08E-7
1.167E-6
6.65E-7
5.92E-7
8.01E-7
6.79E-7
4.41E-7
1.9846E-5
4.87E-7
1.6518E-5
2.077E-6
1.6741E-5
4.55E-7
1.0901E-5
1.7225E-5
6.21E-7
6.58E-7
7.858E-6
1.5657E-5
5.22E-7
2.0395E-5
1.9299E-5
6.42E-7
6.08E-7
6.6E-7
4.09E-7
1.5083E-5
8.27E-7
8.69E-7
1.4831E-5
1.084E-6
7.17E-7
1.7111E-5
5.36E-7
7.48E-7
1.5162E-5
5.13E-7
6.15E-7
9.678E-6
7.04E-7
2.0426E-5
8.45E-7
1.9917E-5
8.16E-7
1.108E-6
1.9021E-5
7.54E-7
1.8773E-5
1.3602E-5
6.16E-7
8.23E-7
2.667E-6
2.1063E-5
1.6905E-5
4.83E-7
4.46E-7
4.423E-6
4.56E-7
1.2424E-5
8.956E-6
8.52E-7
9.41E-7
1.7011E-5
1.1937E-5
1.0E-6
9.11E-7
4.28E-7
1.594E-6
1.7196E-5
6.23E-7
2.325E-6
4.71E-7
4.04E-7
1.6582E-5
4.47E-7
2.0098E-5
9.57E-7
2.0588E-5
7.079E-6
1.1534E-5
5.77E-7
2.2488E-5
4.59E-7
1.4236E-5
6.05E-7
1.6958E-5
8.05E-7
2.0596E-5
5.9E-7
2.0127E-5
8.96E-7
6.69E-7
5.924E-6
6.48E-7
1.9534E-5
1.644E-6
1.5703E-5
6.21E-7
8.12E-7
6.81E-7
1.275E-6
2.0201E-5
6.62E-7
2.0972E-5
7.0E-7
7.24E-7
8.916E-6
1.526E-6
2.1058E-5
1.003E-6
7.64E-7
6.59E-7
5.3E-7
2.1389E-5
1.048E-6
6.22E-7
8.75E-7
2.2492E-5
1.107E-6
4.89E-7
5.69E-7
1.7662E-5
5.19E-7
5.2E-7
9.06E-7
4.37E-7
6.84E-7
9.43E-7
8.51E-6
3.143E-6
5.52E-7
1.1319E-5
6.26E-7
7.1E-7
2.1587E-5
5.42E-7
4.63E-7
5.39E-7
1.7929E-5
6.89E-7
1.569E-6
2.0678E-5
5.25E-7
4.53E-7
2.1108E-5
6.33E-7
4.65E-7
2.791E-6
6.82E-7
4.11E-7
6.3E-7
5.67E-7
9.44E-7
7.62E-7
3.95E-7
1.096E-6
4.37E-7
2.1298E-5
8.52E-7
4.75E-7
5.04E-7
1.172E-5
2.2656E-5
8.24E-7
1.358E-6
1.876E-6
5.83E-7
5.13E-7
5.11E-7
2.064E-6
4.63E-7
9.77E-7
4.37E-7
6.25E-7
3.112E-6
6.3E-7
1.7725E-5
1.5832E-5
9.86E-6
4.71E-7
1.1171E-5
7.33E-7
6.81E-7
1.245E-5
5.09E-7
5.37E-7
4.18E-7
5.76E-7
6.05E-7
4.44E-7
2.347E-6
4.09E-7
1.7833E-5
6.57E-7
7.75E-7
1.6812E-5
1.154E-6
1.438E-6
7.17E-7
4.9E-7
1.7114E-5
6.416E-6
6.75E-7
1.215E-6
1.9182E-5
1.0E-6
6.97E-7
6.6E-7
6.74E-7
4.29E-7
6.07E-7
8.79E-7
1.2447E-5
1.615E-6
5.61E-7
5.34E-7
2.225E-6
4.89E-7
1.6622E-5
8.26E-7
6.44E-7
4.0E-7
1.957E-6
7.95E-7
1.352E-5
6.0E-7
3.96E-7
2.087E-6
4.69E-7
4.89E-7
1.907E-6
4.8E-7
7.25E-7
6.41E-7
1.6128E-5
5.98E-7
6.34E-7
6.613E-6
4.33E-7
5.43E-7
1.8155E-5
6.93E-7
7.12E-7
2.238E-6
8.91E-7
6.01E-7
1.5483E-5
1.2078E-5
6.44E-7
6.818E-6
5.95E-7
1.299E-6
4.55E-7
1.266E-6
5.47E-7
4.16E-7
4.62E-7
1.843E-6
6.13E-7
1.892E-5
1.0322E-5
5.24E-7
4.53E-7
5.84E-7
7.91E-7
4.17E-7
4.93E-7
6.2E-7
9.938E-6
7.21E-7
4.05E-7
7.71E-7
5.61E-7
1.6444E-5
4.95E-7
2.301E-6
8.38E-7
9.6E-7
6.19E-7
5.32E-7
2.5891E-5
8.67E-7
8.89E-6
1.877E-6
1.3611E-5
5.3E-7
8.18E-7
2.0324E-5
2.07E-6
1.3406E-5
5.24E-7
7.06E-7
1.218E-6
2.4087E-5
6.17E-7
6.38E-7
4.4E-7
6.93E-7
4.95E-7
7.27E-7
4.22E-7
1.675E-6
2.3694E-5
6.05E-7
6.75E-7
1.0498E-5
1.299E-5
7.23E-7
1.235E-6
1.555E-6
8.05E-7
1.171E-5
5.64E-7
1.0379E-5
2.025E-6
7.92E-7
2.437E-6
5.581E-6
1.841E-6
4.6E-7
2.2971E-5
5.365E-6
4.99E-7
8.16E-7
7.19E-7
2.1624E-5
5.59E-7
1.461E-6
9.589E-6
8.13E-7
7.86E-6
6.06E-7
5.251E-6
6.5E-7
4.79E-7
8.88E-7
1.6655E-5
6.73E-7
2.494E-6
6.13E-7
1.3812E-5
5.29E-7
5.01E-7
5.094E-6
8.12E-7
1.182E-6
5.37E-7
1.994E-5
6.61E-7
8.12E-7
5.77E-7
1.3202E-5
3.241E-6
8.47E-7
5.41E-7
7.1E-7
1.3382E-5
7.77E-7
5.78E-7
1.4221E-5
7.13E-7
1.4027E-5
9.13E-7
1.6336E-5
6.96E-7
7.17E-7
7.45E-7
5.62E-7
4.53E-7
7.38E-7
2.2324E-5
8.86E-7
1.5805E-5
5.23E-7
2.1624E-5
1.3727E-5
7.62E-7
7.33E-7
7.21E-7
1.127E-6
1.7443E-5
2.1301E-5
4.75E-7
6.066E-6
7.53E-7
5.82E-7
1.0244E-5
2.2753E-5
4.96E-7
1.9507E-5
2.473E-6
7.807E-6
4.81E-7
1.379E-5
5.55E-7
2.607E-6
1.8737E-5
5.08E-7
7.49E-7
3.78E-7
5.25E-7
2.3757E-5
6.61E-7
8.38E-7
4.7E-7
6.5E-7
2.077E-6
7.23E-7
1.8203E-5
5.26E-7
5.26E-7
1.0159E-5
4.57E-7
2.371E-5
1.8132E-5
5.08E-7
4.98E-7
3.94E-7
5.73E-7
2.2154E-5
1.519E-6
5.93E-7
1.7113E-5
5.05E-7
1.808E-5
1.7503E-5
9.39E-7
7.65E-7
2.3193E-5
6.26E-7
4.9E-7
1.266E-6
5.128E-6
1.3355E-5
1.672E-6
8.96E-7
3.149E-6
6.79E-7
1.4702E-5
1.6436E-5
5.0E-7
5.08E-7
3.188E-6
4.98E-7
2.879E-6
4.24E-7
7.31E-7
1.3023E-5
1.3746E-5
6.47E-7
1.477E-6
1.6834E-5
5.4E-7
6.64E-7
4.7E-7
1.0957E-5
1.2472E-5
6.142E-6
8.944E-6
6.28E-7
6.51E-7
5.63E-7
1.1878E-5
1.483E-6
2.2392E-5
1.22E-6
2.699E-6
4.96E-7
6.14E-7
6.55E-7
8.66E-7
4.43E-7
1.3871E-5
5.77E-7
5.92E-7
3.465E-6
5.54E-7
2.0087E-5
9.47E-7
1.4968E-5
4.84E-7
5.575E-6
5.16E-7
6.02E-7
3.393E-6
2.845E-6
1.7417E-5
5.63E-7
7.23E-6
6.45E-7
1.7125E-5
1.038E-6
2.432E-6
1.855E-6
1.595E-6
2.539E-6
2.3678E-5
5.39E-7
4.6E-7
2.3212E-5
4.93E-7
2.2143E-5
5.06E-7
4.6E-7
4.73E-7
2.3948E-5
8.36E-7
2.5918E-5
7.46E-7
2.0093E-5
5.11E-7
8.468E-6
8.29E-7
7.73E-7
6.038E-6
4.32E-7
1.7304E-5
4.79E-7
5.31E-7
2.3684E-5
2.18E-6
1.868E-6
4.93E-7
2.1602E-5
6.39E-7
1.86E-6
1.9724E-5
4.96E-7
1.6676E-5
6.65E-7
7.23E-7
5.73E-7
5.92E-7
5.132E-6
4.8E-7
1.45E-6
5.43E-7
1.7242E-5
1.599E-6
1.7101E-5
5.47E-7
5.63E-7
1.6837E-5
6.57E-7
4.56E-7
2.192E-6
5.41E-7
5.14E-7
4.93E-7
8.19E-7
8.53E-7
2.7742E-5
1.5179E-5
5.38E-7
2.141E-5
2.0252E-5
8.23E-7
5.64E-7
2.478E-6
4.96E-7
1.2629E-5
7.47E-7
5.82E-7
3.375E-6
1.8205E-5
6.17E-7
4.64E-7
1.783E-6
5.84E-7
4.57E-7
4.93E-7
1.463E-5
5.87E-7
7.24E-7
2.484E-5
8.27E-7
2.1226E-5
1.554E-6
9.57E-7
7.57E-7
1.2782E-5
5.14E-7
2.4722E-5
5.79E-7
5.25E-7
2.8027E-5
2.5071E-5
1.922E-6
6.65E-7
2.3024E-5
2.3366E-5
2.4615E-5
5.74E-7
1.9977E-5
8.82E-7
1.2638E-5
4.9E-7
4.5E-7
8.07E-7
2.0568E-5
1.422E-6
1.3409E-5
2.363E-5
6.66E-7
2.2795E-5
6.12E-7
4.85E-7
2.4382E-5
5.46E-7
9.657E-6
8.14E-7
6.44E-7
1.8389E-5
7.67E-7
6.51E-7
1.2983E-5
5.08E-7
1.5536E-5
2.769E-6
2.0728E-5
2.988E-6
2.1568E-5
6.82E-7
5.33E-7
6.65E-7
4.6E-7
1.267E-6
1.749E-6
4.7E-7
4.35E-7
7.96E-7
6.28E-7
1.5329E-5
7.31E-7
8.26E-7
1.327E-6
6.05E-7
2.0818E-5
7.76E-7
6.17E-7
5.32E-7
6.83E-7
2.775E-6
6.03E-7
1.474E-6
2.3783E-5
5.68E-7
2.7251E-5
7.12E-7
5.51E-7
6.86E-7
5.672E-6
1.5853E-5
4.77E-7
1.9484E-5
5.34E-7
4.57E-7
6.05E-7
3.335E-6
6.75E-7
1.7154E-5
1.1546E-5
9.32E-7
5.86E-7
2.1891E-5
6.83E-7
4.53E-7
9.62E-7
1.4775E-5
2.819E-6
6.12E-7
4.53E-7
8.14E-7
1.9036E-5
5.81E-7
8.43E-7
6.34E-7
5.573E-6
2.3976E-5
8.07E-7
4.81E-7
3.058E-6
5.05E-7
9.057E-6
1.5197E-5
1.397E-6
2.7753E-5
1.061E-6
1.5604E-5
6.87E-7
2.0172E-5
7.09E-7
1.324E-6
1.4897E-5
5.11E-7
2.316E-5
7.49E-7
5.3E-7
2.4497E-5
5.93E-7
6.42E-7
1.5922E-5
8.21E-7
4.69E-7
7.83E-7
6.73E-7
4.66E-7
1.9852E-5
6.01E-7
9.542E-6
5.03E-7
5.21E-7
8.36E-7
8.13E-7
6.43E-7
2.107E-6
2.3562E-5
2.447E-6
2.0405E-5
2.367E-6
2.1687E-5
2.0263E-5
6.01E-7
4.62E-7
4.9E-7
1.5706E-5
9.57E-7
2.4176E-5
5.99E-7
1.209E-6
8.0E-7
1.2442E-5
1.986E-6
1.9438E-5
6.3E-7
2.432E-5
6.02E-7
1.9997E-5
4.47E-7
7.02E-7
4.87E-7
5.45E-7
2.0811E-5
5.72E-7
4.97E-7
9.78E-7
4.43E-7
5.39E-7
8.1E-7
8.62E-7
5.391E-6
2.1291E-5
2.4571E-5
6.84E-7
1.2527E-5
2.6189E-5
2.1212E-5
8.154E-6
4.75E-7
4.03E-7
2.4951E-5
2.0964E-5
9.22E-7
3.117E-6
7.16E-7
1.2451E-5
7.46E-7
4.43E-7
1.2774E-5
4.66E-7
6.84E-7
7.15E-7
8.81E-7
2.138E-6
5.98E-7
1.384E-6
4.73E-7
1.6685E-5
7.7E-7
2.0362E-5
8.04E-7
9.93E-7
9.93E-7
5.97E-7
5.09E-7
8.76E-7
8.9E-7
6.24E-7
9.26E-7
4.07E-7
4.263E-6
1.466E-6
7.64E-7
1.2115E-5
2.7481E-5
9.45E-7
7.17E-7
1.6676E-5
6.53E-7
2.3935E-5
6.39E-7
4.71E-7
6.34E-7
8.14E-7
2.4954E-5
7.49E-7
2.2445E-5
2.2882E-5
2.51E-6
8.56E-7
2.6863E-5
6.91E-7
5.04E-7
6.45E-7
2.6539E-5
8.54E-7
5.53E-7
5.49E-7
6.19E-7
2.585E-5
1.076E-6
1.948E-6
7.02E-7
5.2E-7
2.9325E-5
2.2956E-5
7.65E-7
6.03E-7
2.3748E-5
9.81E-7
4.31E-7
2.3573E-5
8.019E-6
2.0018E-5
7.33E-7
4.9E-7
2.321E-5
5.34E-7
7.25E-7
2.396E-5
4.92E-7
1.4362E-5
6.66E-7
7.11E-7
3.6548E-5
3.5172E-5
6.39E-7
7.98E-7
1.36E-6
5.33E-7
6.78E-7
4.92E-7
1.8129E-5
1.211E-6
4.28E-7
4.137E-6
2.5923E-5
7.87E-7
6.54E-7
7.06E-7
9.84E-7
4.0E-7
7.02E-7
5.56E-7
2.19E-6
1.3169E-5
5.03E-7
2.4521E-5
5.84E-7
1.033E-6
7.9E-7
2.6017E-5
7.37E-7
2.1501E-5
6.8E-7
2.6861E-5
1.1205E-5
7.56E-7
2.231E-6
4.19E-7
5.69E-7
5.85E-7
1.6284E-5
4.41E-7
3.83E-7
6.14E-7
8.65E-6
6.3E-7
7.68E-7
6.35E-7
6.16E-7
2.6343E-5
6.03E-7
2.4683E-5
4.93E-7
4.64E-7
7.512E-6
1.3624E-5
7.42E-7
1.9426E-5
1.7042E-5
6.23E-7
2.2744E-5
6.53E-7
5.95E-7
6.16E-7
7.81E-7
1.0548E-5
1.8198E-5
4.97E-7
1.279E-6
1.7325E-5
5.83E-7
5.35E-7
8.6E-7
1.6788E-5
9.9E-7
4.9E-7
2.2638E-5
7.61E-7
8.02E-7
1.2549E-5
1.102E-6
5.6E-7
5.37E-7
5.19E-7
2.5091E-5
7.46E-7
8.14E-7
2.6374E-5
5.75E-7
2.5404E-5
2.378E-6
4.8E-7
2.759E-5
2.3011E-5
5.02E-7
5.92E-7
1.7768E-5
5.06E-7
5.06E-7
4.74E-7
2.468E-6
8.4E-7
2.0823E-5
2.744E-6
5.31E-7
1.978E-6
5.77E-7
2.2806E-5
8.85E-7
4.93E-7
7.56E-7
7.96E-7
3.94E-7
6.99E-7
6.96E-7
2.3449E-5
6.55E-7
5.97E-7
1.5509E-5
5.03E-7
4.75E-7
7.79E-7
5.24E-7
4.88E-7
4.75E-7
3.28E-6
9.738E-6
2.135E-6
2.13E-6
1.7848E-5
5.51E-7
5.37E-7
9.513E-6
4.166E-6
1.218E-6
7.95E-7
3.89E-7
1.6647E-5
6.91E-7
1.7143E-5
5.07E-7
6.11E-7
6.51E-7
4.08E-7
3.929E-6
