3.708E-6
1.058E-6
5.55E-7
1.245E-6
9.96E-7
5.47E-7
6.76E-7
5.18E-7
5.92E-7
5.36E-7
5.99E-7
7.09E-7
6.38E-7
6.18E-7
6.73E-7
7.28E-7
4.26E-7
5.57E-7
5.47E-7
7.24E-7
7.09E-7
5.43E-7
1.361E-6
4.38E-7
3.29E-7
2.82E-7
3.79E-7
4.84E-7
4.17E-7
3.67E-7
2.93E-7
1.369E-6
2.73E-7
5.45E-7
4.14E-7
4.22E-7
3.63E-7
3.27E-7
6.05E-7
3.76E-7
2.91E-7
4.63E-7
3.26E-7
2.85E-7
4.82E-7
3.24E-7
3.25E-7
4.76E-7
3.35E-7
3.38E-7
3.62E-7
3.69E-7
3.29E-7
3.96E-7
3.95E-7
3.28E-7
3.17E-7
3.84E-7
3.69E-7
5.34E-7
3.75E-7
3.46E-7
3.93E-7
4.21E-7
3.02E-7
5.05E-7
2.97E-7
4.35E-7
2.81E-7
3.27E-7
2.97E-7
4.53E-7
4.08E-7
2.94E-7
2.62E-7
4.02E-7
2.99E-7
6.09E-7
2.64E-7
6.76E-7
3.7E-7
3.24E-7
3.85E-7
3.23E-7
3.34E-7
2.54E-7
4.0E-7
2.532E-6
3.08E-7
3.94E-7
3.77E-7
3.67E-7
3.37E-7
3.76E-7
3.16E-7
4.57E-7
5.24E-7
4.89E-7
3.48E-7
3.21E-7
3.87E-7
3.47E-7
3.61E-7
3.43E-7
3.93E-7
5.56E-7
2.9E-7
3.5E-7
4.12E-7
3.54E-7
3.7E-7
4.44E-7
3.09E-7
3.4E-7
3.89E-7
4.8E-7
3.58E-7
3.01E-7
3.48E-7
3.2E-7
2.75E-7
3.35E-7
3.59E-7
3.57E-7
3.98E-7
4.38E-7
4.34E-7
3.43E-7
3.97E-7
3.34E-7
3.88E-7
3.18E-7
3.78E-7
3.87E-7
2.91E-7
2.88E-7
4.83E-7
3.92E-7
2.81E-7
5.43E-7
3.86E-7
4.09E-7
4.19E-7
4.8E-7
2.93E-7
5.63E-7
3.84E-7
3.91E-7
3.84E-7
5.04E-7
3.81E-7
6.02E-7
3.55E-7
3.69E-7
3.78E-7
4.03E-7
2.95E-7
3.59E-7
4.19E-7
4.39E-7
4.13E-7
3.14E-7
3.84E-7
2.88E-7
2.88E-7
3.85E-7
3.24E-7
3.43E-7
3.63E-7
4.18E-7
3.92E-7
3.49E-7
3.38E-7
4.0E-7
4.78E-7
3.28E-7
3.0E-7
3.46E-7
4.41E-7
4.41E-7
2.82E-7
3.69E-7
3.46E-7
3.56E-7
4.04E-7
2.77E-7
2.27E-7
4.59E-7
3.2E-7
2.61E-7
5.02E-7
3.99E-7
3.57E-7
4.59E-7
2.82E-7
3.41E-7
3.45E-7
2.48E-7
2.59E-7
2.76E-7
3.91E-7
3.46E-7
2.75E-7
3.43E-7
3.16E-7
3.2E-7
3.2E-7
2.53E-7
4.11E-7
3.4E-7
3.0E-7
2.57E-7
3.29E-7
3.2E-7
2.67E-7
4.65E-7
3.47E-7
2.57E-7
3.06E-7
2.5E-7
3.33E-7
2.83E-7
2.55E-7
4.47E-7
3.15E-7
3.46E-7
3.31E-7
3.16E-7
3.38E-7
2.84E-7
5.16E-7
3.02E-7
4.84E-7
5.78E-7
3.54E-7
3.45E-7
1.549E-6
4.27E-7
5.09E-7
3.5E-7
3.71E-7
4.24E-7
4.5E-7
3.39E-7
4.61E-7
2.67E-7
4.91E-7
3.78E-7
5.75E-7
3.5E-7
2.73E-7
3.96E-7
2.67E-7
3.27E-7
2.6E-7
3.91E-7
4.4E-7
3.66E-7
3.39E-7
3.68E-7
2.94E-7
3.15E-7
2.7E-7
4.63E-7
3.36E-7
5.76E-7
3.47E-7
3.54E-7
2.76E-7
3.52E-7
2.76E-7
3.38E-7
6.0E-7
3.51E-7
2.83E-7
3.34E-7
2.65E-7
5.74E-7
2.59E-7
4.39E-7
4.72E-7
3.52E-7
2.58E-7
4.4E-7
4.87E-7
3.42E-7
2.98E-7
2.68E-7
4.57E-7
6.51E-7
3.19E-7
4.92E-7
2.71E-7
3.73E-7
2.41E-7
3.01E-7
3.28E-7
3.19E-7
2.41E-7
3.6E-7
2.49E-7
3.29E-7
3.79E-7
2.55E-7
3.24E-7
7.52E-7
3.18E-7
3.62E-7
5.46E-7
4.67E-7
2.78E-7
3.85E-7
2.58E-7
3.34E-7
3.83E-7
2.61E-7
4.7E-7
4.87E-7
3.0E-7
3.63E-7
3.07E-7
3.51E-7
7.63E-7
4.34E-7
2.75E-7
3.38E-7
4.59E-7
4.59E-7
3.95E-7
2.87E-7
3.63E-7
2.65E-7
4.41E-7
5.6E-7
3.41E-7
3.28E-7
3.73E-7
4.54E-7
3.69E-7
5.42E-7
3.74E-7
2.77E-7
4.93E-7
3.9E-7
4.83E-7
3.36E-7
3.27E-7
3.44E-7
2.57E-7
3.57E-7
4.97E-7
3.17E-7
4.19E-7
2.79E-7
4.98E-7
4.03E-7
2.93E-7
1.426E-6
3.87E-7
7.45E-7
2.9E-7
5.37E-7
4.4E-7
2.92E-7
7.62E-7
3.64E-7
7.51E-7
2.87E-7
3.98E-7
3.49E-7
3.35E-7
4.19E-7
4.67E-7
4.09E-7
3.19E-7
2.68E-7
3.92E-7
3.39E-7
4.55E-7
2.65E-7
3.03E-7
7.01E-7
4.34E-7
3.24E-7
4.06E-7
3.14E-7
2.86E-7
3.33E-7
4.5E-7
4.23E-7
3.33E-7
2.75E-7
5.36E-7
3.63E-7
2.8E-7
4.19E-7
3.56E-7
3.53E-7
3.19E-7
3.53E-7
4.65E-7
4.56E-7
3.64E-7
9.05E-7
4.17E-7
3.74E-7
3.63E-7
4.62E-7
2.99E-7
4.68E-7
4.06E-7
3.8E-7
2.83E-7
3.54E-7
3.22E-7
3.85E-7
4.87E-7
2.91E-7
4.17E-7
2.7E-7
4.98E-7
2.64E-7
6.46E-7
4.17E-7
3.33E-7
2.91E-7
4.57E-7
3.42E-7
2.7E-7
3.97E-7
3.5E-7
2.74E-7
3.12E-7
2.55E-7
3.39E-7
2.76E-7
2.81E-7
3.59E-7
2.78E-7
3.24E-7
2.58E-7
3.83E-7
4.7E-7
4.52E-7
3.2E-7
3.49E-7
4.04E-7
2.96E-7
3.14E-7
5.59E-7
2.71E-7
5.27E-7
4.46E-7
4.13E-7
2.97E-7
2.95E-7
3.32E-7
5.05E-7
3.95E-7
2.69E-7
3.12E-7
6.35E-7
4.14E-7
4.79E-7
2.81E-7
6.81E-7
4.89E-7
3.61E-7
3.79E-7
3.37E-7
7.5E-7
4.23E-7
7.05E-7
3.77E-7
3.28E-7
4.84E-7
2.92E-7
6.82E-7
3.86E-7
3.75E-7
3.33E-7
4.94E-7
2.78E-7
9.54E-7
2.91E-7
3.58E-7
2.82E-7
2.86E-7
3.67E-7
3.63E-7
2.99E-7
7.24E-7
3.18E-7
3.42E-7
3.52E-7
7.66E-7
2.77E-7
3.25E-7
3.65E-7
4.14E-7
2.76E-7
2.81E-7
4.03E-7
2.73E-7
3.43E-7
3.42E-7
4.4E-7
4.09E-7
9.12E-7
3.74E-7
9.74E-7
2.86E-7
3.78E-7
3.98E-7
3.15E-7
2.67E-7
4.92E-7
2.83E-7
5.03E-7
2.87E-7
9.11E-7
5.51E-7
3.87E-7
1.34E-6
1.455E-6
5.18E-7
4.81E-7
5.78E-7
5.33E-7
1.519E-6
5.88E-7
4.14E-7
1.861E-6
1.491E-6
6.43E-7
4.06E-7
5.53E-7
9.1E-7
4.69E-7
1.209E-6
1.081E-6
7.07E-7
3.09E-7
4.01E-7
3.33E-7
7.07E-7
3.98E-7
3.39E-7
4.91E-7
3.75E-7
4.82E-7
2.95E-7
4.82E-7
3.92E-7
1.284E-6
3.87E-7
4.3E-7
2.88E-7
4.39E-7
4.0E-7
3.05E-7
2.9E-7
1.04E-6
3.07E-7
2.8E-7
1.035E-6
4.96E-7
8.26E-7
3.82E-7
1.001E-6
5.2E-7
3.0E-7
8.21E-7
5.59E-7
4.41E-7
2.97E-7
2.74E-7
8.11E-7
3.87E-7
5.02E-7
1.236E-6
3.0E-7
3.81E-7
9.94E-7
3.65E-7
4.8E-7
4.76E-7
3.19E-7
7.75E-7
4.34E-7
9.02E-7
3.35E-7
9.29E-7
2.78E-7
8.59E-7
2.69E-7
3.69E-7
7.49E-7
2.84E-7
3.1E-7
5.13E-7
3.39E-7
5.25E-7
3.97E-7
3.71E-7
3.97E-7
3.39E-7
6.63E-7
3.27E-7
5.69E-7
9.81E-7
2.69E-7
3.6E-7
3.54E-7
4.33E-7
3.98E-7
8.75E-7
1.095E-6
2.93E-7
5.22E-7
2.83E-7
3.57E-7
4.24E-7
4.22E-7
3.66E-7
9.95E-7
3.06E-7
2.78E-7
9.02E-7
4.02E-7
4.41E-7
3.18E-7
2.83E-7
4.03E-7
3.87E-7
4.76E-7
3.08E-7
3.17E-7
3.89E-7
4.11E-7
6.0E-7
4.13E-7
3.95E-7
3.0E-7
4.18E-7
2.98E-7
3.69E-7
3.48E-7
4.5E-7
3.17E-7
9.79E-7
3.05E-7
3.26E-7
2.78E-7
5.01E-7
2.73E-7
4.91E-7
3.68E-7
2.89E-7
9.52E-7
5.67E-7
3.02E-7
4.63E-7
3.61E-7
3.02E-7
2.76E-7
9.37E-7
4.34E-7
4.27E-7
3.29E-7
3.2E-7
3.3E-7
1.408E-6
3.32E-7
2.87E-7
3.19E-7
4.04E-7
3.42E-7
4.45E-7
1.097E-6
4.43E-7
4.1E-7
4.05E-7
1.304E-6
3.89E-7
3.07E-7
2.96E-7
3.23E-7
2.71E-7
3.05E-7
8.69E-7
2.85E-7
5.04E-7
2.95E-7
3.7E-7
2.89E-7
3.15E-7
3.14E-7
4.58E-7
4.29E-7
4.73E-7
3.76E-7
3.68E-7
4.77E-7
3.48E-7
3.85E-7
2.77E-7
3.87E-7
1.323E-6
9.5E-7
3.24E-7
3.68E-7
5.76E-7
3.79E-7
3.54E-7
4.14E-7
3.32E-7
3.02E-7
4.27E-7
3.59E-7
3.32E-7
3.47E-7
6.97E-7
2.75E-7
3.59E-7
4.69E-7
5.13E-7
7.42E-7
3.41E-7
3.43E-7
7.29E-7
3.62E-7
3.63E-7
3.42E-7
6.06E-7
4.05E-7
3.37E-7
3.28E-7
3.53E-7
1.299E-6
3.12E-7
8.38E-7
3.02E-7
9.82E-7
5.24E-7
3.72E-7
3.64E-7
1.303E-6
2.97E-7
4.17E-7
4.83E-7
2.84E-7
4.26E-7
3.2E-7
2.7E-7
3.16E-7
1.062E-6
3.37E-7
4.68E-7
3.27E-7
1.033E-6
2.96E-7
3.08E-7
3.16E-7
8.75E-7
1.017E-6
2.77E-7
2.76E-7
3.57E-7
6.84E-7
2.89E-7
1.001E-6
2.78E-7
3.49E-7
3.97E-7
5.29E-7
2.73E-7
9.78E-7
2.92E-7
4.01E-7
9.23E-7
4.95E-7
1.575E-6
3.98E-7
8.9E-7
2.7E-7
3.72E-7
2.87E-7
3.46E-7
2.75E-7
3.22E-7
4.29E-7
3.9E-7
7.68E-7
2.86E-7
5.79E-7
3.74E-7
2.91E-7
1.891E-6
5.14E-7
4.5E-7
3.89E-7
3.48E-7
3.13E-7
1.23E-6
2.61E-7
2.67E-7
4.22E-7
3.59E-7
8.87E-7
2.88E-7
2.69E-7
3.52E-7
3.92E-7
3.88E-7
3.51E-7
3.98E-7
2.93E-7
1.242E-6
2.9E-7
4.38E-7
2.82E-7
3.55E-7
8.2E-7
2.93E-7
3.75E-7
2.8E-7
2.79E-7
3.78E-7
2.8E-7
3.91E-7
2.93E-7
4.42E-7
3.94E-7
3.26E-7
7.1E-7
2.73E-7
7.67E-7
3.83E-7
6.22E-7
4.67E-7
3.99E-7
2.75E-7
6.51E-7
2.81E-7
9.77E-7
2.88E-7
3.93E-7
3.36E-7
4.2E-7
3.62E-7
3.21E-7
3.24E-7
2.65E-7
4.31E-7
3.23E-7
1.568E-6
4.68E-7
3.66E-7
3.49E-7
4.48E-7
2.8E-7
3.04E-7
4.53E-7
3.03E-7
3.52E-7
3.82E-7
3.73E-7
3.12E-7
1.218E-6
2.98E-7
3.56E-7
4.38E-7
3.4E-7
3.93E-7
6.94E-7
3.18E-7
1.699E-6
3.19E-7
2.65E-7
1.097E-6
2.7E-7
2.72E-7
3.01E-7
1.041E-6
2.74E-7
4.84E-7
9.13E-7
2.84E-7
1.383E-6
3.28E-7
4.13E-7
1.292E-6
4.99E-7
3.16E-7
2.62E-7
3.0E-7
5.23E-7
4.46E-7
2.85E-7
4.4E-7
2.56E-7
4.65E-7
2.62E-7
2.67E-7
3.11E-7
9.69E-7
3.48E-7
4.21E-7
2.8E-7
3.04E-7
1.381E-6
2.76E-7
3.59E-7
3.99E-7
3.94E-7
3.25E-7
3.16E-7
4.23E-7
4.44E-7
4.73E-7
2.86E-7
3.11E-7
6.35E-7
3.74E-7
3.63E-7
3.92E-7
2.41E-7
2.55E-7
2.98E-7
3.18E-7
6.79E-7
5.39E-7
3.47E-7
5.91E-7
2.78E-7
4.39E-7
2.69E-7
2.6E-7
3.75E-7
1.724E-6
3.57E-7
5.31E-7
5.22E-7
4.33E-7
3.98E-7
3.27E-7
4.05E-7
7.91E-7
2.57E-7
3.74E-7
3.43E-7
3.29E-7
1.324E-6
1.336E-6
3.61E-7
1.557E-6
3.88E-7
1.566E-6
3.17E-7
3.65E-7
3.07E-7
5.21E-7
4.43E-7
4.05E-7
3.5E-7
3.428E-6
3.33E-7
1.066E-6
3.08E-7
1.003E-6
3.46E-7
4.22E-7
1.147E-6
2.86E-7
3.96E-7
4.58E-7
3.25E-7
4.07E-7
3.24E-7
6.86E-7
2.83E-7
5.76E-7
3.21E-7
1.034E-6
3.28E-7
3.79E-7
1.256E-6
3.09E-7
2.77E-7
3.05E-7
4.45E-7
7.02E-7
5.54E-7
3.17E-7
3.11E-7
3.44E-7
3.0E-7
4.57E-7
3.9E-7
4.88E-7
2.74E-7
3.62E-7
3.39E-7
5.75E-7
3.32E-7
1.454E-6
5.35E-7
2.6E-7
3.42E-7
8.3E-7
2.61E-7
3.26E-7
3.21E-7
2.53E-7
5.26E-7
2.62E-7
3.95E-7
4.33E-7
2.71E-7
3.27E-7
2.96E-7
4.13E-7
3.28E-7
1.228E-6
6.66E-7
2.69E-7
8.6E-7
3.56E-7
6.88E-7
3.84E-7
4.32E-7
5.11E-7
5.9E-7
3.21E-7
3.95E-7
3.18E-7
1.394E-6
3.16E-7
6.74E-7
5.51E-7
3.97E-7
5.01E-7
6.31E-7
3.03E-7
1.887E-6
4.14E-7
1.703E-6
6.0E-7
3.08E-7
3.93E-7
4.33E-7
9.08E-7
3.12E-7
3.82E-7
4.43E-7
3.83E-7
2.99E-7
2.94E-7
3.89E-7
2.94E-7
2.8E-7
2.97E-7
9.33E-7
3.1E-7
3.79E-7
4.16E-7
3.22E-7
1.312E-6
1.328E-6
7.07E-7
4.69E-7
3.0E-7
3.32E-7
1.417E-6
3.92E-7
3.17E-7
2.94E-7
8.26E-7
3.88E-7
4.52E-7
4.35E-7
3.19E-7
4.56E-7
4.15E-7
3.76E-7
3.65E-7
3.2E-7
4.13E-7
1.737E-6
3.4E-7
3.63E-7
3.63E-7
3.19E-7
4.44E-7
4.1E-7
5.33E-7
4.74E-7
1.615E-6
3.46E-7
3.38E-7
1.642E-6
4.24E-7
4.59E-7
3.16E-7
4.52E-7
2.78E-7
3.35E-7
2.77E-7
2.86E-7
1.303E-6
1.671E-6
3.88E-7
1.002E-6
3.5E-7
4.37E-7
3.04E-7
4.01E-7
3.35E-7
1.455E-6
3.28E-7
1.268E-6
1.675E-6
3.66E-7
6.43E-7
2.9E-7
4.31E-7
4.75E-7
3.1E-7
3.35E-7
2.75E-7
4.3E-7
1.855E-6
2.94E-7
1.369E-6
1.163E-6
3.08E-7
5.2E-7
3.01E-7
4.16E-7
5.69E-7
2.87E-7
2.98E-7
1.153E-6
2.87E-7
1.937E-6
3.27E-7
2.56E-7
1.729E-6
2.76E-7
3.7E-7
3.01E-7
2.44E-7
2.71E-7
2.62E-7
3.96E-7
4.81E-7
3.98E-7
3.36E-7
2.82E-7
4.43E-7
2.86E-7
1.46E-6
2.76E-7
2.75E-7
3.12E-7
2.82E-7
3.68E-7
1.555E-6
5.96E-7
1.472E-6
2.67E-7
4.43E-7
3.23E-7
1.579E-6
4.81E-7
3.31E-7
2.73E-7
2.4E-7
2.95E-7
1.323E-6
2.73E-7
2.53E-7
7.89E-7
3.05E-7
3.17E-7
2.8E-7
1.12E-6
4.79E-7
3.6E-7
2.72E-7
7.79E-7
3.26E-7
2.68E-7
3.06E-7
3.31E-7
7.6E-7
2.98E-7
3.99E-7
3.09E-7
2.79E-7
3.9E-7
3.6E-7
4.32E-7
1.63E-6
4.21E-7
3.07E-7
3.93E-7
3.7E-7
3.19E-7
1.776E-6
4.35E-7
4.99E-7
5.59E-7
2.62E-7
2.66E-7
1.727E-6
1.72E-6
3.48E-7
2.66E-7
1.611E-6
4.31E-7
9.82E-7
1.149E-6
3.32E-7
2.64E-7
3.68E-7
9.03E-7
6.38E-7
2.87E-7
2.51E-7
4.47E-7
3.81E-7
2.75E-7
3.73E-7
3.39E-7
3.17E-7
8.58E-7
4.21E-7
3.91E-7
2.8E-7
1.05E-6
2.88E-7
3.94E-7
3.12E-7
5.77E-7
1.752E-6
3.3E-7
3.29E-7
1.721E-6
3.83E-7
1.146E-6
4.13E-7
3.68E-7
2.86E-7
8.61E-7
3.45E-7
2.89E-7
2.63E-7
2.74E-7
1.222E-6
2.8E-7
3.62E-7
3.32E-7
1.511E-6
3.08E-7
4.65E-7
3.05E-7
4.01E-7
1.468E-6
3.08E-7
1.116E-6
3.11E-7
3.59E-7
3.46E-7
6.06E-7
3.42E-7
4.39E-7
5.27E-7
4.05E-7
1.079E-6
2.98E-7
3.22E-7
5.72E-7
3.39E-7
3.19E-7
2.89E-7
6.63E-7
1.521E-6
1.55E-6
3.15E-7
8.32E-7
3.23E-7
1.219E-6
3.37E-7
3.68E-7
1.462E-6
3.14E-7
2.91E-7
4.26E-7
3.35E-7
1.787E-6
2.407E-6
4.27E-7
2.757E-6
6.79E-7
5.79E-7
2.112E-6
5.7E-7
4.7E-7
1.571E-6
3.99E-7
2.307E-6
1.059E-6
3.91E-7
2.163E-6
6.61E-7
9.12E-7
2.006E-6
5.92E-7
2.215E-6
5.28E-7
5.95E-7
4.43E-7
1.774E-6
5.17E-7
5.33E-7
9.73E-7
1.02E-6
2.313E-6
6.72E-7
7.34E-7
1.921E-6
6.23E-7
7.93E-7
3.193E-6
7.24E-7
5.72E-7
2.653E-6
6.34E-7
8.12E-7
5.64E-7
1.72E-6
4.635E-6
6.23E-7
6.44E-7
6.067E-6
9.48E-7
6.0E-7
6.53E-7
1.12E-6
5.57E-7
1.155E-6
6.34E-7
4.909E-6
7.64E-7
5.63E-7
4.58E-7
3.92E-7
3.71E-7
5.17E-7
5.85E-7
1.905E-6
3.57E-7
4.0E-7
7.64E-7
3.34E-7
1.404E-6
3.48E-7
4.04E-7
3.74E-7
3.28E-7
2.66E-7
5.49E-7
4.7E-7
3.39E-7
1.044E-6
3.03E-7
2.65E-7
4.28E-7
3.75E-7
2.516E-6
7.53E-7
3.45E-7
9.89E-7
1.308E-6
4.07E-7
1.225E-6
3.13E-7
1.396E-6
2.86E-7
2.08E-6
4.03E-7
3.37E-7
6.78E-7
3.5E-7
3.17E-6
1.196E-6
1.431E-6
3.92E-7
2.79E-7
4.02E-7
1.962E-6
4.69E-7
4.37E-7
3.98E-7
2.69E-7
4.01E-7
3.87E-7
9.54E-7
3.5E-7
3.189E-6
5.64E-7
4.58E-7
3.96E-7
1.09E-6
4.01E-7
2.77E-7
4.61E-7
3.37E-7
3.95E-7
8.24E-7
3.2E-7
2.96E-7
3.95E-7
3.22E-7
1.13E-6
4.58E-7
1.488E-6
3.17E-7
3.86E-7
1.833E-6
4.39E-7
3.22E-7
1.738E-6
1.825E-6
3.26E-7
3.145E-6
3.22E-7
3.96E-7
3.035E-6
3.13E-7
4.77E-7
3.35E-7
3.24E-7
2.911E-6
2.94E-7
2.73E-7
2.875E-6
3.94E-7
7.72E-7
4.23E-7
3.166E-6
1.267E-6
3.15E-7
2.96E-7
3.37E-7
3.63E-7
1.452E-6
3.11E-7
2.77E-7
3.22E-7
4.66E-7
2.92E-7
3.24E-7
1.626E-6
1.136E-6
3.34E-7
1.688E-6
3.5E-7
1.097E-6
2.81E-7
3.24E-7
4.32E-7
3.2E-7
1.777E-6
1.694E-6
2.92E-7
2.83E-7
3.21E-7
1.655E-6
2.89E-7
3.57E-7
5.41E-7
3.54E-7
1.249E-6
2.96E-7
3.64E-7
1.895E-6
2.89E-7
9.53E-7
6.11E-7
3.18E-7
3.58E-7
1.909E-6
3.46E-7
2.88E-7
2.68E-7
1.43E-6
3.69E-7
1.735E-6
1.817E-6
3.07E-7
2.68E-7
2.75E-7
2.56E-7
3.24E-7
2.64E-7
1.166E-6
4.67E-7
3.55E-7
3.22E-7
1.667E-6
3.82E-7
1.389E-6
3.35E-7
3.27E-7
2.6E-7
1.234E-6
3.18E-7
3.71E-7
3.98E-7
3.01E-7
3.347E-6
4.07E-7
1.439E-6
4.17E-7
4.11E-7
6.98E-7
3.28E-7
7.87E-7
4.71E-7
2.8E-7
1.008E-6
7.21E-7
3.07E-7
4.16E-7
4.19E-7
3.66E-7
3.61E-7
3.44E-7
4.78E-7
3.48E-7
1.835E-6
4.67E-7
7.6E-7
2.89E-7
2.96E-7
3.06E-7
4.2E-7
1.123E-6
5.58E-7
2.83E-7
2.77E-7
4.45E-7
3.18E-7
3.78E-7
1.512E-6
8.98E-7
3.93E-7
4.49E-7
3.24E-7
3.95E-7
6.58E-7
1.332E-6
6.58E-7
4.7E-7
3.54E-7
2.79E-7
2.75E-7
1.128E-6
4.48E-7
2.78E-7
2.69E-7
1.65E-6
3.05E-7
1.018E-6
4.62E-7
1.425E-6
4.41E-7
2.98E-7
1.464E-6
2.363E-6
4.21E-7
2.82E-7
3.006E-6
2.85E-7
2.956E-6
3.49E-7
4.492E-6
2.77E-7
3.48E-7
3.79E-7
3.61E-7
5.61E-7
4.371E-6
2.611E-6
5.4E-7
4.33E-7
4.32E-7
3.95E-7
1.534E-6
5.26E-7
3.37E-7
2.59E-7
4.413E-6
2.65E-7
3.63E-7
2.48E-7
4.491E-6
1.227E-6
2.81E-7
4.41E-7
2.76E-7
4.98E-7
3.54E-7
2.75E-7
3.97E-7
1.475E-6
3.62E-7
2.64E-7
3.07E-7
6.7E-7
2.87E-7
2.93E-7
4.78E-7
4.0E-7
6.92E-7
5.98E-7
4.15E-7
1.472E-6
5.72E-7
3.49E-7
1.844E-6
2.73E-7
2.312E-6
1.53E-6
3.69E-7
3.36E-7
2.48E-7
4.44E-7
1.905E-6
2.066E-6
3.1E-7
4.75E-7
2.72E-7
3.68E-7
3.76E-7
4.638E-6
3.33E-7
9.69E-7
2.77E-7
3.98E-7
5.05E-7
4.0E-7
2.77E-7
4.53E-7
1.099E-6
8.88E-7
3.84E-7
3.29E-7
3.074E-6
1.477E-6
8.2E-7
2.74E-7
2.87E-7
4.258E-6
2.84E-7
3.64E-7
2.216E-6
3.63E-7
5.542E-6
3.01E-7
3.52E-7
4.74E-6
3.61E-7
4.27E-7
4.17E-7
2.57E-7
4.52E-7
3.084E-6
1.595E-6
2.557E-6
3.76E-7
3.57E-7
2.67E-7
3.27E-7
3.5E-7
4.218E-6
3.07E-7
2.131E-6
3.94E-7
3.61E-7
1.69E-6
2.74E-7
3.53E-7
4.61E-7
3.38E-7
3.32E-7
3.74E-7
1.701E-6
3.61E-7
4.59E-7
3.72E-7
1.56E-6
3.13E-7
3.34E-7
4.38E-7
4.02E-7
9.32E-7
4.14E-7
1.552E-6
3.75E-7
4.66E-7
2.98E-7
4.387E-6
3.09E-7
1.537E-6
3.72E-7
2.8E-7
3.16E-7
1.203E-6
3.4E-7
5.8E-7
3.08E-7
2.71E-7
3.182E-6
3.59E-7
3.22E-7
4.54E-7
4.38E-7
2.73E-7
4.19E-7
2.796E-6
3.13E-7
1.136E-6
2.88E-7
2.66E-7
4.42E-7
4.954E-6
2.92E-7
2.69E-7
4.58E-7
3.99E-7
4.37E-7
2.83E-7
3.14E-7
2.71E-7
4.49E-7
2.819E-6
3.17E-7
1.72E-6
3.7E-7
2.77E-7
2.77E-7
4.04E-7
2.52E-7
3.9E-7
4.04E-7
3.854E-6
2.97E-7
3.16E-7
3.82E-7
3.14E-7
7.31E-7
3.31E-7
4.15E-7
2.83E-7
2.64E-7
3.77E-7
1.469E-6
1.929E-6
5.012E-6
3.26E-7
3.256E-6
3.36E-7
3.19E-7
1.732E-6
5.683E-6
1.101E-6
3.18E-7
2.74E-7
5.98E-6
3.27E-7
3.98E-7
5.796E-6
4.24E-7
3.18E-7
3.37E-7
8.51E-7
3.56E-7
2.93E-7
4.746E-6
5.36E-7
3.43E-7
3.8E-7
3.57E-7
3.58E-7
8.4E-7
5.32E-7
7.34E-7
2.54E-7
2.98E-7
3.98E-7
2.63E-7
3.46E-7
2.67E-7
7.09E-7
2.99E-7
5.22E-7
3.5E-7
6.56E-7
3.41E-7
8.73E-7
3.68E-7
3.86E-7
2.48E-7
3.591E-6
3.01E-7
5.038E-6
3.12E-7
2.53E-7
4.4E-7
2.67E-7
1.639E-6
2.61E-7
2.45E-7
9.43E-7
2.68E-7
4.01E-7
5.033E-6
6.088E-6
3.52E-7
3.39E-7
9.81E-7
2.98E-7
3.49E-7
2.48E-7
3.191E-6
1.119E-6
2.72E-7
3.53E-7
1.447E-6
2.72E-7
2.56E-7
4.301E-6
3.01E-7
2.6E-7
3.06E-7
4.14E-7
3.43E-7
1.231E-6
6.49E-7
3.17E-7
2.61E-7
1.026E-6
3.56E-7
3.52E-7
3.605E-6
2.84E-7
5.011E-6
3.11E-7
1.645E-6
9.56E-7
3.38E-7
7.13E-7
3.489E-6
7.26E-7
3.4E-7
1.294E-6
3.46E-7
3.97E-7
1.805E-6
3.49E-7
5.09E-7
4.56E-7
3.08E-7
3.87E-7
4.01E-7
4.14E-7
1.721E-6
5.4E-7
4.34E-7
3.26E-7
4.04E-7
6.431E-6
3.186E-6
4.01E-7
3.78E-7
2.78E-7
4.21E-7
3.34E-7
8.33E-7
1.794E-6
2.87E-7
6.9E-7
6.3E-6
6.495E-6
3.27E-7
5.74E-6
2.81E-7
7.7E-7
4.672E-6
5.06E-6
7.38E-7
1.177E-6
3.55E-7
1.957E-6
6.41E-7
3.15E-7
3.46E-7
4.22E-7
3.07E-7
4.0E-7
2.71E-7
4.16E-7
4.46E-7
6.74E-7
9.48E-7
5.23E-7
1.0285E-5
1.0E-6
7.05E-7
5.8E-7
6.452E-6
7.009E-6
4.35E-7
4.45E-7
6.03E-7
4.06E-7
5.57E-7
4.742E-6
3.82E-7
3.21E-7
1.358E-6
3.67E-7
2.89E-7
2.83E-7
7.172E-6
6.697E-6
3.0E-7
1.542E-6
4.12E-7
2.81E-7
4.308E-6
4.78E-7
4.34E-7
2.96E-7
6.631E-6
2.85E-7
2.79E-7
5.75E-6
2.8E-7
7.296E-6
2.92E-7
4.05E-7
2.86E-7
1.114E-6
4.112E-6
3.62E-7
7.27E-6
5.512E-6
5.989E-6
3.15E-7
4.97E-7
2.84E-7
5.578E-6
9.64E-7
3.05E-7
2.93E-7
2.85E-7
2.85E-7
2.83E-7
1.241E-6
3.47E-7
2.71E-7
3.13E-7
3.64E-7
7.328E-6
4.88E-7
3.39E-7
3.15E-7
7.353E-6
3.78E-7
2.85E-7
4.445E-6
5.391E-6
5.252E-6
3.13E-7
1.745E-6
2.85E-7
4.99E-7
7.38E-6
3.04E-7
2.92E-7
6.859E-6
3.26E-7
2.368E-6
4.14E-7
3.95E-7
9.07E-7
2.68E-7
3.98E-7
3.16E-7
4.43E-7
3.46E-7
5.847E-6
3.56E-5
1.238E-6
6.74E-7
8.99E-7
8.091E-6
4.22E-7
6.24E-7
1.344E-6
2.894E-6
3.93E-7
2.71E-7
4.62E-7
4.53E-7
4.46E-7
1.021E-6
4.63E-7
4.02E-7
4.14E-7
7.362E-6
3.46E-7
1.523E-6
2.92E-7
2.95E-7
2.74E-7
3.11E-7
4.24E-7
2.99E-7
9.23E-7
5.75E-7
5.073E-6
3.98E-7
7.745E-6
3.56E-7
1.016E-6
3.83E-7
4.38E-7
5.073E-6
4.22E-7
4.12E-7
1.861E-6
