9.056E-6
6.641E-6
4.226E-6
8.452E-6
1.0264E-5
6.642E-6
6.641E-6
3.622E-6
8.453E-6
8.452E-6
4.226E-6
2.898E-5
4.226E-6
7.245E-6
4.83E-6
6.641E-6
3.622E-6
5.434E-6
6.641E-6
6.642E-6
3.622E-6
7.245E-6
6.038E-6
6.641E-6
4.226E-6
3.019E-6
5.433E-6
3.019E-6
4.83E-6
3.019E-6
4.226E-6
5.434E-6
2.415E-6
4.227E-6
4.226E-6
6.037E-6
4.227E-6
3.018E-6
1.0868E-5
3.623E-6
2.415E-6
1.0867E-5
4.83E-6
6.037E-6
5.434E-6
5.434E-6
5.433E-6
4.83E-6
3.019E-6
6.641E-6
5.434E-6
4.226E-6
3.018E-6
4.227E-6
6.037E-6
1.811E-6
3.019E-6
7.245E-6
3.019E-6
6.038E-6
6.641E-6
5.434E-6
3.018E-6
5.434E-6
4.226E-6
5.433E-6
4.83E-6
7.849E-6
2.415E-6
6.641E-6
2.415E-6
4.226E-6
6.642E-6
6.037E-6
3.019E-6
7.848E-6
5.434E-6
7.245E-6
2.415E-6
3.019E-6
4.227E-6
4.83E-6
3.622E-6
6.641E-6
3.622E-6
2.415E-6
3.623E-6
4.83E-6
3.019E-6
4.226E-6
4.83E-6
3.622E-6
6.038E-6
4.83E-6
6.641E-6
2.415E-6
5.433E-6
4.83E-6
5.434E-6
3.019E-6
3.623E-6
5.434E-6
4.83E-6
6.038E-6
3.018E-6
4.227E-6
3.018E-6
6.038E-6
6.037E-6
2.415E-6
4.83E-6
5.434E-6
5.434E-6
4.226E-6
4.226E-6
4.226E-6
3.622E-6
2.415E-6
3.019E-6
2.415E-6
3.018E-6
7.245E-6
4.226E-6
7.245E-6
4.226E-6
5.434E-6
3.019E-6
3.019E-6
6.037E-6
4.83E-6
5.434E-6
3.018E-6
6.038E-6
1.5094E-5
5.434E-6
2.415E-6
4.83E-6
5.434E-6
1.2075E-5
4.83E-6
7.849E-6
5.434E-6
4.226E-6
7.849E-6
5.433E-6
6.037E-6
6.642E-6
3.018E-6
3.019E-6
4.83E-6
4.226E-6
3.623E-6
6.037E-6
2.415E-6
4.226E-6
5.433E-6
3.623E-6
7.245E-6
6.037E-6
4.83E-6
4.227E-6
6.037E-6
5.434E-6
6.038E-6
3.622E-6
4.226E-6
4.227E-6
2.415E-6
5.434E-6
4.226E-6
5.434E-6
4.226E-6
4.83E-6
4.83E-6
7.245E-6
1.6301E-5
3.019E-6
3.019E-6
1.0867E-5
3.018E-6
6.642E-6
4.83E-6
2.415E-6
6.641E-6
6.037E-6
5.434E-6
3.019E-6
3.623E-6
5.433E-6
6.641E-6
5.434E-6
4.83E-6
7.245E-6
4.83E-6
3.019E-6
5.434E-6
6.641E-6
3.019E-6
2.415E-6
4.83E-6
3.622E-6
3.623E-6
2.415E-6
7.245E-6
3.622E-6
6.038E-6
4.226E-6
2.415E-6
3.622E-6
6.038E-6
4.226E-6
3.622E-6
3.019E-6
7.849E-6
6.037E-6
4.226E-6
4.226E-6
2.415E-6
5.434E-6
3.019E-6
4.83E-6
6.037E-6
6.642E-6
5.433E-6
3.019E-6
5.434E-6
7.245E-6
4.83E-6
3.018E-6
2.415E-6
4.83E-6
3.623E-6
4.226E-6
7.245E-6
3.019E-6
6.037E-6
7.245E-6
5.434E-6
6.037E-6
3.623E-6
5.433E-6
5.434E-6
3.622E-6
6.038E-6
5.433E-6
3.623E-6
4.226E-6
3.623E-6
2.415E-6
5.434E-6
3.019E-6
4.226E-6
2.415E-6
5.434E-6
4.226E-6
3.019E-6
5.433E-6
4.83E-6
5.434E-6
3.019E-6
3.019E-6
7.849E-6
7.849E-6
2.415E-6
4.227E-6
5.433E-6
4.227E-6
7.245E-6
3.018E-6
7.849E-6
3.622E-6
5.434E-6
4.83E-6
7.849E-6
6.037E-6
4.226E-6
5.434E-6
3.622E-6
2.415E-6
3.019E-6
7.245E-6
6.037E-6
3.019E-6
6.641E-6
3.622E-6
5.434E-6
6.037E-6
3.019E-6
2.415E-6
4.83E-6
6.641E-6
3.622E-6
5.434E-6
6.642E-6
4.226E-6
6.038E-6
3.018E-6
6.038E-6
2.415E-6
4.83E-6
3.623E-6
6.641E-6
7.849E-6
2.415E-6
3.622E-6
3.623E-6
2.415E-6
4.83E-6
7.245E-6
5.434E-6
3.622E-6
6.037E-6
3.623E-6
4.227E-6
3.622E-6
2.415E-6
3.019E-6
3.622E-6
2.415E-6
1.2679E-5
6.641E-6
3.019E-6
3.622E-6
6.038E-6
3.622E-6
5.434E-6
3.623E-6
6.641E-6
5.434E-6
3.018E-6
7.245E-6
4.226E-6
5.434E-6
5.433E-6
6.641E-6
3.019E-6
3.623E-6
6.037E-6
3.019E-6
3.018E-6
2.415E-6
3.623E-6
3.019E-6
3.018E-6
7.245E-6
3.019E-6
2.415E-6
7.245E-6
3.019E-6
3.019E-6
7.245E-6
2.415E-6
5.433E-6
5.434E-6
5.434E-6
7.245E-6
1.811E-6
4.226E-6
5.434E-6
6.641E-6
2.415E-6
3.019E-6
6.037E-6
4.226E-6
6.038E-6
3.019E-6
3.623E-6
3.019E-6
7.245E-6
5.434E-6
4.226E-6
5.434E-6
6.641E-6
6.641E-6
6.037E-6
3.622E-6
3.623E-6
8.452E-6
7.849E-6
3.622E-6
3.623E-6
3.622E-6
3.623E-6
3.018E-6
7.245E-6
3.018E-6
3.019E-6
7.245E-6
4.83E-6
5.433E-6
2.415E-6
5.434E-6
6.641E-6
5.434E-6
2.415E-6
4.226E-6
5.433E-6
3.019E-6
5.434E-6
3.019E-6
7.244E-6
3.623E-6
5.433E-6
4.83E-6
4.83E-6
2.415E-6
3.018E-6
4.227E-6
5.433E-6
3.622E-6
5.434E-6
5.434E-6
3.622E-6
4.83E-6
3.623E-6
3.019E-6
4.226E-6
2.415E-6
6.038E-6
5.434E-6
5.433E-6
3.019E-6
7.245E-6
5.434E-6
4.226E-6
4.83E-6
6.037E-6
6.641E-6
2.415E-6
5.434E-6
6.641E-6
3.623E-6
4.83E-6
3.622E-6
7.245E-6
2.415E-6
3.019E-6
7.245E-6
5.433E-6
6.642E-6
3.622E-6
9.66E-6
1.0867E-5
4.226E-6
3.622E-6
3.019E-6
6.641E-6
3.622E-6
3.623E-6
6.641E-6
3.019E-6
5.433E-6
5.434E-6
5.434E-6
3.019E-6
7.245E-6
3.019E-6
2.415E-6
4.83E-6
5.433E-6
6.038E-6
5.433E-6
3.019E-6
4.226E-6
3.019E-6
5.434E-6
6.641E-6
3.622E-6
3.623E-6
6.641E-6
6.037E-6
3.019E-6
3.622E-6
7.849E-6
4.226E-6
6.641E-6
5.434E-6
4.83E-6
7.849E-6
5.434E-6
4.83E-6
3.0188E-5
6.037E-6
4.226E-6
3.622E-6
7.245E-6
4.83E-6
3.019E-6
8.452E-6
6.038E-6
5.434E-6
6.641E-6
3.622E-6
6.641E-6
4.83E-6
5.434E-6
3.018E-6
5.433E-6
4.83E-6
3.019E-6
6.641E-6
2.415E-6
4.227E-6
3.622E-6
6.038E-6
4.83E-6
3.622E-6
3.019E-6
7.245E-6
3.019E-6
3.622E-6
1.0868E-5
3.019E-6
7.849E-6
6.038E-6
3.018E-6
6.038E-6
3.019E-6
7.245E-6
3.019E-6
6.037E-6
6.641E-6
3.019E-6
6.038E-6
6.037E-6
5.434E-6
3.622E-6
4.83E-6
4.227E-6
6.641E-6
4.83E-6
3.019E-6
5.433E-6
6.641E-6
5.434E-6
3.018E-6
3.019E-6
4.226E-6
3.019E-6
6.641E-6
6.038E-6
3.623E-6
2.415E-6
4.226E-6
3.623E-6
6.037E-6
7.245E-6
2.415E-6
2.415E-6
4.83E-6
6.642E-6
3.018E-6
6.641E-6
3.623E-6
6.037E-6
2.415E-6
3.623E-6
3.622E-6
4.83E-6
4.226E-6
3.019E-6
5.434E-6
4.83E-6
3.019E-6
4.226E-6
4.83E-6
3.019E-6
3.018E-6
6.038E-6
5.434E-6
5.434E-6
3.018E-6
4.226E-6
4.83E-6
8.453E-6
6.037E-6
3.623E-6
4.226E-6
7.245E-6
8.453E-6
3.622E-6
3.623E-6
3.622E-6
7.849E-6
7.245E-6
5.434E-6
5.434E-6
3.018E-6
3.623E-6
4.83E-6
6.037E-6
6.642E-6
4.83E-6
2.415E-6
4.83E-6
2.415E-6
2.415E-6
4.83E-6
3.018E-6
7.849E-6
6.641E-6
7.245E-6
4.83E-6
3.019E-6
6.641E-6
6.037E-6
3.018E-6
4.83E-6
4.226E-6
3.019E-6
5.434E-6
2.415E-6
3.019E-6
5.434E-6
3.019E-6
4.83E-6
7.849E-6
7.245E-6
4.83E-6
6.641E-6
3.019E-6
3.018E-6
6.037E-6
6.038E-6
3.018E-6
4.227E-6
3.622E-6
3.019E-6
4.227E-6
4.226E-6
6.641E-6
5.434E-6
3.622E-6
6.038E-6
5.433E-6
7.245E-6
6.641E-6
3.018E-6
5.433E-6
4.226E-6
3.018E-6
4.227E-6
6.641E-6
3.019E-6
5.433E-6
5.434E-6
3.019E-6
4.83E-6
4.83E-6
4.226E-6
6.037E-6
4.227E-6
6.641E-6
3.019E-6
4.226E-6
3.623E-6
3.622E-6
5.434E-6
3.019E-6
5.434E-6
7.245E-6
6.037E-6
4.227E-6
3.019E-6
5.434E-6
3.018E-6
4.227E-6
4.227E-6
6.642E-6
3.018E-6
5.433E-6
5.434E-6
4.83E-6
3.019E-6
5.434E-6
6.641E-6
7.848E-6
2.415E-6
7.245E-6
4.83E-6
6.038E-6
4.83E-6
3.622E-6
5.434E-6
4.83E-6
2.415E-6
3.622E-6
6.038E-6
3.622E-6
4.226E-6
4.227E-6
3.018E-6
4.226E-6
3.622E-6
4.83E-6
3.019E-6
7.245E-6
4.83E-6
5.433E-6
3.019E-6
3.019E-6
4.83E-6
6.037E-6
3.019E-6
5.434E-6
3.018E-6
3.019E-6
4.226E-6
3.019E-6
7.849E-6
3.622E-6
6.641E-6
4.83E-6
6.641E-6
7.849E-6
3.018E-6
6.641E-6
2.415E-6
5.434E-6
6.641E-6
9.66E-6
3.019E-6
3.018E-6
3.019E-6
4.226E-6
4.226E-6
3.623E-6
3.019E-6
3.622E-6
2.415E-6
3.623E-6
3.019E-6
6.038E-6
3.623E-6
5.434E-6
6.641E-6
3.622E-6
3.623E-6
3.019E-6
7.849E-6
2.415E-6
4.226E-6
4.226E-6
4.83E-6
4.83E-6
5.434E-6
3.018E-6
7.245E-6
9.66E-6
3.019E-6
6.641E-6
3.018E-6
4.83E-6
3.019E-6
2.415E-6
7.245E-6
7.245E-6
5.434E-6
3.019E-6
4.83E-6
4.83E-6
4.83E-6
7.245E-6
3.018E-6
4.227E-6
6.037E-6
3.622E-6
4.227E-6
4.83E-6
3.018E-6
6.038E-6
4.83E-6
3.018E-6
3.019E-6
6.641E-6
4.227E-6
3.018E-6
5.434E-6
3.622E-6
3.623E-6
4.83E-6
6.037E-6
6.038E-6
3.018E-6
6.038E-6
5.434E-6
6.641E-6
3.019E-6
6.642E-6
2.415E-6
3.622E-6
7.849E-6
3.622E-6
3.623E-6
3.018E-6
6.038E-6
6.038E-6
6.037E-6
4.83E-6
6.038E-6
4.226E-6
7.849E-6
4.83E-6
4.83E-6
4.83E-6
3.622E-6
3.622E-6
4.226E-6
3.623E-6
7.245E-6
6.038E-6
3.622E-6
3.019E-6
5.434E-6
6.037E-6
3.019E-6
6.642E-6
4.226E-6
4.226E-6
7.245E-6
7.245E-6
3.019E-6
4.226E-6
6.641E-6
2.415E-6
6.037E-6
2.415E-6
4.226E-6
5.434E-6
6.037E-6
4.226E-6
3.019E-6
7.245E-6
7.245E-6
3.019E-6
3.623E-6
3.622E-6
3.623E-6
4.226E-6
4.226E-6
2.415E-6
5.433E-6
3.019E-6
6.038E-6
3.018E-6
5.434E-6
6.037E-6
4.227E-6
3.622E-6
7.849E-6
4.83E-6
4.227E-6
6.641E-6
3.019E-6
7.245E-6
4.226E-6
6.642E-6
7.245E-6
3.018E-6
3.019E-6
3.623E-6
2.415E-6
6.641E-6
4.83E-6
3.019E-6
7.849E-6
2.415E-6
7.849E-6
3.622E-6
6.641E-6
5.434E-6
3.018E-6
4.227E-6
3.018E-6
3.019E-6
3.622E-6
5.434E-6
3.623E-6
4.83E-6
4.83E-6
2.415E-6
3.019E-6
6.037E-6
2.415E-6
1.812E-6
4.227E-6
2.415E-6
7.245E-6
3.019E-6
5.434E-6
4.227E-6
6.038E-6
4.83E-6
3.018E-6
5.434E-6
3.623E-6
3.622E-6
5.434E-6
4.83E-6
2.415E-6
6.037E-6
3.019E-6
5.433E-6
3.019E-6
5.434E-6
3.019E-6
5.433E-6
4.227E-6
5.433E-6
4.83E-6
6.641E-6
6.641E-6
3.019E-6
6.038E-6
7.245E-6
6.037E-6
3.019E-6
2.415E-6
3.622E-6
5.434E-6
6.038E-6
5.433E-6
4.227E-6
4.83E-6
3.018E-6
6.642E-6
5.433E-6
3.623E-6
6.037E-6
3.623E-6
3.018E-6
3.623E-6
5.433E-6
3.019E-6
4.83E-6
2.415E-6
5.433E-6
6.038E-6
3.018E-6
3.019E-6
3.019E-6
3.622E-6
5.434E-6
4.226E-6
6.037E-6
4.227E-6
2.415E-6
7.245E-6
4.83E-6
3.019E-6
7.849E-6
6.038E-6
7.245E-6
4.227E-6
5.434E-6
6.037E-6
4.226E-6
4.226E-6
6.642E-6
3.018E-6
7.245E-6
3.623E-6
7.848E-6
3.019E-6
6.037E-6
7.245E-6
6.642E-6
3.018E-6
3.623E-6
5.434E-6
3.623E-6
3.019E-6
6.037E-6
4.226E-6
3.019E-6
3.622E-6
3.623E-6
5.433E-6
4.83E-6
3.623E-6
7.245E-6
3.018E-6
3.623E-6
4.83E-6
6.037E-6
6.037E-6
5.434E-6
1.2075E-5
3.622E-6
2.415E-6
5.433E-6
3.623E-6
5.434E-6
3.019E-6
1.0868E-5
2.415E-6
5.434E-6
4.226E-6
1.811E-6
2.415E-6
5.434E-6
3.622E-6
7.245E-6
3.019E-6
4.226E-6
2.415E-6
4.226E-6
2.415E-6
3.019E-6
3.019E-6
8.453E-6
3.622E-6
3.019E-6
5.434E-6
3.018E-6
4.226E-6
3.622E-6
3.019E-6
6.641E-6
3.019E-6
3.622E-6
7.245E-6
4.83E-6
3.019E-6
5.433E-6
5.434E-6
3.019E-6
4.83E-6
6.037E-6
4.227E-6
6.642E-6
3.018E-6
4.83E-6
6.038E-6
4.83E-6
6.641E-6
3.019E-6
6.641E-6
2.415E-6
3.623E-6
3.019E-6
2.415E-6
3.622E-6
7.849E-6
3.019E-6
3.622E-6
3.019E-6
6.641E-6
4.83E-6
2.415E-6
6.037E-6
4.226E-6
6.641E-6
5.434E-6
6.641E-6
4.83E-6
4.83E-6
2.415E-6
7.849E-6
4.226E-6
3.622E-6
3.019E-6
3.622E-6
3.623E-6
2.415E-6
2.415E-6
6.037E-6
6.038E-6
4.83E-6
6.641E-6
6.641E-6
4.83E-6
2.415E-6
5.433E-6
6.038E-6
4.83E-6
5.434E-6
2.415E-6
4.226E-6
4.83E-6
5.434E-6
3.622E-6
5.433E-6
6.038E-6
5.433E-6
6.642E-6
2.415E-6
3.622E-6
8.453E-6
3.622E-6
4.226E-6
3.019E-6
3.018E-6
5.434E-6
3.019E-6
4.83E-6
4.227E-6
3.018E-6
3.019E-6
6.037E-6
3.622E-6
8.453E-6
6.037E-6
6.642E-6
4.83E-6
2.415E-5
4.83E-6
4.83E-6
3.019E-6
6.641E-6
8.453E-6
3.019E-6
4.226E-6
6.038E-6
4.83E-6
7.245E-6
5.434E-6
6.038E-6
3.018E-6
4.226E-6
2.415E-6
6.037E-6
7.849E-6
5.434E-6
6.641E-6
3.622E-6
3.623E-6
4.226E-6
2.415E-6
3.622E-6
2.415E-6
4.83E-6
4.83E-6
3.019E-6
5.434E-6
7.245E-6
3.622E-6
5.434E-6
2.415E-6
3.018E-6
4.83E-6
3.019E-6
5.434E-6
5.433E-6
3.623E-6
6.037E-6
2.415E-6
6.038E-6
4.83E-6
4.227E-6
3.623E-6
4.226E-6
3.019E-6
5.433E-6
2.415E-6
5.434E-6
4.83E-6
4.83E-6
2.415E-6
5.433E-6
4.83E-6
4.83E-6
3.019E-6
2.415E-6
3.019E-6
7.245E-6
6.037E-6
4.83E-6
4.83E-6
2.415E-6
3.623E-6
3.018E-6
6.642E-6
3.622E-6
4.226E-6
6.037E-6
3.623E-6
5.434E-6
2.415E-6
4.829E-6
6.038E-6
3.622E-6
2.415E-6
4.83E-6
5.434E-6
4.226E-6
1.2679E-5
5.434E-6
3.018E-6
5.434E-6
3.019E-6
3.019E-6
6.037E-6
3.019E-6
6.641E-6
5.434E-6
4.83E-6
4.83E-6
6.641E-6
2.415E-6
4.83E-6
5.434E-6
4.83E-6
3.019E-6
5.434E-6
7.245E-6
6.038E-6
2.415E-6
3.622E-6
3.623E-6
4.83E-6
6.641E-6
6.642E-6
5.433E-6
3.019E-6
3.622E-6
6.641E-6
7.849E-6
5.434E-6
6.037E-6
4.226E-6
3.623E-6
4.226E-6
6.037E-6
3.019E-6
2.415E-6
5.434E-6
4.226E-6
5.434E-6
5.434E-6
2.415E-6
3.018E-6
5.434E-6
4.226E-6
6.038E-6
2.415E-6
3.623E-6
7.849E-6
3.623E-6
6.642E-6
2.415E-6
6.038E-6
3.018E-6
6.038E-6
3.019E-6
5.434E-6
4.83E-6
4.226E-6
6.038E-6
3.623E-6
3.623E-6
8.452E-6
3.019E-6
3.622E-6
3.019E-6
5.434E-6
6.037E-6
3.623E-6
4.226E-6
3.018E-6
7.245E-6
2.415E-6
4.83E-6
6.038E-6
4.83E-6
2.415E-6
6.037E-6
1.0264E-5
2.415E-6
4.83E-6
6.642E-6
4.83E-6
2.415E-6
4.83E-6
3.622E-6
2.415E-6
3.019E-6
3.018E-6
3.019E-6
4.226E-6
6.038E-6
3.622E-6
3.019E-6
2.415E-6
5.433E-6
5.434E-6
7.848E-6
5.434E-6
4.83E-6
2.415E-6
3.018E-6
6.037E-6
3.019E-6
3.622E-6
3.623E-6
3.622E-6
4.83E-6
4.226E-6
5.433E-6
3.623E-6
4.83E-6
3.622E-6
4.83E-6
3.623E-6
5.434E-6
3.019E-6
3.018E-6
4.83E-6
5.434E-6
3.019E-6
6.037E-6
2.415E-6
3.019E-6
4.83E-6
3.019E-6
6.641E-6
6.037E-6
7.245E-6
7.848E-6
2.415E-6
4.226E-6
3.019E-6
4.83E-6
3.622E-6
5.434E-6
4.83E-6
6.037E-6
6.642E-6
4.227E-6
4.226E-6
4.83E-6
6.037E-6
3.622E-6
4.227E-6
4.83E-6
8.452E-6
4.226E-6
4.83E-6
4.83E-6
4.226E-6
7.245E-6
2.415E-6
4.83E-6
3.622E-6
5.434E-6
3.622E-6
5.434E-6
3.018E-6
4.83E-6
3.019E-6
4.83E-6
2.415E-6
3.622E-6
4.83E-6
4.83E-6
5.433E-6
7.245E-6
4.226E-6
3.623E-6
7.244E-6
5.434E-6
5.434E-6
4.83E-6
4.226E-6
6.037E-6
7.245E-6
2.415E-6
6.037E-6
4.227E-6
6.037E-6
3.623E-6
2.415E-6
4.83E-6
5.434E-6
4.226E-6
3.019E-6
4.226E-6
6.037E-6
3.019E-6
6.037E-6
6.038E-6
4.226E-6
6.641E-6
5.434E-6
3.019E-6
6.037E-6
3.019E-6
6.037E-6
3.623E-6
5.434E-6
4.83E-6
5.434E-6
3.019E-6
4.83E-6
2.415E-6
3.623E-6
6.641E-6
4.83E-6
2.415E-6
4.226E-6
4.226E-6
6.642E-6
4.83E-6
4.83E-6
7.245E-6
5.434E-6
3.019E-6
3.622E-6
3.019E-6
7.245E-6
3.623E-6
2.415E-6
2.415E-6
6.038E-6
3.018E-6
3.623E-6
4.227E-6
3.623E-6
5.433E-6
3.019E-6
3.019E-6
4.227E-6
3.018E-6
5.434E-6
7.245E-6
4.226E-6
4.83E-6
6.642E-6
6.037E-6
1.811E-6
3.019E-6
4.83E-6
6.037E-6
3.019E-6
3.623E-6
3.622E-6
5.434E-6
3.622E-6
3.019E-6
3.019E-6
3.622E-6
5.434E-6
4.83E-6
1.811E-6
3.019E-6
7.245E-6
2.415E-6
3.622E-6
7.245E-6
3.623E-6
7.245E-6
4.226E-6
4.226E-6
3.019E-6
5.434E-6
3.623E-6
5.434E-6
3.018E-6
4.83E-6
2.415E-6
6.038E-6
5.434E-6
3.019E-6
2.415E-6
5.434E-6
7.849E-6
7.245E-6
2.415E-6
4.83E-6
5.434E-6
6.641E-6
4.226E-6
3.019E-6
5.433E-6
2.415E-6
4.226E-6
6.038E-6
3.018E-6
5.434E-6
3.622E-6
1.0264E-5
6.037E-6
3.623E-6
5.433E-6
3.019E-6
6.038E-6
3.018E-6
3.019E-6
5.434E-6
3.018E-6
6.037E-6
2.415E-6
6.038E-6
2.415E-6
7.245E-6
6.038E-6
2.415E-6
4.226E-6
6.037E-6
3.019E-6
3.019E-6
4.83E-6
5.433E-6
2.415E-6
1.6905E-5
3.623E-6
7.245E-6
3.623E-6
3.019E-6
1.811E-6
2.415E-6
3.018E-6
5.434E-6
2.415E-6
4.226E-6
3.623E-6
4.226E-6
3.019E-6
4.226E-6
3.019E-6
3.018E-6
6.642E-6
3.018E-6
5.434E-6
3.018E-6
4.226E-6
4.226E-6
3.019E-6
4.83E-6
3.622E-6
4.227E-6
5.433E-6
3.019E-6
6.038E-6
5.434E-6
6.037E-6
4.83E-6
3.019E-6
2.415E-6
3.018E-6
4.83E-6
4.226E-6
3.622E-6
1.1471E-5
3.019E-6
3.018E-6
5.434E-6
3.622E-6
5.434E-6
3.622E-6
6.038E-6
2.415E-6
6.037E-6
4.83E-6
3.019E-6
3.018E-6
5.434E-6
3.623E-6
6.037E-6
3.019E-6
7.245E-6
4.226E-6
3.019E-6
4.829E-6
6.038E-6
6.037E-6
3.623E-6
5.433E-6
6.038E-6
3.622E-6
3.019E-6
3.019E-6
3.018E-6
4.226E-6
5.434E-6
3.019E-6
5.434E-6
7.245E-6
6.641E-6
5.434E-6
3.019E-6
5.433E-6
4.226E-6
3.019E-6
3.019E-6
7.245E-6
3.019E-6
7.245E-6
3.018E-6
4.227E-6
5.433E-6
3.019E-6
5.434E-6
4.226E-6
3.018E-6
6.038E-6
6.641E-6
5.434E-6
6.641E-6
7.245E-6
3.018E-6
3.019E-6
2.415E-6
5.433E-6
2.415E-6
7.245E-6
4.226E-6
5.434E-6
2.415E-6
4.226E-6
7.245E-6
3.623E-6
5.434E-6
3.018E-6
4.83E-6
4.83E-6
4.227E-6
5.433E-6
4.83E-6
3.623E-6
2.415E-6
3.622E-6
7.849E-6
4.226E-6
3.623E-6
3.018E-6
3.019E-6
3.019E-6
4.83E-6
4.226E-6
5.433E-6
1.9924E-5
3.622E-6
5.434E-6
2.415E-6
4.83E-6
7.849E-6
6.037E-6
5.434E-6
6.641E-6
3.622E-6
3.623E-6
6.037E-6
4.226E-6
7.245E-6
3.019E-6
7.849E-6
3.019E-6
7.848E-6
3.019E-6
6.641E-6
2.415E-6
3.019E-6
6.641E-6
9.66E-6
7.849E-6
6.038E-6
1.0264E-5
7.849E-6
4.83E-6
3.019E-6
7.245E-6
3.622E-6
3.0188E-5
5.434E-6
3.019E-6
4.83E-6
3.623E-6
6.038E-6
4.83E-6
3.019E-6
6.641E-6
2.415E-6
3.622E-6
3.623E-6
3.622E-6
3.622E-6
4.83E-6
4.226E-6
3.019E-6
6.641E-6
3.623E-6
4.83E-6
5.433E-6
3.019E-6
3.019E-6
6.037E-6
3.019E-6
5.434E-6
3.623E-6
8.452E-6
6.037E-6
6.642E-6
4.83E-6
3.019E-6
3.622E-6
7.245E-6
3.019E-6
4.226E-6
5.433E-6
4.83E-6
6.038E-6
3.018E-6
4.83E-6
4.83E-6
3.019E-6
3.019E-6
7.245E-6
5.434E-6
6.037E-6
4.83E-6
8.453E-6
4.226E-6
6.641E-6
2.415E-6
7.245E-6
3.018E-6
8.453E-6
7.245E-6
6.641E-6
3.622E-6
7.849E-6
3.019E-6
8.452E-6
3.019E-6
3.019E-6
7.245E-6
4.83E-6
5.434E-6
6.038E-6
7.848E-6
3.623E-6
3.018E-6
5.434E-6
3.019E-6
6.037E-6
2.415E-6
3.622E-6
3.019E-6
5.433E-6
3.019E-6
3.019E-6
4.226E-6
4.83E-6
7.245E-6
6.037E-6
5.434E-6
3.019E-6
4.227E-6
6.037E-6
4.226E-6
6.642E-6
3.622E-6
2.415E-6
3.019E-6
3.018E-6
3.019E-6
5.433E-6
4.227E-6
7.848E-6
4.226E-6
4.227E-6
5.433E-6
3.019E-6
5.434E-6
2.415E-6
6.037E-6
2.415E-6
2.415E-6
6.641E-6
4.83E-6
4.226E-6
6.038E-6
2.415E-6
6.038E-6
4.226E-6
6.641E-6
3.623E-6
7.245E-6
4.83E-6
6.037E-6
5.434E-6
3.622E-6
3.019E-6
4.83E-6
2.415E-6
3.622E-6
4.227E-6
4.226E-6
4.83E-6
4.83E-6
3.019E-6
7.245E-6
4.83E-6
3.019E-6
3.018E-6
5.434E-6
4.83E-6
4.226E-6
6.038E-6
7.849E-6
4.226E-6
5.434E-6
4.83E-6
4.226E-6
6.641E-6
3.019E-6
4.83E-6
5.434E-6
6.037E-6
3.019E-6
6.641E-6
4.226E-6
4.83E-6
7.849E-6
7.245E-6
4.226E-6
5.434E-6
6.037E-6
4.226E-6
4.83E-6
6.641E-6
3.9847E-5
3.019E-6
4.226E-6
3.622E-6
3.019E-6
4.83E-6
6.641E-6
5.434E-6
6.037E-6
5.434E-6
5.434E-6
3.019E-6
5.434E-6
6.037E-6
3.623E-6
3.623E-6
3.018E-6
6.642E-6
2.415E-6
3.018E-6
5.434E-6
3.019E-6
6.037E-6
7.245E-6
5.433E-6
5.434E-6
6.641E-6
4.226E-6
6.641E-6
6.641E-6
4.226E-6
4.226E-6
2.415E-6
4.226E-6
5.434E-6
4.83E-6
6.037E-6
2.415E-6
6.641E-6
3.623E-6
3.018E-6
6.038E-6
5.433E-6
3.019E-6
6.641E-6
3.019E-6
4.83E-6
5.434E-6
3.019E-6
3.622E-6
5.434E-6
5.434E-6
4.227E-6
3.622E-6
3.019E-6
4.226E-6
4.226E-6
4.227E-6
3.018E-6
7.849E-6
3.019E-6
3.623E-6
2.415E-6
4.226E-6
4.83E-6
4.226E-6
3.019E-6
5.434E-6
3.622E-6
4.226E-6
4.83E-6
4.226E-6
2.415E-6
3.623E-6
3.622E-6
4.83E-6
3.019E-6
4.83E-6
2.415E-6
5.434E-6
6.641E-6
5.433E-6
4.83E-6
6.642E-6
4.83E-6
3.622E-6
5.434E-6
2.415E-6
5.433E-6
5.434E-6
5.434E-6
4.227E-6
6.037E-6
4.83E-6
4.83E-6
4.83E-6
5.434E-6
3.018E-6
9.056E-6
3.019E-6
6.641E-6
3.019E-6
7.245E-6
1.0867E-5
3.623E-6
6.037E-6
4.226E-6
3.019E-6
3.018E-6
5.434E-6
5.434E-6
3.018E-6
6.038E-6
4.226E-6
2.415E-6
4.226E-6
4.226E-6
4.226E-6
6.038E-6
5.434E-6
2.415E-6
3.019E-6
7.245E-6
6.641E-6
7.849E-6
7.245E-6
2.415E-6
3.622E-6
6.641E-6
4.83E-6
3.019E-6
7.849E-6
3.622E-6
7.245E-6
6.037E-6
4.83E-6
4.83E-6
3.018E-6
6.038E-6
6.641E-6
7.849E-6
3.019E-6
4.226E-6
2.415E-6
5.434E-6
8.452E-6
1.3283E-5
5.434E-6
3.622E-6
5.434E-6
3.019E-6
6.641E-6
3.623E-6
3.019E-6
6.641E-6
4.83E-6
5.434E-6
3.622E-6
3.019E-6
6.641E-6
3.019E-6
4.83E-6
6.641E-6
3.622E-6
4.83E-6
7.849E-6
6.037E-6
3.623E-6
3.019E-6
6.641E-6
4.83E-6
2.415E-6
6.037E-6
7.245E-6
3.019E-6
5.434E-6
4.83E-6
6.641E-6
7.849E-6
2.415E-6
6.642E-6
3.018E-6
3.623E-6
3.018E-6
4.226E-6
6.641E-6
3.019E-6
3.019E-6
6.641E-6
3.018E-6
3.019E-6
3.623E-6
4.83E-6
7.244E-6
6.641E-6
3.019E-6
4.226E-6
7.245E-6
6.641E-6
6.038E-6
4.83E-6
3.018E-6
3.019E-6
3.622E-6
3.019E-6
3.019E-6
5.434E-6
6.642E-6
2.415E-6
4.227E-6
7.245E-6
6.641E-6
3.019E-6
3.019E-6
4.226E-6
3.019E-6
5.434E-6
2.415E-6
5.433E-6
7.245E-6
3.622E-6
5.434E-6
5.434E-6
3.019E-6
4.83E-6
