1.03138E-4
4.6543E-5
1.2465E-5
2.8378E-5
1.7179E-5
1.9307E-5
2.0006E-5
1.8271E-5
2.2688E-5
2.4539E-5
2.3096E-5
2.7045E-5
1.475E-5
2.8528E-5
1.9905E-5
6.9307E-5
1.6946E-5
2.7218E-5
1.6454E-5
3.0757E-5
1.5696E-5
1.7838E-5
2.2695E-5
7.206E-6
1.6004E-5
2.8004E-5
1.0694E-5
1.461E-5
1.604E-5
1.4727E-5
9.388E-6
1.8516E-5
1.3989E-5
3.2029E-5
1.0908E-5
1.475E-5
1.1045E-5
2.7185E-5
1.5699E-5
1.0951E-5
2.1887E-5
2.6587E-5
2.1916E-5
2.5584E-5
1.1212E-5
1.3457E-5
2.0947E-5
2.4191E-5
2.6353E-5
2.5849E-5
2.6083E-5
1.5064E-5
2.3728E-5
2.3971E-5
2.5718E-5
1.6094E-5
1.8452E-5
1.3514E-5
2.4516E-5
1.5341E-5
2.2421E-5
1.3444E-5
1.3635E-5
1.7844E-5
1.7657E-5
1.6531E-5
5.0234E-5
2.8531E-5
2.1108E-5
2.0844E-5
2.9083E-5
2.0884E-5
2.9734E-5
3.3743E-5
2.3053E-5
1.6297E-5
2.0677E-5
3.1622E-5
1.4035E-5
1.5565E-5
1.6046E-5
1.7322E-5
2.074E-5
2.4696E-5
2.2163E-5
1.4533E-5
2.6617E-5
1.5201E-5
2.3481E-5
3.2855E-5
3.075E-5
1.6009E-5
2.474E-5
1.6297E-5
1.6965E-5
3.0867E-5
1.7069E-5
1.9528E-5
2.1138E-5
1.7122E-5
3.1972E-5
2.3543E-5
1.5639E-5
1.2191E-5
3.2795E-5
2.94E-5
2.2832E-5
1.1677E-5
2.0113E-5
1.7196E-5
1.5743E-5
1.7262E-5
2.8084E-5
1.903E-5
1.6067E-5
2.1462E-5
2.6724E-5
1.5455E-5
1.447E-5
2.1984E-5
1.8636E-5
3.8143E-5
2.2013E-5
2.1593E-5
1.8361E-5
1.5241E-5
2.637E-5
4.688E-5
1.152E-5
1.5462E-5
2.7425E-5
1.15466E-4
3.7639E-5
1.7382E-5
1.3153E-5
1.8672E-5
1.7654E-5
1.8756E-5
1.2966E-5
2.7934E-5
2.5902E-5
2.1155E-5
1.611E-5
2.2374E-5
1.3671E-5
2.9932E-5
1.7439E-5
2.5073E-5
1.4824E-5
1.774E-5
2.7784E-5
3.0025E-5
2.5094E-5
1.4325E-5
2.8087E-5
2.6116E-5
3.0997E-5
1.4102E-5
2.2411E-5
1.4713E-5
1.1045E-5
2.7596E-5
2.203E-5
2.2708E-5
3.6011E-5
1.2461E-5
1.9605E-5
1.7132E-5
1.1138E-5
1.8592E-5
3.5524E-5
1.6595E-5
2.8043E-5
2.1802E-5
1.8489E-5
1.5983E-5
3.5541E-5
2.7266E-5
2.3015E-5
2.2605E-5
1.4466E-5
4.2453E-5
1.0003E-5
2.1285E-5
1.5549E-5
2.9334E-5
1.8392E-5
1.7507E-5
1.6898E-5
1.8271E-5
2.4806E-5
1.759E-5
1.0143E-5
9.1E-6
1.7644E-5
2.7706E-5
2.0482E-5
1.4884E-5
2.0707E-5
1.6741E-5
2.6189E-5
2.1088E-5
1.2582E-5
3.4555E-5
1.5522E-5
1.2114E-5
1.1873E-5
1.9211E-5
2.636E-5
1.5502E-5
1.5883E-5
1.2174E-5
1.2839E-5
2.2468E-5
2.0376E-5
1.5405E-5
2.7386E-5
1.6177E-5
2.8491E-5
1.7055E-5
1.765E-5
1.6875E-5
2.2675E-5
3.2397E-5
2.767E-5
1.7159E-5
1.7613E-5
1.7507E-5
2.0403E-5
3.1261E-5
2.9968E-5
1.9721E-5
2.40353E-4
1.4142E-5
1.4025E-5
4.38E-6
5.683E-6
6.197E-6
1.1102E-5
9.244E-6
1.0143E-5
4.156E-6
8.302E-6
1.2546E-5
7.891E-6
5.646E-6
5.729E-6
5.804E-6
1.0634E-5
6.856E-6
8.105E-6
1.055E-5
7.828E-6
5.606E-6
5.92E-6
5.7971E-5
6.721E-6
4.507E-6
7.891E-6
8.75E-6
9.348E-6
6.719E-6
5.537E-6
5.66E-6
5.162E-6
8.773E-6
7.41E-6
4.096E-6
7.073E-6
4.32E-6
1.0774E-5
9.792E-6
1.1754E-5
4.999E-6
6.551E-6
5.089E-6
4.109E-6
1.0344E-5
9.167E-6
8.089E-6
4.687E-6
5.308E-6
5.239E-6
1.2616E-5
6.979E-6
4.837E-6
5.429E-6
7.334E-6
3.996E-6
4.991E-6
7.751E-6
6.846E-6
9.455E-6
6.044E-6
4.847E-6
1.0618E-5
9.101E-6
6.849E-6
7.284E-6
4.012E-6
1.1039E-5
9.358E-6
6.261E-6
8.49E-6
4.059E-6
5.666E-6
3.712E-6
4.811E-6
5.913E-6
5.713E-6
9.863E-6
1.3805E-5
1.0257E-5
6.551E-6
5.873E-6
8.833E-6
5.639E-6
9.017E-6
8.308E-6
5.285E-6
8.485E-6
1.1723E-5
5.168E-6
5.298E-6
8.065E-6
4.072E-6
8.573E-6
6.565E-6
5.085E-6
4.092E-6
1.1002E-5
4.931E-6
5.215E-6
7.741E-6
9.648E-6
1.0985E-5
1.0173E-5
9.344E-6
8.566E-6
6.445E-6
4.548E-6
7.697E-6
4.383E-6
8.586E-6
5.62E-6
8.262E-6
6.0E-6
9.933E-6
5.914E-6
7.46E-6
7.738E-6
6.956E-6
9.672E-6
1.063E-5
7.022E-6
4.758E-6
9.996E-6
5.63E-6
7.216E-6
6.548E-6
4.216E-6
5.024E-6
6.427E-6
6.315E-6
3.909E-6
7.236E-6
1.0076E-5
5.169E-6
1.0253E-5
5.315E-6
5.195E-6
5.87E-6
8.836E-6
1.0634E-5
1.2966E-5
1.1025E-5
8.426E-6
6.802E-6
4.447E-6
6.528E-6
6.846E-6
5.166E-6
5.696E-6
1.171E-5
9.348E-6
5.786E-6
7.651E-6
9.268E-6
9.101E-6
1.0413E-5
8.94E-6
4.267E-6
8.93E-6
8.907E-6
8.87E-6
1.0985E-5
8.519E-6
8.756E-6
1.1082E-5
1.008E-5
6.307E-6
8.096E-6
9.281E-6
6.642E-6
4.274E-6
6.989E-6
4.928E-6
9.578E-6
6.732E-6
6.886E-6
5.005E-6
6.301E-6
5.733E-6
4.915E-6
5.38E-6
1.007E-5
1.0007E-5
7.754E-6
5.015E-6
9.422E-6
5.195E-6
6.234E-6
9.763E-6
9.127E-6
6.224E-6
9.288E-6
9.371E-6
4.895E-6
6.812E-6
8.365E-6
9.335E-6
5.652E-6
8.258E-6
3.749E-6
8.409E-6
1.323E-5
8.76E-6
4.063E-6
8.566E-6
7.884E-6
9.361E-6
7.193E-6
4.239E-6
5.118E-6
6.588E-6
8.376E-6
5.219E-6
8.192E-6
4.871E-6
6.457E-6
4.634E-6
6.698E-6
5.463E-6
4.323E-6
5.248E-6
9.05E-6
5.051E-6
1.0788E-5
8.525E-6
1.182E-5
5.459E-6
4.968E-6
9.365E-6
6.465E-6
9.822E-6
7.904E-6
6.812E-6
1.0373E-5
9.438E-6
8.289E-6
4.807E-6
7.845E-6
1.0217E-5
5.081E-6
5.072E-6
5.506E-6
8.951E-6
4.848E-6
5.175E-6
6.391E-6
4.908E-6
9.649E-6
5.001E-6
7.227E-6
5.523E-6
1.169E-5
8.66E-6
5.557E-6
8.349E-6
6.645E-6
4.002E-6
4.814E-6
4.935E-6
6.962E-6
7.798E-6
6.277E-6
1.0377E-5
6.963E-6
5.135E-6
1.2231E-5
8.529E-6
6.646E-6
9.318E-6
5.836E-6
9.284E-6
1.1031E-5
4.366E-6
5.897E-6
8.519E-6
8.917E-6
5.66E-6
9.9279E-5
6.785E-6
5.656E-6
5.078E-6
5.138E-6
7.972E-6
9.241E-6
8.466E-6
9.531E-6
1.0116E-5
7.965E-6
8.911E-6
6.421E-6
9.408E-6
4.329E-6
5.723E-6
8.068E-6
6.271E-6
7.246E-6
7.139E-6
3.615E-6
4.163E-6
7.256E-6
1.2288E-5
1.1179E-5
4.3E-6
8.683E-6
5.824E-6
4.112E-6
8.933E-6
9.211E-6
8.436E-6
5.178E-6
9.488E-6
8.025E-6
7.518E-6
8.369E-6
4.033E-6
1.0684E-5
3.645E-6
1.3447E-5
4.982E-6
9.622E-6
1.0213E-5
9.344E-6
9.722E-6
5.522E-6
5.773E-6
7.307E-6
6.782E-6
6.622E-6
1.0026E-5
5.99E-6
4.232E-6
1.0868E-5
6.514E-6
5.592E-6
9.127E-6
5.556E-6
5.622E-6
6.485E-6
5.476E-6
5.055E-6
8.599E-6
7.434E-6
5.035E-6
5.58E-6
8.114E-6
7.043E-6
1.3433E-5
9.766E-6
8.613E-6
4.236E-6
6.762E-6
5.526E-6
5.339E-6
5.823E-6
5.054E-6
9.585E-6
6.204E-6
5.032E-6
4.695E-6
1.0126E-5
1.0287E-5
6.094E-6
1.2097E-5
5.79E-6
5.225E-6
5.502E-6
8.663E-6
1.0721E-5
4.129E-6
1.0471E-5
8.873E-6
5.339E-6
8.941E-6
5.951E-6
4.036E-6
9.044E-6
6.331E-6
7.427E-6
6.575E-6
7.243E-6
5.619E-6
5.473E-6
8.342E-6
8.713E-6
6.391E-6
6.371E-6
9.111E-6
5.783E-6
5.673E-6
7.123E-6
4.384E-6
4.868E-6
6.511E-6
4.914E-6
5.019E-6
4.704E-6
8.57E-6
9.097E-6
7.818E-6
7.771E-6
5.182E-6
9.171E-6
5.262E-6
8.346E-6
5.419E-6
1.2963E-5
6.929E-6
6.856E-6
1.1062E-5
6.528E-6
7.009E-6
5.048E-6
5.198E-6
5.435E-6
9.772E-6
5.472E-6
5.566E-6
2.663E-6
5.887E-6
5.924E-6
4.23E-6
8.616E-6
1.0234E-5
9.515E-6
5.579E-6
5.225E-6
4.534E-6
5.112E-6
1.0173E-5
8.747E-6
5.262E-6
4.457E-6
9.321E-6
7.437E-6
4.6E-6
7.544E-6
1.1209E-5
4.293E-6
5.443E-6
4.647E-6
7.196E-6
8.249E-6
9.735E-6
5.395E-6
7.38E-6
4.922E-6
7.182E-6
4.754E-6
5.212E-6
4.066E-6
8.863E-6
3.992E-6
1.1392E-5
1.0421E-5
4.11E-6
7.968E-6
1.6541E-5
6.789E-6
4.267E-6
4.878E-6
5.392E-6
7.273E-6
6.91E-6
7.38E-6
5.018E-6
4.243E-6
5.172E-6
5.372E-6
4.941E-6
4.42E-6
1.1603E-5
4.905E-6
7.841E-6
6.328E-6
5.446E-6
1.0199E-5
5.886E-6
5.86E-6
7.995E-6
8.449E-6
1.0704E-5
5.138E-6
8.83E-6
4.825E-6
5.375E-6
7.54E-6
3.731E-6
4.18E-6
5.559E-6
4.233E-6
1.0436E-5
4.25E-6
1.0066E-5
5.629E-6
8.512E-6
3.7489E-5
1.1032E-5
6.247E-6
5.182E-6
4.604E-6
6.585E-6
9.996E-6
1.1098E-5
5.182E-6
8.068E-6
3.895E-6
5.104E-6
8.633E-6
6.374E-6
7.71E-6
8.87E-6
7.734E-6
8.814E-6
1.0864E-5
8.228E-6
6.979E-6
8.195E-6
4.042E-6
5.195E-6
4.795E-6
5.893E-6
6.428E-6
4.494E-6
8.148E-6
9.736E-6
4.744E-6
4.691E-6
5.73E-6
6.743E-6
4.166E-6
6.582E-6
6.686E-6
5.405E-6
1.7266E-5
9.491E-6
1.1095E-5
9.759E-6
6.051E-6
3.996E-6
7.784E-6
5.255E-6
9.893E-6
8.6E-6
9.809E-6
4.757E-6
9.778E-6
7.183E-6
5.533E-6
9.759E-6
7.922E-6
1.0615E-5
5.081E-6
4.187E-6
1.0277E-5
6.515E-6
9.261E-6
1.1011E-5
4.066E-6
9.114E-6
5.763E-6
6.411E-6
5.936E-6
8.59E-6
3.718E-6
9.087E-6
6.084E-6
6.896E-6
6.568E-6
4.621E-6
4.444E-6
8.095E-6
5.927E-6
8.573E-6
9.962E-6
4.744E-6
8.222E-6
5.225E-6
5.479E-6
6.034E-6
8.316E-6
8.706E-6
7.815E-6
5.73E-6
6.518E-6
4.881E-6
6.989E-6
1.1069E-5
9.001E-6
5.185E-6
1.0226E-5
7.521E-6
3.929E-6
5.336E-6
5.894E-6
4.397E-6
7.447E-6
8.677E-6
7.547E-6
3.515E-6
9.785E-6
4.403E-6
8.051E-6
7.657E-6
1.0751E-5
4.287E-6
5.162E-6
5.272E-6
5.907E-6
9.495E-6
8.232E-6
5.129E-6
3.779E-6
5.442E-6
7.387E-6
5.252E-6
5.128E-6
6.669E-6
1.016E-5
4.32E-6
9.866E-6
7.824E-6
8.81E-6
8.97E-6
4.854E-6
6.114E-6
9.629E-6
9.495E-6
7.153E-6
8.245E-6
5.99E-6
6.933E-6
4.608E-6
5.098E-6
4.6E-6
4.631E-6
8.903E-6
6.996E-6
8.326E-6
8.482E-6
5.412E-6
1.0684E-5
1.035E-5
5.736E-6
4.807E-6
6.057E-6
9.793E-6
9.168E-6
4.42E-6
4.27E-6
3.729E-6
3.07E-6
8.482E-6
4.447E-6
9.388E-6
3.468E-6
3.578E-6
4.775E-6
7.367E-6
4.674E-6
5.983E-6
8.894E-6
6.488E-6
4.627E-6
4.714E-6
8.266E-6
8.054E-6
8.83E-6
9.835E-6
7.891E-6
5.362E-6
8.365E-6
5.249E-6
4.52E-6
2.546E-6
4.51E-6
1.2595E-5
7.938E-6
1.4232E-5
5.402E-6
4.603E-6
4.193E-6
5.171E-6
3.992E-6
6.798E-6
8.051E-6
4.958E-6
7.568E-6
7.908E-6
7.673E-6
6.348E-6
3.578E-6
8.115E-6
8.847E-6
7.959E-6
5.643E-6
4.394E-6
6.238E-6
4.851E-6
1.033E-5
4.741E-6
4.644E-6
3.515E-6
4.41E-6
8.423E-6
6.575E-6
7.484E-6
8.075E-6
8.77E-6
4.925E-6
5.59E-6
9.124E-6
4.774E-6
4.49E-6
1.0911E-5
9.282E-6
6.916E-6
7.741E-6
3.498E-6
4.356E-6
5.555E-6
8.112E-6
4.456E-6
8.086E-6
6.418E-6
7.431E-6
8.151E-6
5.784E-6
5.352E-6
4.714E-6
4.283E-6
4.163E-6
7.113E-6
7.691E-6
7.694E-6
5.091E-6
1.1456E-5
9.926E-6
7.888E-6
4.781E-6
8.656E-6
6.979E-6
8.75E-6
8.98E-6
4.607E-6
4.54E-6
7.831E-6
7.604E-6
5.747E-6
8.897E-6
5.246E-6
9.201E-6
5.77E-6
1.1449E-5
3.996E-6
7.223E-6
9.388E-6
8.262E-6
5.844E-6
5.392E-6
7.985E-6
3.535E-6
3.528E-6
6.946E-6
7.758E-6
9.094E-6
5.256E-6
4.717E-6
5.151E-6
3.518E-6
5.729E-6
1.0136E-5
3.381E-6
4.527E-6
3.555E-6
1.3039E-5
5.362E-6
9.191E-6
9.378E-6
8.629E-6
4.758E-6
1.0096E-5
7.524E-6
5.803E-6
6.893E-6
4.6E-6
4.43E-6
1.014E-5
8.706E-6
7.902E-6
