1.1681E-5
4.968E-6
2.81E-6
3.78E-6
5.086E-6
4.242E-6
5.133E-6
2.453E-6
1.579E-6
1.276E-6
1.72E-6
1.086E-6
2.01E-6
2.44E-6
3.864E-6
1.941E-6
1.283E-6
1.033E-6
3.437E-6
2.003E-6
3.035E-6
7.82E-7
2.416E-6
1.412E-6
1.431E-6
2.171E-6
1.368E-6
2.343E-6
1.604E-6
1.705E-6
2.54E-6
2.101E-6
2.87E-6
1.687E-6
1.204E-6
3.108E-6
1.657E-6
1.765E-6
3.127E-6
1.365E-6
1.093E-6
2.597E-6
1.667E-6
3.46E-6
1.121E-6
7.45E-7
2.596E-6
2.038E-6
1.258E-6
1.792E-6
1.85E-6
2.124E-6
1.382E-6
1.762E-6
1.699E-6
1.765E-6
3.109E-6
2.319E-6
1.256E-6
2.339E-6
1.697E-6
1.188E-6
2.006E-6
1.843E-6
1.612E-6
1.731E-6
1.843E-6
2.598E-6
1.352E-6
3.02E-6
2.322E-6
1.782E-6
1.669E-6
1.762E-6
7.58E-7
2.776E-6
1.976E-6
1.724E-6
1.801E-6
2.269E-6
2.255E-6
7.76E-7
7.46E-7
1.373E-6
2.038E-6
1.732E-6
1.431E-6
1.907E-6
2.071E-6
7.67E-7
1.405E-6
1.606E-6
2.311E-6
1.687E-6
4.632E-6
1.929E-6
2.555E-6
1.374E-6
2.246E-6
2.111E-6
1.745E-6
2.293E-6
7.71E-7
1.066E-6
1.965E-6
3.768E-6
7.7E-7
1.885E-6
2.05E-6
2.763E-6
1.229E-6
2.196E-6
1.229E-6
1.768E-6
1.664E-6
1.181E-6
2.844E-6
1.797E-6
7.67E-7
2.476E-6
9.33E-7
2.304E-6
1.954E-6
2.766E-6
2.551E-6
1.581E-6
2.043E-6
1.825E-6
1.759E-6
1.343E-6
1.735E-6
1.882E-6
1.399E-6
2.21E-6
1.35E-6
2.299E-6
8.32E-7
1.284E-6
1.868E-6
1.517E-6
2.736E-6
1.769E-6
1.798E-6
2.286E-6
1.729E-6
2.606E-6
1.852E-6
8.24E-7
1.777E-6
2.253E-6
2.108E-6
1.536E-6
1.776E-6
1.556E-6
1.227E-6
1.23E-6
1.947E-6
2.347E-6
1.392E-6
1.056E-6
2.34E-6
1.718E-6
8.19E-7
8.17E-7
1.888E-6
2.833E-6
1.148E-6
1.61E-6
2.107E-6
1.285E-6
1.723E-6
1.572E-6
1.421E-6
1.149E-6
1.918E-6
7.56E-7
8.222E-6
2.07E-6
1.844E-6
1.515E-6
1.807E-6
2.453E-6
2.18E-6
8.35E-7
1.715E-6
1.071E-6
2.357E-6
1.641E-6
1.184E-6
1.387E-6
1.052E-6
2.408E-6
7.87E-7
1.809E-6
2.509E-6
1.393E-6
1.07E-6
2.896E-6
2.16E-6
7.95E-7
1.501E-6
2.158E-6
1.342E-6
2.549E-6
1.328E-6
2.313E-6
8.05E-7
1.359E-6
1.686E-6
2.389E-6
2.48E-6
7.91E-7
2.091E-6
2.102E-6
1.507E-6
2.148E-6
1.948E-6
2.045E-6
1.68E-6
2.376E-6
1.38E-6
2.744E-6
1.939E-6
2.264E-6
8.71E-7
1.486E-6
2.266E-6
1.35E-6
3.029E-6
1.389E-6
2.048E-6
1.636E-6
1.352E-6
1.831E-6
1.389E-6
2.624E-6
2.331E-6
2.936E-6
2.037E-6
1.405E-6
1.414E-6
2.272E-6
1.719E-6
1.373E-6
1.855E-6
1.707E-6
2.069E-6
2.112E-6
3.479E-6
1.755E-6
2.243E-6
1.363E-6
1.056E-6
1.991E-6
2.453E-6
1.441E-6
2.47E-6
1.985E-6
7.73E-7
1.825E-6
1.963E-6
1.787E-6
1.389E-6
1.589E-6
7.8E-7
2.051E-6
2.983E-6
2.22E-6
2.082E-6
1.822E-6
2.696E-6
1.341E-6
7.61E-7
1.067E-6
2.86E-6
1.165E-6
7.64E-7
2.111E-6
2.32E-6
2.084E-6
7.63E-7
1.601E-6
8.28E-7
2.567E-6
1.187E-6
1.496E-6
2.015E-6
2.014E-6
9.03E-7
2.86E-6
1.44E-6
1.322E-6
8.28E-7
2.802E-6
1.51E-6
1.477E-6
1.311E-6
1.368E-6
1.79E-6
1.139E-6
1.353E-6
2.126E-6
2.021E-6
7.64E-7
1.694E-6
1.404E-6
1.939E-6
1.057E-6
1.935E-6
2.297E-6
1.335E-6
1.049E-6
8.17E-7
1.528E-6
1.117E-6
2.807E-6
8.81E-7
1.429E-6
1.764E-6
1.901E-6
7.8E-7
1.773E-6
2.053E-6
2.208E-6
1.011E-6
1.568E-6
1.867E-6
1.062E-6
1.465E-6
7.58E-7
1.22E-6
1.212E-6
1.713E-6
1.561E-6
2.18E-6
2.821E-6
2.254E-6
1.28E-6
1.29E-6
1.729E-6
1.985E-6
1.695E-6
2.848E-6
2.169E-6
1.402E-6
1.929E-6
1.437E-6
8.1E-7
2.272E-6
1.671E-6
2.619E-6
8.7E-7
2.512E-6
1.754E-6
1.237E-6
1.511E-6
2.279E-6
2.302E-6
7.72E-7
1.046E-6
1.604E-6
1.048E-6
1.248E-6
7.71E-7
1.434E-6
1.465E-6
1.527E-6
1.379E-6
1.035E-6
2.044E-6
1.677E-6
1.935E-6
2.729E-6
7.65E-7
2.049E-6
1.667E-6
1.988E-6
2.566E-6
1.395E-6
1.228E-6
1.739E-6
1.862E-6
2.385E-6
7.53E-7
2.294E-6
1.216E-6
1.677E-6
1.474E-6
1.899E-6
2.188E-6
1.863E-6
8.79E-7
7.66E-7
1.19E-6
2.128E-6
2.838E-6
1.933E-6
7.72E-7
2.369E-6
1.029E-6
1.515E-6
2.457E-6
1.851E-6
2.907E-6
1.056E-6
2.777E-6
2.049E-6
2.03E-6
2.328E-6
1.202E-6
1.275E-6
7.48E-7
1.221E-6
1.362E-6
1.717E-6
1.383E-6
1.999E-6
3.143E-6
1.83E-6
1.633E-6
2.088E-6
2.118E-6
1.268E-6
3.779E-6
1.358E-6
1.053E-6
8.36E-7
2.05E-6
7.92E-7
1.751E-6
1.923E-6
2.171E-6
1.657E-6
1.872E-6
1.619E-6
1.368E-6
1.811E-6
1.4E-6
1.753E-6
2.1E-6
2.289E-6
2.584E-6
1.885E-6
2.51E-6
3.905E-6
2.295E-6
2.6E-6
2.394E-6
1.405E-6
2.077E-6
2.498E-6
1.372E-6
1.327E-6
7.86E-7
2.751E-6
7.9E-7
1.668E-6
1.714E-6
1.373E-6
3.205E-6
1.25E-6
1.668E-6
1.721E-6
1.207E-6
1.045E-6
1.379E-6
1.189E-6
1.686E-6
8.2E-7
1.602E-6
7.93E-7
9.93E-7
2.337E-6
1.896E-6
1.284E-6
1.336E-6
2.027E-6
1.259E-6
1.34E-6
1.111E-6
2.157E-6
1.022E-6
1.375E-6
2.173E-6
1.719E-6
1.331E-6
8.12E-7
1.618E-6
1.685E-6
1.913E-6
1.372E-6
1.8E-6
1.685E-6
2.202E-6
1.236E-6
1.231E-6
1.644E-6
1.355E-6
1.053E-6
1.719E-6
1.345E-6
1.339E-6
2.494E-6
2.144E-6
2.779E-6
2.195E-6
1.683E-6
1.383E-6
2.179E-6
1.064E-6
1.195E-6
7.95E-7
1.181E-6
1.836E-6
8.13E-7
2.634E-6
2.046E-6
1.345E-6
1.126E-6
1.998E-6
1.833E-6
2.023E-6
1.376E-6
2.343E-6
1.595E-6
7.89E-7
1.258E-6
1.951E-6
1.492E-6
8.19E-7
1.777E-6
2.127E-6
1.994E-6
1.719E-6
1.898E-6
1.234E-6
2.305E-6
1.38E-6
1.058E-6
1.071E-6
1.367E-6
1.203E-6
1.309E-6
1.619E-6
1.688E-6
2.172E-6
1.818E-6
1.403E-6
1.789E-6
1.818E-6
2.532E-6
7.67E-7
2.024E-6
7.62E-7
1.208E-6
1.288E-6
2.985E-6
2.653E-6
1.913E-6
1.472E-6
1.382E-6
2.523E-6
1.14E-6
2.115E-6
2.066E-6
1.95E-6
1.141E-6
9.53E-7
1.381E-6
1.051E-6
1.394E-6
1.406E-6
1.73E-6
1.648E-6
1.469E-6
1.226E-6
1.235E-6
2.26E-6
1.501E-6
1.818E-6
1.825E-6
2.608E-6
7.96E-7
1.232E-6
1.379E-6
1.639E-6
1.772E-6
1.431E-6
2.288E-6
1.005E-6
2.222E-6
2.634E-6
1.298E-6
7.52E-7
1.901E-6
7.75E-7
1.42E-6
1.195E-6
1.855E-6
2.45E-6
2.618E-6
2.551E-6
1.911E-6
8.14E-7
1.901E-6
1.775E-6
1.977E-6
1.23E-6
2.012E-6
1.609E-6
2.476E-6
1.846E-6
7.59E-7
2.11E-6
1.81E-6
1.437E-6
2.124E-6
2.952E-6
2.769E-6
1.849E-6
8.91E-7
2.267E-6
2.312E-6
1.226E-6
1.048E-6
1.737E-6
1.203E-6
1.114E-6
1.624E-6
7.69E-7
1.188E-6
1.068E-6
2.859E-6
2.153E-6
1.68E-6
9.08E-7
2.47E-6
1.23E-6
2.358E-6
7.95E-7
1.37E-6
2.71E-6
2.236E-6
1.421E-6
1.962E-6
1.077E-6
2.334E-6
1.655E-6
1.72E-6
1.965E-6
2.539E-6
7.9E-7
1.758E-6
1.323E-6
1.863E-6
1.116E-6
1.764E-6
1.602E-6
1.569E-6
1.578E-6
1.875E-6
2.13E-6
1.181E-6
1.053E-6
2.197E-6
1.715E-6
2.263E-6
2.686E-6
7.82E-7
1.218E-6
1.864E-6
1.448E-6
2.026E-6
2.044E-6
1.702E-6
2.105E-6
2.316E-6
7.6E-7
1.169E-6
1.654E-6
1.357E-6
1.361E-6
2.097E-6
1.55E-6
1.256E-6
1.671E-6
1.527E-6
1.642E-6
2.114E-6
2.716E-6
1.888E-6
1.882E-6
1.356E-6
2.358E-6
7.78E-7
1.177E-6
1.797E-6
7.63E-7
2.088E-6
7.75E-7
1.227E-6
2.745E-6
2.134E-6
1.989E-6
1.808E-6
1.018E-6
1.962E-6
1.355E-6
1.2E-6
1.699E-6
2.189E-6
1.18E-6
1.115E-6
1.893E-6
2.606E-6
7.73E-7
2.056E-6
1.548E-6
1.037E-6
2.278E-6
1.369E-6
7.67E-7
1.973E-6
7.79E-7
1.192E-6
1.635E-6
2.143E-6
1.798E-6
2.164E-6
2.724E-6
2.806E-6
1.778E-6
1.048E-6
2.017E-6
1.679E-6
2.182E-6
1.374E-6
2.12E-6
1.805E-6
2.177E-6
1.382E-6
1.216E-6
1.685E-6
2.083E-6
1.471E-6
1.983E-6
2.168E-6
1.433E-6
1.219E-6
1.94E-6
1.995E-6
8.4E-7
1.09E-6
7.56E-7
2.687E-6
9.97E-7
1.196E-6
1.82E-6
1.855E-6
1.539E-6
2.26E-6
1.443E-6
2.455E-6
1.29E-6
2.005E-6
7.97E-7
8.84E-7
2.573E-6
1.028E-6
2.282E-6
1.51E-6
1.899E-6
1.214E-6
1.068E-6
1.988E-6
1.45E-6
1.669E-6
1.847E-6
1.197E-6
1.848E-6
2.447E-6
2.03E-6
1.37E-6
1.555E-6
1.703E-6
1.549E-6
1.214E-6
1.197E-6
1.657E-6
1.723E-6
1.706E-6
8.26E-7
1.189E-6
2.413E-6
1.456E-6
2.58E-6
2.058E-6
2.375E-6
7.92E-7
1.179E-6
1.644E-6
2.63E-6
1.684E-6
1.13E-6
1.738E-6
1.06E-6
2.298E-6
2.705E-6
2.439E-6
2.584E-6
2.061E-6
7.73E-7
1.356E-6
1.944E-6
1.07E-6
1.918E-6
1.19E-6
7.57E-7
2.104E-6
7.83E-7
1.528E-6
1.785E-6
2.116E-6
8.21E-7
1.271E-6
1.486E-6
1.379E-6
2.913E-6
1.865E-6
2.414E-6
2.183E-6
2.227E-6
1.929E-6
8.54E-7
1.767E-6
2.222E-6
1.104E-6
1.683E-6
1.278E-6
1.752E-6
1.359E-6
2.521E-6
7.58E-7
1.331E-6
2.012E-6
1.704E-6
1.356E-6
2.355E-6
8.14E-7
2.42E-6
1.427E-6
1.776E-6
1.202E-6
1.398E-6
1.348E-6
2.199E-6
2.908E-6
1.69E-6
2.865E-6
8.57E-7
1.863E-6
7.89E-7
1.164E-6
1.208E-6
3.018E-6
1.449E-6
1.198E-6
2.61E-6
7.73E-7
1.343E-6
1.201E-6
1.368E-6
4.008E-6
1.643E-6
1.077E-6
1.786E-6
2.021E-6
1.37E-6
1.035E-6
2.117E-6
2.568E-6
2.072E-6
1.662E-6
2.022E-6
1.961E-6
7.44E-7
1.052E-6
2.588E-6
1.343E-6
1.004E-6
2.13E-6
1.807E-6
1.887E-6
1.525E-6
1.433E-6
2.418E-6
1.001E-6
1.028E-6
2.495E-6
1.691E-6
7.7E-7
2.195E-6
2.004E-6
1.209E-6
1.61E-6
1.604E-6
1.402E-6
1.615E-6
1.02E-6
2.276E-6
1.363E-6
1.642E-6
4.35E-6
2.33E-6
1.855E-6
1.772E-6
4.912E-6
1.17E-6
2.192E-6
1.657E-6
2.564E-6
1.269E-6
1.655E-6
1.682E-6
2.168E-6
1.362E-6
2.273E-6
1.548E-6
1.085E-6
1.336E-6
1.772E-6
2.449E-6
1.782E-6
2.54E-6
1.499E-6
2.188E-6
2.834E-6
1.381E-6
1.117E-6
1.827E-6
1.935E-6
1.511E-6
1.609E-6
1.856E-6
2.282E-6
2.108E-6
1.06E-6
1.985E-6
1.717E-6
2.421E-6
1.367E-6
2.059E-6
1.876E-6
7.93E-7
2.539E-6
9.79E-7
1.783E-6
2.109E-6
7.87E-7
1.526E-6
1.908E-6
1.458E-6
1.2E-6
1.814E-6
1.302E-6
2.122E-6
7.68E-7
1.208E-6
1.673E-6
2.019E-6
1.358E-6
1.345E-6
1.77E-6
7.59E-7
1.369E-6
2.122E-6
2.692E-6
1.219E-6
1.81E-6
1.6E-6
1.611E-6
1.293E-6
1.369E-6
8.08E-7
8.18E-7
2.719E-6
1.728E-6
1.259E-6
1.523E-6
7.73E-7
1.003E-6
2.28E-6
1.875E-6
1.985E-6
2.205E-6
1.139E-6
8.01E-7
2.329E-6
1.338E-6
1.879E-6
1.604E-6
1.358E-6
1.194E-6
1.672E-6
1.778E-6
2.213E-6
2.4E-6
1.237E-6
1.484E-6
1.527E-6
2.596E-6
1.261E-6
2.268E-6
1.376E-6
2.13E-6
2.124E-6
8.44E-7
1.202E-6
7.89E-7
1.731E-6
2.454E-6
1.708E-6
1.783E-6
1.842E-6
7.77E-7
1.092E-6
2.313E-6
1.354E-6
1.193E-6
1.696E-6
9.31E-7
1.755E-6
1.532E-6
1.655E-6
2.038E-6
1.764E-6
2.077E-6
2.225E-6
8.45E-7
3.487E-6
2.03E-6
1.784E-6
2.417E-6
1.425E-6
2.377E-6
1.888E-6
1.078E-6
1.67E-6
1.048E-6
1.891E-6
1.514E-6
1.922E-6
2.477E-6
2.445E-6
1.319E-6
1.212E-6
2.138E-6
1.698E-6
7.89E-7
2.904E-6
1.681E-6
1.211E-6
1.712E-6
2.297E-6
1.655E-6
1.733E-6
2.27E-6
1.216E-6
1.398E-6
1.862E-6
2.484E-6
3.02E-6
2.261E-6
7.9E-7
1.041E-6
2.595E-6
1.549E-6
1.513E-6
7.96E-7
1.526E-6
1.442E-6
2.131E-6
1.348E-6
1.027E-6
2.131E-6
1.861E-6
1.772E-6
1.813E-6
1.103E-6
7.67E-7
1.095E-6
1.932E-6
1.422E-6
1.04E-6
2.549E-6
7.86E-7
2.259E-6
1.725E-6
2.215E-6
1.278E-6
2.259E-6
1.635E-6
1.834E-6
1.349E-6
1.047E-6
2.199E-6
1.347E-6
1.181E-6
1.609E-6
1.855E-6
1.062E-6
2.12E-6
8.28E-7
1.33E-6
1.598E-6
2.231E-6
7.56E-7
3.601E-6
1.513E-6
1.04E-6
2.341E-6
8.08E-7
1.049E-6
2.249E-6
1.198E-6
1.137E-6
7.55E-7
2.266E-6
2.034E-6
1.476E-6
2.015E-6
1.798E-6
2.409E-6
1.669E-6
2.021E-6
1.403E-6
1.529E-6
1.042E-6
2.51E-6
1.238E-6
1.623E-6
7.02E-7
7.92E-7
1.773E-6
2.601E-6
1.733E-6
1.785E-6
1.983E-6
1.37E-6
2.846E-6
2.126E-6
1.192E-6
1.016E-6
1.21E-6
2.642E-6
7.69E-7
1.197E-6
1.985E-6
1.207E-6
1.0E-6
1.619E-6
1.368E-6
1.721E-6
1.91E-6
2.212E-6
2.239E-6
2.428E-6
1.708E-6
1.431E-6
7.67E-7
1.491E-6
2.221E-6
2.463E-6
1.371E-6
2.86E-6
7.75E-7
1.326E-6
2.307E-6
1.776E-6
8.08E-7
1.984E-6
1.497E-6
1.02E-6
2.052E-6
1.523E-6
7.4E-7
9.99E-7
1.263E-6
1.362E-6
1.003E-6
1.848E-6
1.224E-6
2.518E-6
1.611E-6
1.907E-6
1.862E-6
1.375E-6
1.692E-6
1.937E-6
1.069E-6
2.26E-6
1.374E-6
7.41E-7
2.523E-6
1.893E-6
2.41E-6
1.261E-6
9.94E-7
1.175E-6
7.38E-7
9.8E-7
2.234E-6
1.572E-6
1.251E-6
2.579E-6
1.218E-6
1.789E-6
1.35E-6
1.336E-6
7.38E-7
1.51E-6
1.837E-6
1.321E-6
1.594E-6
1.847E-6
1.559E-6
7.63E-7
1.751E-6
7.85E-7
1.213E-6
1.792E-6
1.611E-6
1.342E-6
1.835E-6
7.63E-7
1.207E-6
2.38E-6
1.208E-6
1.034E-6
2.229E-6
2.311E-6
1.397E-6
1.199E-6
2.323E-6
1.699E-6
2.151E-6
2.236E-6
7.51E-7
2.685E-6
1.827E-6
2.601E-6
2.152E-6
1.703E-6
1.009E-6
3.07E-6
2.681E-6
2.673E-6
1.173E-6
2.123E-6
1.711E-6
3.749E-6
2.361E-6
1.809E-6
2.37E-6
7.7E-7
1.94E-6
1.23E-6
2.0E-6
1.587E-6
1.038E-6
1.649E-6
1.357E-6
1.164E-6
1.985E-6
2.655E-6
1.199E-6
1.868E-6
1.197E-6
1.69E-6
1.011E-6
2.298E-6
1.269E-6
1.606E-6
1.076E-6
2.48E-6
1.907E-6
2.275E-6
2.188E-6
7.97E-7
1.509E-6
1.374E-6
1.229E-6
1.645E-6
7.63E-7
2.162E-6
1.076E-6
1.867E-6
1.956E-6
7.63E-7
1.055E-6
8.0E-7
1.819E-6
1.525E-6
1.865E-6
2.137E-6
1.837E-6
1.389E-6
1.965E-6
1.372E-6
2.098E-6
1.705E-6
1.858E-6
2.319E-6
1.769E-6
1.244E-6
2.579E-6
2.211E-6
2.432E-6
2.98E-6
1.258E-6
1.993E-6
1.65E-6
1.717E-6
2.62E-6
1.807E-6
1.658E-6
7.3E-7
2.259E-6
2.58E-6
1.225E-6
1.186E-6
1.631E-6
2.074E-6
1.076E-6
2.261E-6
2.459E-6
1.446E-6
1.334E-6
1.013E-6
7.92E-7
2.945E-6
1.962E-6
1.326E-6
1.597E-6
1.894E-6
1.871E-6
1.831E-6
2.535E-6
2.448E-6
1.381E-6
2.353E-6
2.272E-6
1.521E-6
3.528E-6
4.122E-6
3.014E-6
1.595E-6
1.85E-6
2.511E-6
2.445E-6
1.626E-6
3.269E-6
4.181E-6
3.91E-6
2.506E-6
3.795E-6
1.626E-6
2.942E-6
2.616E-6
1.842E-6
1.208E-6
2.692E-6
1.595E-6
1.712E-6
1.604E-6
1.819E-6
1.637E-6
4.346E-6
1.698E-6
1.892E-6
1.219E-6
1.848E-6
9.23E-7
1.786E-6
2.523E-6
1.38E-6
1.196E-6
1.966E-6
7.85E-7
1.835E-6
1.396E-6
1.811E-6
1.815E-6
2.48E-6
7.68E-7
1.163E-6
1.933E-6
7.81E-7
1.262E-6
1.206E-6
2.444E-6
3.337E-6
1.188E-6
2.022E-6
1.393E-6
1.077E-6
1.722E-6
1.25E-6
1.065E-6
1.688E-6
1.926E-6
1.038E-6
2.69E-6
1.102E-6
1.925E-6
1.368E-6
2.442E-6
7.62E-7
2.51E-6
1.796E-6
2.359E-6
1.987E-6
1.94E-6
8.33E-7
2.769E-6
1.745E-6
2.142E-6
1.482E-6
1.004E-6
1.582E-6
7.22E-7
2.946E-6
1.298E-6
1.046E-6
1.512E-6
1.612E-6
1.922E-6
2.224E-6
7.76E-7
1.85E-6
2.305E-6
8.04E-7
1.269E-6
2.257E-6
1.17E-6
2.427E-6
1.437E-6
3.206E-6
1.822E-6
1.809E-6
1.734E-6
1.201E-6
1.338E-6
1.353E-6
1.181E-6
1.035E-6
7.54E-7
1.194E-6
2.571E-6
2.402E-6
1.813E-6
2.176E-6
1.343E-6
3.802E-6
3.032E-6
4.197E-6
3.292E-6
3.214E-6
2.028E-6
4.116E-6
2.826E-6
2.312E-6
1.374E-6
3.686E-6
2.586E-6
2.75E-6
1.855E-6
1.587E-6
2.889E-6
9.61E-7
1.506E-6
1.861E-6
2.498E-6
1.882E-6
1.864E-6
1.772E-6
4.185E-6
2.661E-6
1.542E-6
3.367E-6
5.038E-6
1.498E-6
2.25E-6
2.592E-6
1.061E-6
3.042E-6
1.759E-6
8.07E-7
1.052E-6
2.647E-6
1.442E-6
1.278E-6
1.23E-6
1.8E-6
2.165E-6
1.611E-6
8.37E-7
1.99E-6
1.705E-6
1.899E-6
2.044E-6
2.498E-6
1.374E-6
1.618E-6
2.874E-6
1.443E-6
1.193E-6
2.054E-6
1.203E-6
2.712E-6
1.353E-6
1.199E-6
1.647E-6
1.055E-6
2.365E-6
1.315E-6
1.88E-6
2.594E-6
1.629E-6
2.365E-6
1.189E-6
2.769E-6
2.342E-6
1.985E-6
1.027E-6
1.058E-6
1.812E-6
2.109E-6
7.74E-7
1.679E-6
2.39E-6
1.069E-6
2.312E-6
1.647E-6
2.006E-6
1.644E-6
2.257E-6
2.015E-6
1.706E-6
2.08E-6
7.76E-7
1.67E-6
3.43E-6
1.899E-6
1.237E-6
2.736E-6
7.78E-7
1.691E-6
1.571E-6
2.221E-6
1.2E-6
1.63E-6
2.241E-6
1.248E-6
2.919E-6
1.731E-6
2.162E-6
2.352E-6
1.391E-6
1.085E-6
2.524E-6
1.395E-6
1.022E-6
1.649E-6
1.922E-6
1.537E-6
2.183E-6
7.47E-7
1.944E-6
1.254E-6
1.799E-6
1.852E-6
1.674E-6
2.214E-6
1.444E-6
2.777E-6
1.046E-6
1.493E-6
1.506E-6
1.019E-6
1.904E-6
2.795E-6
1.009E-6
2.917E-6
1.738E-6
2.534E-6
2.327E-6
1.401E-6
2.544E-6
2.689E-6
1.694E-6
2.406E-6
1.71E-6
3.281E-6
1.656E-6
2.574E-6
1.38E-6
1.721E-6
1.303E-6
1.448E-6
1.633E-6
3.16E-6
1.158E-6
2.389E-6
1.396E-6
1.06E-6
1.576E-6
2.643E-6
1.692E-6
3.734E-6
2.544E-6
2.196E-6
1.459E-6
1.506E-6
1.742E-6
1.193E-6
1.749E-6
2.727E-6
1.787E-6
2.11E-6
8.27E-7
2.43E-6
1.201E-6
2.028E-6
1.247E-6
1.055E-6
2.264E-6
1.447E-6
1.2E-6
1.72E-6
2.465E-6
1.256E-6
1.474E-6
2.352E-6
1.858E-6
2.298E-6
2.319E-6
1.165E-6
1.417E-6
1.242E-6
2.569E-6
1.961E-6
1.684E-6
8.61E-6
2.255E-6
1.154E-6
1.645E-6
2.465E-6
2.091E-6
1.143E-6
2.304E-6
8.34E-7
1.643E-6
1.356E-6
2.347E-6
8.37E-7
1.542E-6
2.098E-6
1.917E-6
1.22E-6
1.067E-6
1.612E-6
1.758E-6
7.91E-7
2.017E-6
2.268E-6
7.8E-7
7.52E-7
1.626E-6
2.035E-6
1.685E-6
2.046E-6
1.355E-6
2.149E-6
1.416E-6
1.23E-6
2.215E-6
1.479E-6
9.93E-7
1.616E-6
2.026E-6
9.02E-7
1.189E-6
1.247E-6
1.378E-6
1.387E-6
2.029E-6
1.063E-6
1.886E-6
1.634E-6
2.266E-6
1.454E-6
3.405E-6
1.518E-6
1.152E-6
1.315E-6
2.389E-6
2.139E-6
1.959E-6
1.229E-6
2.256E-6
1.362E-6
1.006E-6
2.171E-6
2.206E-6
1.14E-6
1.391E-6
1.012E-6
1.918E-6
7.68E-7
2.965E-6
1.213E-6
3.169E-6
7.93E-7
1.228E-6
2.049E-6
7.67E-7
1.484E-6
2.49E-6
1.836E-6
1.356E-6
2.254E-6
1.452E-6
1.651E-6
1.892E-6
1.983E-6
1.474E-6
2.239E-6
1.468E-6
1.108E-6
2.156E-6
2.12E-6
1.277E-6
1.308E-6
2.194E-6
2.316E-6
1.226E-6
1.691E-6
1.115E-6
2.252E-6
1.814E-6
1.514E-6
1.392E-6
1.197E-6
2.611E-6
1.751E-6
2.574E-6
1.718E-6
1.818E-6
2.274E-6
2.505E-6
1.947E-6
1.755E-6
1.362E-6
1.062E-6
1.776E-6
1.966E-6
1.646E-6
1.246E-6
2.114E-6
1.783E-6
2.363E-6
7.86E-7
2.448E-6
1.777E-6
1.394E-6
2.285E-6
7.93E-7
1.366E-6
1.425E-6
2.133E-6
2.622E-6
1.182E-6
1.649E-6
2.147E-6
2.16E-6
2.233E-6
3.502E-6
3.218E-6
2.871E-6
3.941E-6
2.805E-6
3.274E-6
1.774E-6
1.55E-6
1.391E-6
2.146E-6
1.141E-6
1.423E-6
1.676E-6
1.958E-6
1.366E-6
1.9E-6
1.19E-6
1.431E-6
1.189E-6
1.117E-6
7.65E-7
1.678E-6
1.327E-6
1.507E-6
1.708E-6
1.776E-6
2.294E-6
1.634E-6
2.044E-6
1.613E-6
1.997E-6
7.84E-7
3.504E-6
1.707E-6
1.381E-6
1.076E-6
2.143E-6
7.63E-7
7.8E-7
2.095E-6
1.957E-6
1.272E-6
1.86E-6
8.21E-7
2.673E-6
2.243E-6
1.808E-6
1.776E-6
8.62E-7
1.022E-6
1.027E-6
1.725E-6
2.205E-6
1.136E-6
7.35E-7
8.1E-7
1.385E-6
1.537E-6
4.274E-6
8.11E-7
2.876E-6
1.656E-6
2.714E-6
2.464E-6
1.898E-6
1.376E-6
2.493E-6
7.48E-7
1.209E-6
2.48E-6
1.081E-6
7.76E-7
2.207E-6
7.7E-7
2.391E-6
1.235E-6
1.508E-6
2.651E-6
2.197E-6
8.85E-7
2.207E-6
1.131E-6
2.489E-6
1.697E-6
2.032E-6
1.071E-6
2.369E-6
1.073E-6
1.678E-6
1.418E-6
1.075E-6
1.608E-6
1.6E-6
1.812E-6
2.38E-6
1.643E-6
1.61E-6
1.622E-6
2.555E-6
1.432E-6
2.149E-6
1.763E-6
2.329E-6
1.153E-6
2.369E-6
8.39E-7
3.135E-6
1.756E-6
1.886E-6
2.25E-6
1.828E-6
1.396E-6
1.049E-6
1.543E-6
7.6E-7
2.208E-6
1.028E-6
2.062E-6
1.466E-6
7.97E-7
2.258E-6
1.242E-6
1.648E-6
1.394E-6
2.079E-6
1.215E-6
1.638E-6
2.56E-6
8.45E-7
2.795E-6
1.74E-6
1.914E-6
1.399E-6
1.079E-6
2.264E-6
2.178E-6
9.13E-7
1.769E-6
1.28E-6
7.35E-7
2.193E-6
1.831E-6
2.329E-6
1.36E-6
1.08E-6
1.915E-6
1.371E-6
1.179E-6
1.625E-6
7.81E-7
1.346E-6
1.205E-6
1.832E-6
2.27E-6
1.725E-6
1.803E-6
1.251E-6
1.416E-6
1.974E-6
1.622E-6
8.0E-7
1.629E-6
1.112E-6
2.31E-6
1.745E-6
2.425E-6
2.508E-6
2.06E-6
1.356E-6
2.08E-6
1.767E-6
7.86E-7
1.662E-6
2.523E-6
1.69E-6
1.204E-6
1.616E-6
1.643E-6
2.183E-6
2.146E-6
1.703E-6
1.057E-6
1.418E-6
2.724E-6
1.384E-6
2.081E-6
1.511E-6
1.806E-6
1.2E-6
2.35E-6
1.368E-6
1.932E-6
2.234E-6
1.758E-6
1.166E-6
1.659E-6
2.275E-6
1.619E-6
1.99E-6
1.538E-6
1.162E-6
1.257E-6
2.561E-6
1.007E-6
1.14E-6
2.172E-6
1.294E-6
2.279E-6
2.5E-6
1.594E-6
2.303E-6
1.687E-6
2.242E-6
2.126E-6
1.364E-6
1.178E-6
1.692E-6
1.684E-6
2.47E-6
2.243E-6
1.766E-6
1.994E-6
1.594E-6
1.916E-6
1.908E-6
1.184E-6
9.97E-7
2.069E-6
7.87E-7
1.992E-6
1.196E-6
1.646E-6
8.08E-7
2.172E-6
1.362E-6
1.063E-6
2.096E-6
7.93E-7
1.838E-6
1.374E-6
2.28E-6
1.965E-6
1.181E-6
1.949E-6
1.222E-6
1.394E-6
1.786E-6
7.9E-7
1.127E-6
1.069E-6
2.266E-6
1.705E-6
1.958E-6
2.023E-6
1.453E-6
1.99E-6
1.324E-6
1.586E-6
2.452E-6
2.322E-6
3.137E-6
1.729E-6
1.476E-6
1.317E-6
2.244E-6
1.038E-6
2.109E-6
1.975E-6
2.365E-6
8.37E-7
2.03E-6
7.59E-7
2.157E-6
1.7E-6
2.427E-6
2.64E-6
1.842E-6
2.651E-6
2.387E-6
1.678E-6
2.248E-6
1.394E-6
1.656E-6
1.608E-6
2.132E-6
2.095E-6
7.81E-7
1.285E-6
1.879E-6
1.961E-6
2.23E-6
2.402E-6
2.305E-6
1.922E-6
7.58E-7
2.527E-6
1.472E-6
1.023E-6
2.049E-6
1.65E-6
2.351E-6
1.096E-6
1.385E-6
1.349E-6
1.039E-6
1.824E-6
1.344E-6
1.049E-6
2.259E-6
1.825E-6
1.882E-6
1.395E-6
1.672E-6
2.371E-6
1.652E-6
1.575E-6
1.479E-6
2.062E-6
7.71E-7
1.65E-6
2.036E-6
1.45E-6
1.351E-6
1.373E-6
1.605E-6
1.965E-6
1.555E-6
1.193E-6
1.125E-6
1.585E-6
2.2E-6
1.149E-6
1.663E-6
2.89E-6
1.45E-6
2.174E-6
2.18E-6
1.081E-6
1.61E-6
1.055E-6
2.065E-6
2.57E-6
2.709E-6
1.072E-6
2.161E-6
1.69E-6
1.773E-6
7.59E-7
1.628E-6
1.386E-6
3.017E-6
1.357E-6
2.362E-6
2.132E-6
2.223E-6
7.36E-7
1.267E-6
1.696E-6
2.163E-6
1.055E-6
1.949E-6
1.609E-6
2.818E-6
2.088E-6
1.467E-6
1.961E-6
2.073E-6
7.73E-7
2.075E-6
2.023E-6
2.118E-6
2.385E-6
2.914E-6
1.12E-6
2.12E-6
2.085E-6
1.888E-6
7.86E-7
2.949E-6
1.428E-6
1.969E-6
2.345E-6
1.548E-6
2.618E-6
1.245E-6
1.866E-6
7.78E-7
1.071E-6
1.087E-6
7.47E-7
1.094E-6
2.162E-6
1.604E-6
1.045E-6
1.802E-6
1.681E-6
1.069E-6
2.088E-6
2.766E-6
7.45E-7
1.764E-6
1.939E-6
1.364E-6
1.984E-6
1.148E-6
1.572E-6
2.267E-6
1.54E-6
2.068E-6
1.163E-6
1.322E-6
7.48E-7
1.718E-6
1.374E-6
1.355E-6
1.187E-6
2.559E-6
7.52E-7
1.329E-6
1.182E-6
2.059E-6
1.35E-6
1.361E-6
3.216E-6
1.646E-6
1.051E-6
1.399E-6
1.024E-6
1.453E-6
1.038E-6
1.556E-6
1.343E-6
1.663E-6
2.436E-6
1.982E-6
1.185E-6
1.475E-6
1.121E-6
1.889E-6
1.669E-6
1.912E-6
2.395E-6
1.224E-6
1.665E-6
3.053E-6
1.491E-6
1.349E-6
1.07E-6
1.873E-6
9.16E-7
2.021E-6
1.302E-6
2.442E-6
1.111E-6
1.23E-6
2.071E-6
1.79E-6
2.113E-6
2.279E-6
8.26E-7
1.725E-6
2.543E-6
1.245E-6
1.22E-6
1.547E-6
1.681E-6
1.701E-6
1.396E-6
2.082E-6
2.223E-6
1.723E-6
1.055E-6
1.265E-6
1.354E-6
2.53E-6
3.866E-6
1.637E-6
1.804E-6
1.974E-6
1.047E-6
1.441E-6
2.455E-6
2.158E-6
1.719E-6
1.56E-6
1.343E-6
2.231E-6
2.164E-6
8.02E-7
1.251E-6
1.845E-6
1.083E-6
1.782E-6
7.57E-7
7.78E-7
2.068E-6
2.25E-6
1.337E-6
1.187E-6
1.237E-6
1.355E-6
1.042E-6
1.622E-6
2.318E-6
1.684E-6
1.459E-6
1.263E-6
2.256E-6
2.297E-6
1.05E-6
2.436E-6
1.421E-6
1.213E-6
1.787E-6
2.53E-6
1.675E-6
3.506E-6
2.35E-6
2.543E-6
1.3E-6
1.746E-6
1.071E-6
7.49E-7
2.331E-6
1.862E-6
2.519E-6
1.56E-6
2.143E-6
1.369E-6
1.972E-6
1.629E-6
1.785E-6
2.884E-6
1.458E-6
8.03E-7
1.476E-6
1.955E-6
2.38E-6
7.69E-7
1.202E-6
1.443E-6
7.58E-7
1.683E-6
1.891E-6
2.147E-6
1.852E-6
2.161E-6
1.447E-6
1.83E-6
1.811E-6
2.231E-6
2.06E-6
1.518E-6
1.207E-6
1.784E-6
2.099E-6
2.464E-6
1.586E-6
1.661E-6
1.703E-6
1.352E-6
1.763E-6
2.148E-6
1.655E-6
1.398E-6
1.162E-6
1.092E-6
1.708E-6
1.087E-6
1.571E-6
1.134E-6
1.206E-6
8.03E-7
1.355E-6
1.942E-6
1.429E-6
2.162E-6
9.05E-7
1.073E-6
1.651E-6
1.511E-6
9.97E-7
1.333E-6
1.568E-6
1.69E-6
1.017E-6
1.309E-6
1.54E-6
8.14E-7
1.083E-6
1.743E-6
1.713E-6
1.895E-6
2.507E-6
1.415E-6
1.806E-6
2.422E-6
2.073E-6
1.737E-6
1.794E-6
1.77E-6
1.389E-6
1.214E-6
2.503E-6
1.208E-6
1.633E-6
2.294E-6
2.25E-6
1.274E-6
7.566E-6
3.316E-6
7.59E-7
1.552E-6
2.456E-6
1.056E-6
2.161E-6
8.26E-7
7.5E-7
3.289E-6
8.44E-7
2.312E-6
1.224E-6
2.078E-6
1.682E-6
1.029E-6
2.684E-6
1.363E-6
1.204E-6
1.626E-6
1.676E-6
1.23E-6
2.366E-6
2.387E-6
1.683E-6
1.378E-6
2.241E-6
7.7E-7
2.554E-6
1.36E-6
1.195E-6
2.393E-6
7.78E-7
1.778E-6
1.376E-6
2.643E-6
1.688E-6
2.45E-6
1.641E-6
1.356E-6
2.358E-6
1.5E-6
1.491E-6
2.423E-6
1.799E-6
2.303E-6
7.77E-7
1.095E-6
1.068E-6
1.492E-6
1.77E-6
1.782E-6
1.849E-6
2.063E-6
2.14E-6
1.377E-6
2.266E-6
2.035E-6
2.148E-6
1.8E-6
2.359E-6
1.666E-6
2.132E-6
2.206E-6
1.566E-6
2.302E-6
7.55E-7
2.226E-6
1.869E-6
2.115E-6
8.51E-7
3.047E-6
1.24E-6
1.199E-6
2.019E-6
4.084E-6
1.993E-6
1.18E-6
1.468E-6
1.661E-6
1.397E-6
2.337E-6
1.665E-6
1.982E-6
1.21E-6
2.507E-6
1.858E-6
1.638E-6
2.005E-6
7.97E-7
1.301E-6
1.359E-6
1.066E-6
1.196E-6
1.174E-6
2.247E-6
1.381E-6
1.047E-6
2.245E-6
1.347E-6
1.189E-6
2.375E-6
1.554E-6
1.584E-6
1.702E-6
1.077E-6
1.196E-6
3.08E-6
8.37E-7
1.519E-6
1.183E-6
2.016E-6
7.68E-7
7.63E-7
1.467E-6
1.937E-6
1.885E-6
1.321E-6
1.414E-6
3.094E-6
2.466E-6
7.83E-7
2.975E-6
1.79E-6
2.333E-6
2.138E-6
8.14E-7
2.137E-6
1.206E-6
1.037E-6
8.29E-7
1.472E-6
2.317E-6
1.209E-6
2.157E-6
1.235E-6
1.945E-6
1.792E-6
2.554E-6
1.578E-6
2.435E-6
1.554E-6
8.12E-7
1.253E-6
1.672E-6
8.2E-7
1.646E-6
1.335E-6
2.858E-6
1.041E-6
1.244E-6
1.255E-6
8.1E-7
1.572E-6
1.81E-6
1.779E-6
2.167E-6
2.155E-6
1.361E-6
1.81E-6
1.102E-6
1.789E-6
1.648E-6
1.375E-6
2.733E-6
1.867E-6
7.66E-7
2.509E-6
1.043E-6
7.77E-7
1.031E-6
1.424E-6
1.72E-6
1.916E-6
1.469E-6
1.59E-6
1.139E-6
2.223E-6
1.606E-6
1.493E-6
1.317E-6
2.123E-6
2.326E-6
1.792E-6
2.116E-6
1.314E-6
1.272E-6
2.19E-6
9.98E-7
2.782E-6
2.686E-6
1.213E-6
1.637E-6
1.747E-6
2.178E-6
1.682E-6
1.347E-6
1.462E-6
1.667E-6
1.647E-6
2.13E-6
1.686E-6
1.029E-6
1.123E-6
2.088E-6
7.71E-7
1.656E-6
2.313E-6
2.725E-6
8.06E-7
1.548E-6
1.206E-6
2.038E-6
1.907E-6
1.447E-6
1.843E-6
3.08E-6
1.682E-6
2.201E-6
8.17E-7
1.903E-6
2.778E-6
1.221E-6
2.01E-6
2.086E-6
2.243E-6
1.14E-6
1.697E-6
2.099E-6
7.77E-7
1.682E-6
2.172E-6
1.369E-6
2.285E-6
1.017E-6
1.218E-6
1.624E-6
1.91E-6
2.058E-6
7.72E-7
1.19E-6
1.919E-6
1.329E-6
2.485E-6
1.661E-6
1.108E-6
1.704E-6
2.296E-6
1.709E-6
1.867E-6
1.197E-6
1.858E-6
1.323E-6
2.426E-6
2.19E-6
1.678E-6
1.043E-6
2.325E-6
3.588E-5
3.583E-6
2.777E-6
1.755E-6
1.667E-6
1.433E-6
1.698E-6
2.399E-6
2.897E-6
1.588E-6
4.538E-6
2.075E-6
2.504E-6
7.95E-7
1.402E-6
1.838E-6
2.111E-6
2.514E-6
1.891E-6
1.24E-6
1.429E-6
1.004E-6
1.205E-6
2.286E-6
2.147E-6
1.158E-6
1.207E-6
2.008E-6
1.782E-6
1.823E-6
2.799E-6
2.572E-6
1.922E-6
1.856E-6
1.003E-6
1.473E-6
2.392E-6
1.212E-6
2.029E-6
1.655E-6
8.69E-7
2.372E-6
1.689E-6
1.346E-6
1.563E-6
8.13E-7
1.683E-6
1.032E-6
1.244E-6
1.594E-6
1.661E-6
1.198E-6
2.853E-6
2.647E-6
1.196E-6
1.66E-6
1.216E-6
3.011E-6
7.61E-7
8.06E-7
2.244E-6
2.544E-6
1.172E-6
1.897E-6
1.276E-6
1.767E-6
1.748E-6
1.673E-6
1.492E-6
1.679E-6
2.065E-6
1.74E-6
1.666E-6
1.027E-6
2.381E-6
2.74E-6
7.77E-7
1.663E-6
1.017E-6
2.114E-6
1.876E-6
1.998E-6
2.013E-6
1.472E-6
1.646E-6
1.568E-6
2.265E-6
1.566E-6
1.702E-6
1.089E-6
1.901E-6
1.266E-6
1.358E-6
1.083E-6
1.519E-6
2.154E-6
2.509E-6
1.685E-6
9.56E-7
2.766E-6
1.92E-6
1.744E-6
2.667E-6
7.558E-6
2.327E-6
7.957E-6
2.349E-6
2.578E-6
2.364E-6
1.938E-6
2.027E-6
3.614E-6
2.604E-6
1.504E-6
2.171E-6
1.825E-6
4.658E-6
1.894E-6
1.984E-6
1.764E-6
8.72E-7
1.908E-6
1.454E-6
1.094E-6
1.51E-6
1.351E-6
2.522E-6
1.707E-6
2.275E-6
1.762E-6
1.653E-6
1.217E-6
1.62E-6
2.046E-6
1.074E-6
1.745E-6
1.737E-6
1.365E-6
1.451E-6
1.941E-6
8.02E-7
3.3E-6
2.213E-6
1.499E-6
1.538E-6
2.007E-6
1.764E-6
1.431E-6
1.722E-6
8.61E-7
2.424E-6
2.209E-6
9.66E-7
2.169E-6
2.557E-6
1.335E-6
2.305E-6
1.49E-6
2.449E-6
1.371E-6
2.303E-6
1.723E-6
2.603E-6
1.277E-6
1.671E-6
1.406E-6
2.55E-6
2.624E-6
1.762E-6
1.299E-6
1.664E-6
2.313E-6
1.652E-6
1.865E-6
2.288E-6
2.444E-6
8.18E-7
1.347E-6
1.683E-6
3.42E-6
8.48E-7
1.361E-6
2.398E-6
1.378E-6
1.808E-6
1.733E-6
1.244E-6
2.232E-6
1.367E-6
2.436E-6
1.169E-6
1.525E-6
8.09E-7
2.299E-6
8.09E-7
2.306E-6
2.206E-6
2.312E-6
1.324E-6
2.102E-6
2.569E-6
1.159E-6
7.63E-7
8.03E-7
1.998E-6
1.729E-6
1.774E-6
1.858E-6
7.49E-7
1.633E-6
2.109E-6
1.69E-6
1.201E-6
2.345E-6
1.792E-6
1.193E-6
1.024E-6
1.653E-6
1.182E-6
2.495E-6
1.931E-6
2.02E-6
1.727E-6
1.406E-6
2.198E-6
1.208E-6
1.908E-6
1.39E-6
2.317E-6
7.87E-7
1.19E-6
2.273E-6
1.118E-6
2.312E-6
1.639E-6
2.328E-6
1.859E-6
2.262E-6
8.26E-7
2.502E-6
1.906E-6
1.746E-6
1.645E-6
2.467E-6
1.28E-6
1.06E-6
1.594E-6
1.727E-6
1.488E-6
1.962E-6
1.69E-6
1.06E-6
2.518E-6
1.764E-6
1.842E-6
2.003E-6
2.134E-6
1.945E-6
2.413E-6
2.118E-6
1.125E-6
7.76E-7
2.218E-6
3.542E-6
8.45E-7
1.628E-6
8.61E-7
2.292E-6
1.717E-6
1.895E-6
1.974E-6
1.218E-6
1.366E-6
1.052E-6
1.539E-6
2.069E-6
1.817E-6
7.74E-7
1.812E-6
1.135E-6
1.385E-6
1.044E-6
1.932E-6
1.4E-6
1.78E-6
2.488E-6
2.499E-6
1.958E-6
2.472E-6
1.322E-6
1.903E-6
1.043E-6
1.208E-6
1.706E-6
2.216E-6
2.303E-6
2.776E-6
1.376E-6
1.202E-6
1.86E-6
1.241E-6
2.368E-6
1.383E-6
1.169E-6
1.645E-6
1.799E-6
1.071E-6
2.984E-6
1.195E-6
1.838E-6
1.39E-6
1.527E-6
1.735E-6
1.606E-6
1.503E-6
1.643E-6
2.418E-6
1.122E-6
2.216E-6
2.893E-6
7.54E-7
2.749E-6
2.028E-6
1.694E-6
1.17E-6
1.284E-6
1.926E-6
1.634E-6
2.687E-6
7.69E-7
1.675E-6
1.833E-6
1.241E-6
1.218E-6
1.857E-6
1.436E-6
1.063E-6
1.591E-6
2.164E-6
2.399E-6
1.355E-6
1.186E-6
1.827E-6
1.371E-6
1.972E-6
2.25E-6
1.466E-6
2.015E-6
1.592E-6
1.989E-6
1.282E-6
1.408E-6
1.03E-6
2.48E-6
2.352E-6
2.522E-6
1.684E-6
1.047E-6
1.748E-6
1.222E-6
1.062E-6
1.149E-6
1.538E-6
1.745E-6
1.737E-6
2.171E-6
1.229E-6
1.651E-6
1.384E-6
1.051E-6
1.318E-6
1.62E-6
2.216E-6
2.754E-6
8.46E-7
1.079E-6
1.879E-6
1.828E-6
2.24E-6
1.611E-6
1.34E-6
2.156E-6
1.097E-6
1.496E-6
8.15E-7
2.045E-6
2.034E-6
1.383E-6
7.56E-7
1.539E-6
1.367E-6
2.166E-6
2.032E-6
1.086E-6
1.965E-6
1.699E-6
2.953E-6
2.029E-6
1.266E-6
1.653E-6
1.717E-6
2.075E-6
1.647E-6
1.745E-6
2.15E-6
1.938E-6
2.214E-6
7.92E-7
2.588E-6
1.65E-6
1.72E-6
2.403E-6
1.876E-6
2.652E-6
1.138E-6
2.433E-6
1.36E-6
1.194E-6
1.626E-6
2.616E-6
1.37E-6
1.837E-6
1.877E-6
1.575E-6
1.509E-6
2.27E-6
8.19E-7
1.187E-6
1.134E-6
2.596E-6
7.79E-7
1.985E-6
1.182E-6
1.339E-6
1.928E-6
1.221E-6
2.579E-6
7.89E-7
1.802E-6
2.33E-6
1.877E-6
1.677E-6
2.329E-6
7.8E-7
2.291E-6
1.431E-6
1.219E-6
1.798E-6
7.78E-7
2.611E-6
1.25E-6
2.425E-6
2.474E-6
7.86E-7
1.229E-6
3.828E-6
1.466E-6
1.508E-6
1.181E-6
3.009E-6
1.883E-6
2.163E-6
1.01E-6
2.478E-6
1.902E-6
1.679E-6
1.776E-6
1.086E-6
7.75E-7
1.45E-6
1.605E-6
1.399E-6
3.023E-6
8.4E-7
1.204E-6
1.652E-6
8.887E-6
1.308E-6
2.946E-6
1.329E-6
1.091E-6
1.807E-6
1.827E-6
2.692E-6
1.812E-6
1.225E-6
1.515E-6
1.126E-6
1.898E-6
2.297E-6
1.386E-6
1.779E-6
1.388E-6
1.204E-6
1.855E-6
1.584E-6
1.445E-6
1.251E-6
1.623E-6
1.104E-6
1.209E-6
1.618E-6
1.159E-6
1.39E-6
1.165E-6
1.113E-6
2.356E-6
1.671E-6
1.461E-6
2.254E-6
1.035E-6
1.825E-6
1.657E-6
2.015E-6
2.848E-6
1.374E-6
9.96E-7
1.762E-6
1.51E-6
1.675E-6
1.876E-6
1.151E-6
1.571E-6
3.613E-6
8.05E-7
1.373E-6
1.362E-6
1.895E-6
2.038E-6
2.354E-6
1.931E-6
1.373E-6
1.473E-6
2.662E-6
1.504E-6
2.708E-6
1.381E-6
1.282E-6
2.125E-6
2.43E-6
1.33E-6
1.082E-6
1.511E-6
7.32E-7
1.481E-6
7.26E-7
2.063E-6
2.671E-6
1.506E-6
2.016E-6
2.332E-6
1.734E-6
3.068E-6
1.363E-6
1.184E-6
2.672E-6
1.535E-6
2.867E-6
1.402E-6
4.074E-6
4.604E-6
3.89E-6
1.895E-6
1.432E-6
1.18E-6
3.175E-6
2.245E-6
1.712E-6
1.644E-6
2.591E-6
4.553E-6
1.66E-6
3.357E-6
5.652E-6
1.603E-6
3.847E-6
4.152E-6
2.735E-6
9.71E-6
2.039E-6
1.374E-6
4.559E-6
3.62E-6
1.518E-6
3.068E-6
1.544E-6
1.564E-6
3.384E-6
2.273E-6
2.311E-6
2.604E-6
2.362E-6
1.5E-6
2.806E-6
2.571E-6
2.099E-6
3.755E-6
4.179E-6
1.169E-6
1.0484E-5
1.97E-6
3.255E-6
3.156E-6
4.465E-6
1.131E-6
4.235E-6
2.863E-6
3.528E-6
1.08E-6
2.008E-6
3.186E-6
4.199E-6
2.61E-6
2.703E-6
4.745E-6
3.921E-6
3.075E-6
3.877E-6
3.628E-6
1.488E-6
2.677E-6
2.859E-6
2.03E-6
3.137E-6
2.59E-6
3.189E-6
4.264E-6
2.701E-6
3.001E-6
2.366E-6
2.66E-6
2.322E-6
3.291E-6
2.542E-6
7.749E-6
3.736E-6
1.821E-6
2.806E-6
2.421E-6
1.83E-6
4.432E-6
2.751E-6
2.459E-6
4.179E-6
1.0686E-5
3.002E-6
2.668E-6
3.449E-6
4.786E-6
3.247E-6
2.13E-6
4.336E-6
3.255E-6
3.369E-6
4.807E-6
3.614E-6
2.328E-6
2.37E-6
3.528E-6
4.18E-6
1.892E-6
3.341E-6
3.103E-6
2.116E-6
2.559E-6
4.665E-6
3.634E-6
3.408E-6
2.475E-6
2.175E-6
2.311E-6
1.278E-6
7.949E-6
3.044E-6
2.825E-6
1.977E-6
1.657E-6
2.041E-6
4.821E-6
4.238E-6
1.169E-6
4.427E-6
3.647E-6
3.039E-6
2.822E-6
5.955E-6
3.0E-6
3.433E-6
1.481E-6
1.1193E-5
2.241E-6
1.905E-6
2.896E-6
3.595E-6
4.509E-6
2.927E-6
2.452E-6
3.575E-6
4.299E-6
2.332E-6
1.486E-6
1.283E-6
2.817E-6
1.762E-6
3.058E-6
2.324E-6
8.178E-6
2.776E-6
3.591E-6
3.793E-6
4.57E-6
2.433E-6
8.994E-6
2.403E-6
3.204E-6
4.846E-6
2.078E-6
3.58E-6
2.521E-6
2.234E-6
4.021E-6
4.028E-6
3.868E-6
2.152E-6
1.955E-6
9.096E-6
2.94E-6
5.193E-6
3.046E-6
1.632E-6
2.719E-6
2.319E-6
1.406E-6
1.285E-6
4.068E-6
4.306E-6
3.944E-6
2.289E-6
3.23E-6
8.463E-6
2.886E-6
3.335E-6
1.215E-6
1.552E-6
3.561E-6
2.147E-6
3.344E-6
3.134E-6
2.706E-6
4.148E-6
2.422E-6
1.608E-6
3.712E-6
2.296E-6
4.716E-6
3.29E-6
2.69E-6
2.804E-6
1.995E-6
3.045E-6
6.64E-6
2.147E-6
3.375E-6
2.388E-6
2.053E-6
2.825E-6
1.746E-6
3.055E-6
3.725E-6
2.312E-6
2.238E-6
3.078E-6
1.352E-6
3.143E-6
2.422E-6
3.662E-6
3.092E-6
2.293E-6
2.927E-6
3.246E-6
2.6E-6
9.665E-6
3.449E-6
3.32E-6
2.955E-6
2.219E-6
4.999E-6
1.596E-6
1.159E-6
2.556E-6
3.522E-6
2.585E-6
3.77E-6
1.459E-6
3.511E-6
3.754E-6
2.6E-6
1.96E-6
3.218E-6
2.653E-6
8.76E-6
3.712E-6
3.753E-6
9.006E-6
3.971E-6
2.122E-6
3.827E-6
2.723E-6
1.2E-6
5.39E-6
4.516E-6
2.304E-6
2.716E-6
3.287E-6
4.1E-6
3.183E-6
3.941E-6
2.055E-6
4.057E-6
2.437E-6
1.9E-6
2.378E-6
1.896E-6
2.637E-6
4.114E-6
3.494E-6
2.839E-6
2.133E-6
1.91E-6
2.764E-6
2.414E-6
2.437E-6
3.133E-6
3.627E-6
2.582E-6
2.844E-6
3.347E-6
2.094E-6
1.894E-6
1.705E-6
2.558E-6
6.052E-6
2.061E-6
1.878E-6
3.762E-6
3.437E-6
4.485E-6
3.832E-6
2.902E-6
3.083E-6
3.649E-6
6.329E-6
3.849E-6
3.04E-6
1.804E-6
2.746E-6
2.091E-6
4.005E-6
1.9E-6
2.207E-6
1.822E-6
3.281E-6
2.466E-6
2.536E-6
4.085E-6
2.191E-6
1.123E-6
1.206E-6
4.535E-6
2.885E-6
1.594E-6
3.748E-6
2.668E-6
2.883E-6
3.353E-6
1.1127E-5
3.244E-6
2.702E-6
3.523E-6
4.336E-6
2.987E-6
3.401E-6
2.338E-6
2.123E-6
2.017E-6
3.288E-6
1.67E-6
2.963E-6
1.128E-6
2.301E-6
1.352E-6
2.858E-6
3.203E-6
8.234E-6
1.854E-6
2.287E-6
2.461E-6
3.528E-6
2.199E-6
3.0E-6
2.661E-6
1.643E-6
2.815E-6
1.431E-6
3.37E-6
1.367E-6
3.351E-6
3.291E-6
1.623E-6
4.066E-6
2.203E-6
2.902E-6
2.156E-6
2.242E-6
2.61E-6
3.886E-6
2.317E-6
2.692E-6
3.197E-6
3.946E-6
1.603E-6
3.593E-6
3.409E-6
2.92E-6
3.391E-6
1.611E-6
2.456E-6
2.921E-6
2.806E-6
2.16E-6
2.483E-6
2.15E-6
1.764E-6
7.78E-7
1.371E-6
2.499E-6
1.28E-6
2.359E-6
1.237E-6
1.751E-6
2.04E-6
1.548E-6
2.594E-6
2.405E-6
1.05E-6
2.679E-6
2.348E-6
1.818E-6
2.049E-6
1.197E-6
2.285E-6
1.321E-6
1.46E-6
1.902E-6
2.504E-6
1.044E-6
2.055E-6
1.395E-6
1.05E-6
1.589E-6
2.057E-6
2.641E-6
1.717E-6
1.85E-6
2.591E-6
2.182E-6
1.124E-6
1.201E-6
1.936E-6
1.231E-6
1.635E-6
1.977E-6
1.727E-6
1.442E-6
1.126E-6
2.296E-6
1.582E-6
1.354E-6
2.062E-6
1.412E-6
1.751E-6
1.053E-6
1.321E-6
1.678E-6
1.537E-6
2.299E-6
1.838E-6
1.793E-6
7.58E-7
2.153E-6
1.335E-6
2.65E-6
1.79E-6
1.392E-6
1.425E-6
1.689E-6
1.186E-6
1.667E-6
1.402E-6
2.094E-6
1.898E-6
2.382E-6
1.628E-6
2.243E-6
2.375E-6
1.367E-6
1.052E-6
2.064E-6
1.335E-6
1.035E-6
1.564E-6
1.23E-6
2.505E-6
1.691E-6
2.099E-6
2.126E-6
1.351E-6
2.324E-6
2.156E-6
2.653E-6
1.032E-6
1.885E-6
7.97E-7
1.732E-6
8.47E-7
2.14E-6
1.434E-6
1.653E-6
1.766E-6
1.223E-6
1.875E-6
1.866E-6
8.36E-7
3.092E-6
1.527E-6
5.038E-6
2.315E-6
2.945E-6
1.571E-6
1.793E-6
1.764E-6
1.868E-6
3.163E-6
1.033E-6
1.039E-6
1.724E-6
2.609E-6
1.528E-6
2.809E-6
1.839E-6
2.268E-6
1.053E-6
2.471E-6
1.473E-6
1.81E-6
2.191E-6
1.551E-6
1.725E-6
2.533E-6
8.29E-7
1.544E-6
7.76E-7
1.68E-6
1.025E-6
3.074E-6
2.322E-6
1.244E-6
3.664E-6
1.454E-6
2.725E-6
1.848E-6
1.928E-6
8.33E-7
1.752E-6
1.447E-6
1.075E-6
1.569E-6
1.872E-6
1.282E-6
1.359E-6
2.24E-6
1.301E-6
1.175E-6
2.804E-6
2.045E-6
2.125E-6
1.701E-6
8.05E-7
2.381E-6
1.914E-6
2.442E-6
9.85E-7
1.695E-6
2.21E-6
2.082E-6
1.775E-6
8.37E-7
1.877E-6
2.222E-6
1.677E-6
1.088E-6
2.212E-6
1.588E-6
1.383E-6
1.052E-6
1.627E-6
1.169E-6
1.664E-6
1.368E-6
2.197E-6
1.481E-6
1.993E-6
1.528E-6
1.201E-6
1.891E-6
2.312E-6
1.378E-6
2.202E-6
1.762E-6
1.753E-6
1.264E-6
1.733E-6
7.69E-7
8.11E-7
2.018E-6
1.709E-6
2.11E-6
1.201E-6
1.028E-6
2.125E-6
1.396E-6
1.031E-6
1.524E-6
1.21E-6
1.63E-6
1.673E-6
1.516E-6
1.16E-6
1.679E-6
2.182E-6
1.682E-6
1.036E-6
1.305E-6
2.062E-6
1.203E-6
2.172E-6
2.298E-6
1.898E-6
1.687E-6
1.54E-6
1.987E-6
2.381E-6
7.59E-7
2.272E-6
1.654E-6
2.205E-6
1.877E-6
1.827E-6
1.745E-6
1.094E-6
1.356E-6
2.082E-6
1.057E-6
2.061E-6
1.685E-6
7.7E-7
1.593E-6
1.29E-6
7.88E-7
2.149E-6
1.639E-6
1.785E-6
1.391E-6
1.346E-6
1.163E-6
1.445E-6
1.629E-6
2.311E-6
1.181E-6
2.297E-6
9.0E-7
1.615E-6
1.908E-6
1.05E-6
1.414E-6
1.205E-6
3.608E-6
1.21E-6
2.558E-6
7.94E-7
1.149E-6
1.791E-6
7.98E-7
2.476E-6
7.8E-7
2.605E-6
1.848E-6
1.288E-6
3.894E-6
2.152E-6
2.333E-6
1.384E-6
2.028E-6
1.792E-6
1.669E-6
8.08E-7
1.673E-6
1.361E-6
2.123E-6
1.007E-6
8.02E-7
1.922E-6
1.422E-6
1.849E-6
1.043E-6
1.435E-6
1.334E-6
2.299E-6
1.761E-6
1.514E-6
1.349E-6
1.808E-6
1.396E-6
1.166E-6
1.98E-6
2.993E-6
1.477E-6
1.366E-6
3.046E-6
1.265E-6
2.715E-6
2.509E-6
1.976E-6
1.614E-6
2.918E-6
1.699E-6
1.25E-6
2.237E-6
7.59E-7
1.688E-6
1.067E-6
1.565E-6
2.205E-6
2.001E-6
1.355E-6
7.5E-7
1.048E-6
1.748E-6
1.767E-6
2.035E-6
2.162E-6
1.35E-6
2.048E-6
2.318E-6
1.625E-6
8.52E-7
2.031E-6
1.747E-6
1.79E-6
2.475E-6
2.211E-6
1.783E-6
2.295E-6
2.693E-6
1.947E-6
1.006E-6
1.626E-6
1.912E-6
1.027E-6
1.647E-6
2.327E-6
1.282E-6
1.199E-6
1.696E-6
1.358E-6
2.58E-6
1.955E-6
1.752E-6
2.301E-6
1.714E-6
1.944E-6
7.64E-7
1.315E-6
2.026E-6
1.889E-6
2.925E-6
7.59E-7
2.054E-6
7.7E-7
1.836E-6
1.758E-6
1.849E-6
1.954E-6
1.548E-6
8.05E-7
1.067E-6
2.128E-6
1.698E-6
2.452E-6
1.663E-6
2.346E-6
9.86E-7
1.735E-6
1.217E-6
1.502E-6
1.392E-6
2.404E-6
1.444E-6
2.026E-6
1.305E-6
1.225E-6
1.687E-6
1.42E-6
1.83E-6
1.131E-6
1.571E-6
2.596E-6
1.836E-6
8.03E-7
1.068E-6
2.659E-6
1.24E-6
1.129E-6
2.053E-6
1.411E-6
1.113E-6
1.997E-6
1.518E-6
2.301E-6
2.122E-6
1.052E-6
2.026E-6
2.415E-6
1.083E-6
1.95E-6
2.606E-6
1.796E-6
1.793E-6
2.0E-6
1.612E-6
1.196E-6
1.328E-6
1.577E-6
7.46E-7
2.964E-6
2.333E-6
1.057E-6
2.379E-6
1.372E-6
1.802E-6
7.93E-7
1.881E-6
2.052E-6
1.272E-6
1.922E-6
1.272E-6
1.993E-6
1.362E-6
1.82E-6
2.187E-6
2.298E-6
2.21E-6
1.767E-6
1.205E-6
1.685E-6
3.167E-6
1.214E-6
2.052E-6
7.59E-7
1.029E-6
2.124E-6
1.726E-6
1.262E-6
1.962E-6
1.278E-6
1.29E-6
2.283E-6
1.171E-6
2.63E-6
2.345E-6
7.66E-7
2.171E-6
2.151E-6
1.502E-6
2.249E-6
7.77E-7
1.857E-6
2.009E-6
2.201E-6
1.123E-6
2.605E-6
2.152E-6
2.049E-6
3.133E-6
1.923E-6
1.459E-6
1.432E-6
1.712E-6
2.319E-6
1.015E-6
2.081E-6
2.059E-6
1.215E-6
1.01E-6
7.53E-7
1.669E-6
1.211E-6
3.049E-6
2.453E-6
1.357E-6
1.104E-6
2.005E-6
1.362E-6
1.012E-6
1.631E-6
1.035E-6
1.522E-6
9.83E-7
2.802E-6
1.766E-6
1.515E-6
2.214E-6
1.026E-6
1.269E-6
1.4712E-5
2.842E-6
2.937E-6
2.92E-6
2.501E-6
2.506E-6
3.742E-6
1.41E-6
2.595E-6
4.067E-6
1.551E-6
1.503E-6
1.802E-6
1.601E-6
3.287E-6
2.805E-6
4.124E-6
