1.4256E-4
1.01702E-4
2.6092E-5
2.7249E-5
2.9354E-5
1.50382E-4
3.3219E-5
5.0288E-5
4.4344E-5
2.8532E-5
2.2027E-5
4.5965E-5
6.0123E-5
3.518E-5
5.6268E-5
3.9904E-5
3.6546E-5
4.3042E-5
4.6396E-5
3.5153E-5
4.5293E-5
4.1334E-5
4.3008E-5
3.7141E-5
5.2366E-5
6.0434E-5
6.43931E-4
1.46006E-4
3.492E-5
2.9376E-5
6.917E-5
7.322E-5
4.7251E-5
3.8154E-5
2.3841E-5
4.0362E-5
3.6603E-5
2.3824E-5
4.8413E-5
2.7172E-5
5.2068E-5
5.5847E-5
2.5792E-5
5.0893E-5
6.7744E-5
6.4881E-5
3.3753E-5
6.0705E-5
5.4376E-5
6.9187E-5
2.6353E-5
5.6261E-5
2.2267E-5
2.5491E-5
7.6554E-5
2.6323E-5
1.40476E-4
3.7974E-5
6.5926E-5
7.1499E-5
3.5548E-5
1.25489E-4
2.4856E-5
7.3537E-5
2.464E-5
2.0874E-5
6.2077E-5
7.0978E-5
5.567E-5
4.8905E-5
7.6557E-5
2.7663E-5
1.8269E-5
3.2069E-5
4.0328E-5
7.2091E-5
5.3738E-5
3.6109E-5
2.8401E-5
6.9451E-5
4.3479E-5
3.0974E-5
4.4612E-5
3.5885E-5
3.8845E-5
2.4256E-5
2.1402E-5
5.2944E-5
6.7801E-5
3.1726E-5
2.0236E-5
4.3789E-5
5.295E-5
6.1904E-5
7.5161E-5
3.0379E-5
8.3162E-5
2.8882E-5
4.9636E-5
6.2789E-5
2.659E-5
2.648E-5
2.9707E-5
2.7352E-5
5.6632E-5
6.4737E-5
4.3793E-5
3.3038E-5
4.7822E-5
4.5173E-5
4.6092E-5
4.2413E-5
2.3707E-5
3.4418E-5
3.38E-5
2.1733E-5
4.9282E-5
4.7646E-5
4.1835E-5
5.2042E-5
4.0398E-5
7.6704E-5
5.7544E-5
6.0237E-5
8.4161E-5
9.5257E-5
6.0043E-5
6.7917E-5
8.7128E-5
2.176E-5
3.9453E-5
4.09E-5
2.4235E-5
3.2767E-5
3.2922E-5
9.4421E-5
3.4145E-5
7.9337E-5
8.2504E-5
5.9672E-5
5.7585E-5
4.4948E-5
2.5976E-5
6.313E-5
3.662E-5
7.9758E-5
7.6868E-5
4.3084E-5
4.0713E-5
8.639E-5
4.9907E-5
1.03312E-4
9.8795E-5
5.3338E-5
2.9725E-5
4.1414E-5
3.641E-5
4.9192E-5
3.5838E-5
3.2851E-5
7.795E-5
4.0098E-5
3.9857E-5
3.8364E-5
6.4273E-5
7.7721E-5
3.3259E-5
2.1529E-5
4.257E-5
3.2019E-5
3.7151E-5
9.3122E-5
5.9813E-5
3.4097E-5
8.4432E-5
3.6379E-5
5.8543E-5
1.07277E-4
3.7238E-5
9.3429E-5
9.5598E-5
7.9293E-5
6.3414E-5
6.1586E-5
3.1809E-5
2.4185E-5
7.6471E-5
5.3509E-5
2.3908E-5
2.49387E-4
2.7646E-5
4.2069E-5
2.7159E-5
2.2949E-5
0.002865398
3.6068E-5
2.6033E-5
5.7758E-5
5.0431E-5
2.5428E-5
3.8014E-5
2.6577E-5
2.4536E-5
4.2203E-5
3.8848E-5
2.5521E-5
3.363E-5
4.3262E-5
3.2063E-5
4.8925E-5
3.6089E-5
2.4058E-5
3.8127E-5
4.5664E-5
3.8902E-5
4.9438E-5
3.802E-5
4.8758E-5
3.9751E-5
3.1509E-5
8.1345E-5
2.7129E-5
2.4964E-5
4.4658E-5
3.5648E-5
3.5057E-5
4.6178E-5
7.0771E-5
3.352E-5
1.8542E-5
3.37E-5
3.1459E-5
3.4972E-5
4.4107E-5
1.8646E-5
4.3332E-5
3.647E-5
6.5038E-5
3.3669E-5
2.0266E-5
3.4682E-5
4.1341E-5
2.8298E-5
1.9568E-5
2.1499E-5
2.772E-5
3.3857E-5
3.4075E-5
3.6365E-5
2.9577E-5
4.9128E-5
1.9625E-5
2.1278E-5
5.4581E-5
4.7939E-5
4.6251E-5
3.7836E-5
2.2384E-5
2.344E-5
4.7738E-5
4.5082E-5
2.5846E-5
3.5277E-5
3.2757E-5
2.3577E-5
2.5541E-5
2.6179E-5
4.4665E-5
3.972E-5
3.0853E-5
3.5856E-5
5.035E-5
2.4632E-5
2.1284E-5
2.7433E-5
1.8031E-5
2.3169E-5
3.7679E-5
3.0653E-5
3.2955E-5
5.2426E-5
5.828E-5
3.5722E-5
5.4189E-5
3.7539E-5
3.7017E-5
2.4716E-5
3.4789E-5
3.4518E-5
2.936E-5
3.6353E-5
4.7211E-5
2.3046E-5
1.7623E-5
1.8315E-5
1.768E-5
3.2691E-5
1.5743E-5
2.4465E-5
3.5531E-5
2.3911E-5
1.7517E-5
2.8007E-5
2.324E-5
2.6166E-5
2.6487E-5
4.2444E-5
2.3062E-5
4.4428E-5
4.1605E-5
3.6039E-5
2.1803E-5
3.5764E-5
3.9657E-5
3.4775E-5
3.7345E-5
3.1682E-5
3.4729E-5
3.4965E-5
3.1755E-5
2.2335E-5
2.6303E-5
1.8419E-5
2.4632E-5
4.3429E-5
2.7362E-5
2.505E-5
3.831E-5
1.8355E-5
3.5664E-5
2.8679E-5
1.9451E-5
3.2514E-5
2.6247E-5
5.2616E-5
4.4657E-5
3.3062E-5
3.5781E-5
2.1291E-5
3.7071E-5
3.4007E-5
2.759E-5
4.4591E-5
3.5491E-5
1.8876E-5
5.6117E-5
4.0418E-5
2.4205E-5
2.7462E-5
4.9065E-5
1.8478E-5
3.204E-5
1.7773E-5
4.8334E-5
2.7131E-5
4.0198E-5
4.2516E-5
1.6985E-5
3.2039E-5
2.1269E-5
3.8661E-5
2.1261E-5
1.6394E-5
2.357E-5
3.52E-5
4.0339E-5
4.9248E-5
3.5184E-5
2.5939E-5
3.1027E-5
2.512E-5
1.6832E-5
3.8554E-5
3.3516E-5
2.5601E-5
1.7283E-5
4.7859E-5
4.0993E-5
2.769E-5
4.3088E-5
3.0319E-5
2.4589E-5
7.794E-5
2.8532E-5
1.7256E-5
1.8716E-5
2.4536E-5
3.1538E-5
4.0799E-5
2.9894E-5
2.4054E-5
2.2725E-5
3.3002E-5
1.6879E-5
2.8691E-5
4.1748E-5
3.0249E-5
2.3627E-5
3.3329E-5
2.3297E-5
3.7957E-5
3.4041E-5
2.4048E-5
3.5992E-5
2.4573E-5
2.8378E-5
2.489E-5
4.2427E-5
3.1682E-5
2.9551E-5
3.0309E-5
2.2888E-5
1.7676E-5
1.42694E-4
1.897E-5
1.6989E-5
3.7769E-5
3.0002E-5
2.4362E-5
2.6614E-5
5.1046E-5
4.0078E-5
1.9605E-5
2.5936E-5
2.0945E-5
2.2077E-5
2.8629E-5
2.0072E-5
3.2504E-5
2.5822E-5
4.131E-5
3.115E-5
2.2748E-5
2.4335E-5
3.0111E-5
1.6628E-5
3.3787E-5
3.3988E-5
2.4295E-5
1.6384E-5
2.924E-5
5.131E-5
4.1117E-5
4.4993E-5
2.6019E-5
3.6293E-5
4.6717E-5
3.0152E-5
1.7937E-5
2.8765E-5
4.4564E-5
4.1681E-5
2.37E-5
2.2622E-5
4.9349E-5
2.4522E-5
3.7118E-5
4.4287E-5
1.869E-5
4.1995E-5
2.8896E-5
3.2835E-5
2.5932E-5
1.8442E-5
5.2569E-5
1.8425E-5
1.7359E-5
2.3814E-5
2.8217E-5
3.0683E-5
3.4014E-5
2.6798E-5
3.4048E-5
2.7208E-5
1.9792E-5
2.0995E-5
4.8898E-5
3.804E-5
1.762E-5
2.5141E-5
5.6906E-5
2.8288E-5
1.7326E-5
2.8833E-5
3.2851E-5
3.6603E-5
3.4021E-5
2.8989E-5
2.5174E-5
2.3075E-5
2.4288E-5
1.8909E-5
2.5421E-5
5.0835E-5
2.938E-5
1.8576E-5
3.1338E-5
1.8365E-5
2.5849E-5
3.2193E-5
1.9581E-5
4.6098E-5
2.6467E-5
4.1711E-5
4.6722E-5
4.0315E-5
2.8158E-5
4.2176E-5
4.8189E-5
2.5392E-5
4.8239E-5
4.2239E-5
2.2324E-5
1.479E-5
2.2674E-5
3.2507E-5
3.3727E-5
3.4745E-5
2.5839E-5
3.8427E-5
4.1731E-5
4.5467E-5
1.9197E-5
4.0142E-5
3.0259E-5
2.3209E-5
1.3905E-5
2.2905E-5
5.1367E-5
2.8198E-5
2.3868E-5
5.8944E-5
3.261E-5
4.5303E-5
4.3055E-5
4.9112E-5
3.4658E-5
2.768E-5
2.2745E-5
1.8284E-5
1.6307E-5
1.8232E-5
1.9624E-5
2.9307E-5
2.8603E-4
1.2128E-5
5.0832E-5
1.3384E-5
1.046E-5
3.16138E-4
4.0332E-5
8.917E-6
1.4359E-5
8.028E-6
6.718E-6
8.352E-6
3.5488E-5
1.3949E-5
3.6132E-5
5.2319E-5
1.3834E-5
1.2044E-5
1.0844E-5
1.2074E-5
1.0491E-5
2.6507E-5
1.4166E-5
8.897E-6
6.358E-6
8.249E-6
2.6204E-5
6.418E-6
2.3543E-5
2.2007E-5
1.2889E-5
1.1115E-5
7.377E-6
1.2485E-5
2.5458E-5
8.794E-6
5.6816E-5
1.4717E-5
1.1779E-5
7.089E-6
2.061E-5
9.903E-6
7.901E-6
6.164E-6
2.6467E-5
9.003E-6
2.3056E-5
6.448E-6
9.792E-6
8.64E-6
2.3273E-5
1.0464E-5
7.303E-6
9.996E-6
2.07E-5
1.0895E-5
1.0908E-5
2.2087E-5
1.0397E-5
8.062E-6
1.3601E-5
8.151E-6
1.2271E-5
6.117E-6
1.2024E-5
8.57E-6
2.2274E-5
1.429E-5
1.0103E-5
1.0414E-5
2.8568E-5
6.913E-6
1.3794E-5
2.3904E-5
2.191E-5
2.5348E-5
8.236E-6
1.333E-5
8.857E-6
8.71E-6
7.895E-6
2.2842E-5
8.927E-6
8.262E-6
1.2171E-5
7.076E-6
8.242E-6
7.33E-6
1.2912E-5
1.277E-5
2.2675E-5
7.778E-6
2.4406E-5
9.509E-6
2.6634E-5
1.1399E-5
6.668E-6
1.1663E-5
1.4877E-5
8.359E-6
2.7289E-5
8.483E-6
1.897E-5
2.5331E-5
8.566E-6
1.1112E-5
1.3147E-5
7.878E-6
1.2388E-5
1.0788E-5
1.302E-5
1.0588E-5
8.94E-6
1.308E-5
2.1438E-5
1.0143E-5
1.0313E-5
1.4018E-5
1.1236E-5
7.614E-6
1.4128E-5
2.3343E-5
1.4125E-5
2.644E-5
8.426E-6
6.381E-6
2.4028E-5
1.1794E-5
1.3611E-5
8.98E-6
8.717E-6
2.8796E-5
1.0651E-5
1.0447E-5
9.792E-6
1.1115E-5
6.571E-6
1.1062E-5
1.2258E-5
8.746E-6
6.922E-6
7.751E-6
9.622E-6
1.0798E-5
2.9397E-5
1.1997E-5
8.309E-6
1.1442E-5
6.331E-6
1.1115E-5
1.0193E-5
6.0E-6
1.1553E-5
7.533E-6
5.522E-5
1.1189E-5
6.127E-6
0.005745636
5.0424E-5
3.5625E-5
3.9867E-5
7.43E-6
9.715E-6
5.817E-6
4.594E-6
5.419E-6
1.4446E-5
6.989E-6
7.117E-6
4.454E-6
1.1393E-5
6.214E-6
1.348E-5
1.1085E-5
5.432E-6
2.2488E-5
4.403E-6
5.195E-6
1.9722E-5
1.0437E-5
2.335E-5
6.24E-6
1.0951E-5
9.632E-6
6.662E-6
2.5037E-5
5.536E-6
6.244E-6
1.0227E-5
1.1183E-5
1.3597E-5
2.1229E-5
8.907E-6
5.933E-6
5.513E-6
8.867E-6
4.066E-6
4.657E-6
6.395E-6
1.2799E-5
4.179E-6
8.159E-6
1.2612E-5
4.076E-6
4.146E-6
1.646E-5
9.939E-6
5.265E-6
1.0043E-5
5.356E-6
1.2171E-5
8.613E-6
4.169E-6
6.782E-6
1.9344E-5
9.034E-6
1.9608E-5
4.52E-6
1.7737E-5
1.7316E-5
4.891E-6
5.633E-6
6.886E-6
6.856E-6
7.608E-6
1.1393E-5
9.94E-6
1.3621E-5
6.922E-6
6.051E-6
5.503E-6
7.954E-6
5.198E-6
1.4594E-5
4.334E-6
5.265E-6
1.1403E-5
7.323E-6
3.879E-6
1.048E-5
6.492E-6
9.378E-6
6.632E-6
4.046E-6
6.24E-6
1.303E-5
1.2071E-5
7.2E-6
4.293E-6
1.0093E-5
8.947E-6
8.313E-6
6.237E-6
1.1346E-5
8.305E-6
4.597E-6
5.954E-6
2.0911E-5
6.618E-6
5.379E-6
6.571E-6
5.716E-6
8.065E-6
1.2843E-5
8.332E-6
4.1027E-5
1.041E-5
8.349E-6
1.2392E-5
2.3587E-5
6.946E-6
2.5127E-5
8.439E-6
8.513E-6
1.616E-5
5.823E-6
7.814E-6
6.284E-6
6.608E-6
6.882E-6
2.2742E-5
6.9335E-5
6.467E-6
3.262E-5
7.755E-6
8.7E-6
7.587E-6
1.033E-5
1.165E-5
6.658E-6
1.6404E-5
8.396E-6
1.3353E-5
6.528E-6
4.611E-6
5.991E-6
4.166E-6
1.002E-5
5.082E-6
7.811E-6
2.197E-5
8.613E-6
4.557E-6
9.889E-6
7.78E-6
7.821E-6
3.902E-6
3.939E-6
1.1991E-5
7.38E-6
4.069E-6
5.593E-6
1.0791E-5
6.559E-6
9.158E-6
5.726E-6
8.7757E-5
6.712E-6
8.605E-6
4.073E-6
9.946E-6
4.506E-6
4.019E-6
1.1386E-5
5.215E-6
3.669E-6
3.762E-6
1.8983E-5
1.6894E-5
6.522E-6
6.355E-6
1.7814E-5
7.878E-6
3.769E-6
5.676E-6
7.12E-6
1.0968E-5
6.16E-6
8.425E-6
7.393E-6
1.0918E-5
4.927E-6
5.319E-6
9.134E-6
3.955E-6
5.229E-6
1.8849E-5
6.264E-6
1.029E-5
6.786E-6
1.6361E-5
8.98E-6
6.148E-6
5.068E-6
1.8508E-5
6.057E-6
8.236E-6
1.0193E-5
8.349E-6
3.725E-6
7.206E-6
7.1E-6
7.871E-6
1.4319E-5
5.987E-6
8.997E-6
3.665E-6
9.348E-6
5.486E-6
1.2615E-5
3.802E-6
1.8926E-5
6.796E-6
8.466E-6
7.033E-6
3.798E-6
8.994E-6
4.03E-6
5.112E-6
3.852E-6
8.389E-6
3.792E-6
8.966E-6
8.236E-6
8.018E-6
4.22E-6
5.306E-6
1.1974E-5
1.1737E-5
3.856E-6
3.822E-6
2.4586E-5
1.0564E-5
3.685E-6
5.99E-6
8.165E-6
2.3223E-5
1.0123E-5
7.664E-6
1.0467E-5
7.918E-6
5.406E-6
6.177E-6
7.698E-6
1.0287E-5
4.337E-6
3.869E-6
9.388E-6
2.3954E-5
9.582E-6
2.044E-5
7.961E-6
3.918E-6
2.039E-5
6.264E-6
7.033E-6
1.9792E-5
4.975E-6
4.477E-6
6.702E-6
4.157E-6
7.477E-6
5.706E-6
4.547E-6
5.131E-6
9.237E-6
4.009E-6
9.321E-6
6.542E-6
5.62E-6
3.792E-6
8.947E-6
1.7586E-5
5.025E-6
1.5856E-5
4.417E-6
2.0517E-5
7.915E-6
4.694E-6
6.782E-6
7.597E-6
2.0975E-5
7.507E-6
5.924E-6
8.569E-6
4.988E-6
5.292E-6
7.243E-6
5.649E-6
9.345E-6
1.1028E-5
6.455E-6
6.853E-6
2.2007E-5
7.721E-6
1.2088E-5
1.1346E-5
4.557E-6
4.363E-6
6.464E-6
3.896E-6
7.921E-6
8.068E-6
8.86E-6
2.2552E-5
1.0781E-5
1.625E-5
7.538E-6
6.875E-6
4.337E-6
7.761E-6
6.351E-6
5.472E-6
4.7595E-5
9.374E-6
7.423E-6
4.487E-6
6.184E-6
5.806E-6
