8.006E-6
1.726E-6
1.431E-6
2.695E-6
1.513E-6
1.445E-6
1.854E-6
1.488E-6
1.553E-6
7.745E-6
3.423E-6
3.284E-6
1.65E-6
2.944E-6
1.785E-6
2.948E-6
2.999E-6
1.68E-6
1.209E-6
4.748E-6
1.714E-6
1.927E-6
1.847E-6
2.082E-6
1.857E-6
1.682E-6
3.637E-6
1.585E-6
3.04E-6
2.917E-6
2.556E-6
2.443E-6
1.267E-6
1.86E-6
3.474E-6
2.867E-6
3.077E-6
2.49E-6
3.362E-6
1.756E-6
2.546E-6
1.902E-6
3.547E-6
1.018E-6
2.104E-6
1.222E-6
1.801E-6
2.472E-6
1.965E-6
1.174E-6
8.71E-7
1.202E-6
1.043E-6
1.119E-6
1.405E-6
1.194E-6
1.638E-6
1.109E-6
1.834E-6
2.013E-6
2.163E-6
1.277E-6
2.132E-6
1.496E-6
1.844E-6
2.092E-6
1.239E-6
2.007E-6
1.657E-6
1.305E-6
1.391E-6
1.481E-6
2.24E-6
7.9E-7
1.634E-6
1.391E-6
1.184E-6
2.298E-6
1.486E-6
2.511E-6
1.244E-6
1.926E-6
1.696E-6
1.942E-6
1.249E-6
1.403E-6
5.087E-6
2.077E-6
9.44E-7
1.683E-6
2.301E-6
1.088E-6
1.449E-6
2.7E-6
1.412E-6
1.395E-6
2.337E-6
2.387E-6
1.148E-6
1.577E-6
2.383E-6
9.77E-7
1.638E-6
1.445E-6
2.451E-6
1.644E-6
1.105E-6
1.811E-6
2.061E-6
1.17E-6
1.496E-6
1.301E-6
9.92E-7
1.153E-6
2.497E-6
1.518E-6
1.006E-6
1.449E-6
1.255E-6
8.83E-7
1.338E-6
2.252E-6
2.405E-6
1.548E-6
1.487E-6
2.399E-6
1.409E-6
9.94E-7
1.188E-6
1.121E-6
2.264E-6
9.19E-7
1.891E-6
2.165E-6
9.65E-7
1.041E-6
2.562E-6
1.314E-6
1.256E-6
1.696E-6
1.863E-6
9.68E-7
1.512E-6
1.849E-6
8.9E-7
1.96E-6
1.585E-6
2.666E-6
1.586E-6
1.672E-6
2.704E-6
1.499E-6
2.339E-6
2.24E-6
1.615E-6
2.455E-6
1.68E-6
2.039E-6
1.374E-6
1.777E-6
1.168E-6
9.34E-7
1.308E-6
1.299E-6
7.66E-7
2.253E-6
1.357E-6
1.002E-6
1.28E-6
1.571E-6
2.412E-6
1.502E-6
9.27E-7
1.597E-6
2.506E-6
1.74E-6
1.42E-6
2.014E-6
1.525E-6
1.511E-6
1.278E-6
2.058E-6
1.373E-6
1.643E-6
1.972E-6
1.91E-6
1.382E-6
2.503E-6
1.431E-6
1.331E-6
2.66E-6
1.733E-6
1.424E-6
1.793E-6
1.356E-6
1.435E-6
2.308E-6
9.33E-7
1.3E-6
1.738E-6
1.316E-6
1.361E-6
1.262E-6
2.267E-6
1.137E-6
1.578E-6
1.154E-6
1.186E-6
1.179E-6
2.016E-6
1.445E-6
1.253E-6
1.248E-6
1.559E-6
8.97E-7
2.712E-6
2.059E-6
1.248E-6
1.182E-6
2.347E-6
1.187E-6
9.8E-7
1.292E-6
2.753E-6
1.495E-6
1.421E-6
2.334E-6
1.107E-6
1.287E-6
9.79E-7
1.209E-6
1.023E-6
2.217E-6
1.841E-6
9.74E-7
9.28E-7
2.351E-6
1.556E-6
1.67E-6
1.032E-6
2.189E-6
1.531E-6
2.942E-6
1.34E-6
1.886E-6
9.72E-7
1.683E-6
2.29E-6
1.518E-6
1.68E-6
1.479E-6
1.508E-6
1.219E-6
9.76E-7
9.39E-7
1.294E-6
2.592E-6
1.499E-6
2.635E-6
2.076E-6
9.32E-7
1.843E-6
9.98E-7
2.174E-6
1.212E-6
1.696E-6
1.479E-6
1.737E-6
9.04E-7
1.885E-6
1.766E-6
1.323E-6
1.457E-6
1.612E-6
9.26E-7
1.239E-6
1.147E-6
2.121E-6
1.421E-6
1.264E-6
1.786E-6
3.096E-6
9.23E-7
2.712E-6
1.435E-6
8.78E-7
1.676E-6
1.114E-6
1.257E-6
2.064E-6
1.42E-6
1.082E-6
9.19E-7
1.681E-6
1.277E-6
1.157E-6
1.306E-6
1.944E-6
8.79E-7
1.839E-6
1.224E-6
1.802E-6
2.09E-6
1.534E-6
1.149E-6
1.404E-6
1.007E-6
1.381E-6
1.721E-6
1.671E-6
9.93E-7
1.632E-6
1.382E-6
2.012E-6
2.512E-6
1.446E-6
1.295E-6
1.006E-6
8.77E-7
1.163E-6
1.503E-6
1.812E-6
2.128E-6
2.959E-6
1.342E-6
1.225E-6
1.249E-6
3.005E-6
2.41E-6
1.764E-6
2.739E-6
1.312E-6
2.402E-6
2.308E-6
2.984E-6
1.685E-6
1.174E-6
1.874E-6
1.321E-6
1.429E-6
1.508E-6
1.083E-6
2.231E-6
1.276E-6
2.636E-6
1.439E-6
1.154E-6
1.04E-6
8.47E-7
1.131E-6
2.148E-6
1.397E-6
2.599E-6
9.1E-7
1.924E-6
2.66E-6
1.449E-6
1.851E-6
1.833E-6
1.824E-6
1.416E-6
1.349E-6
2.494E-6
1.357E-6
2.502E-6
2.351E-6
2.257E-6
9.71E-7
2.274E-6
9.46E-7
1.458E-6
1.605E-6
2.365E-6
1.445E-6
1.602E-6
9.48E-7
2.429E-6
1.866E-6
1.263E-6
1.284E-6
1.134E-6
1.3E-6
1.291E-6
1.238E-6
1.692E-6
1.595E-6
1.112E-6
1.203E-6
1.294E-6
9.51E-7
1.255E-6
1.168E-6
2.573E-6
2.916E-6
1.495E-6
2.264E-6
1.724E-6
1.396E-6
1.298E-6
1.284E-6
1.646E-6
1.181E-6
1.506E-6
2.951E-6
1.324E-6
1.544E-6
1.191E-6
2.207E-6
9.81E-7
1.193E-6
1.705E-6
1.467E-6
1.668E-6
9.47E-7
9.73E-7
1.448E-6
2.653E-6
1.481E-6
3.647E-6
1.049E-6
2.362E-6
1.772E-6
1.644E-6
2.737E-6
2.393E-6
1.668E-6
1.938E-6
1.756E-6
1.453E-6
1.804E-6
1.748E-6
1.709E-6
1.983E-6
1.287E-6
1.237E-6
1.366E-6
1.232E-6
2.202E-6
9.99E-7
2.139E-6
1.621E-6
1.193E-6
1.919E-6
2.613E-6
1.383E-6
2.387E-6
1.296E-6
1.352E-6
1.183E-6
1.985E-6
8.99E-7
1.876E-6
2.89E-6
2.176E-6
1.18E-6
1.245E-6
1.433E-6
1.359E-6
8.29E-7
8.63E-7
2.029E-6
1.159E-6
1.21E-6
1.017E-6
1.679E-6
2.342E-6
1.96E-6
1.692E-6
1.698E-6
1.472E-6
1.423E-6
1.393E-6
1.561E-6
1.734E-6
1.798E-6
1.962E-6
9.56E-7
1.252E-6
1.546E-6
1.943E-6
9.0E-7
2.539E-6
1.28E-6
2.221E-6
1.195E-6
1.358E-6
1.732E-6
1.771E-6
1.56E-6
2.715E-6
1.117E-6
2.764E-6
1.098E-6
1.404E-6
2.991E-6
2.76E-6
1.33E-6
9.56E-7
2.729E-6
9.68E-7
1.517E-6
1.12E-6
1.683E-6
1.145E-6
1.49E-6
1.801E-6
1.632E-6
1.217E-6
1.868E-6
1.708E-6
1.188E-6
1.415E-6
2.644E-6
4.024E-6
1.64E-6
1.059E-6
2.305E-6
1.771E-6
3.119E-6
1.443E-6
2.752E-6
2.165E-6
2.605E-6
3.934E-6
4.431E-6
2.554E-6
2.115E-6
3.71E-6
2.282E-6
3.365E-6
2.18E-6
1.688E-6
2.706E-6
2.866E-6
2.563E-6
1.525E-6
1.278E-6
2.761E-6
1.208E-6
2.127E-6
2.725E-6
2.292E-6
1.467E-6
1.3E-6
1.192E-6
1.278E-6
1.573E-6
1.231E-6
1.355E-6
7.76E-7
1.556E-6
1.291E-6
1.678E-6
1.065E-6
2.466E-6
1.03E-6
2.158E-6
1.764E-6
2.074E-6
1.37E-6
1.161E-6
9.37E-7
2.226E-6
1.676E-6
1.247E-6
1.226E-6
1.439E-6
1.673E-6
2.383E-6
1.206E-6
2.176E-6
1.621E-6
2.311E-6
1.539E-6
1.513E-6
8.91E-7
1.247E-6
2.148E-6
1.601E-6
1.591E-6
1.232E-6
1.175E-6
1.358E-6
1.847E-6
1.529E-6
3.904E-6
1.926E-6
3.471E-6
2.164E-6
2.742E-6
2.111E-6
1.685E-6
2.355E-6
9.48E-7
2.053E-6
9.19E-7
1.502E-6
2.15E-6
8.77E-7
1.653E-6
2.262E-6
1.439E-6
1.517E-6
1.235E-6
1.826E-6
1.52E-6
1.184E-6
1.278E-6
1.289E-6
2.052E-6
2.489E-6
9.39E-7
1.314E-6
1.372E-6
2.162E-6
1.785E-6
1.951E-6
2.545E-6
1.203E-6
2.103E-6
1.593E-6
1.184E-6
2.223E-6
1.073E-6
1.344E-6
1.909E-6
1.655E-6
1.646E-6
1.275E-6
1.749E-6
2.902E-6
9.48E-7
1.109E-6
1.295E-6
1.44E-6
2.492E-6
1.521E-6
1.51E-6
1.921E-6
1.745E-6
1.692E-6
2.999E-6
2.523E-6
1.456E-6
2.165E-6
9.26E-7
1.352E-6
2.488E-6
2.242E-6
2.028E-6
2.772E-6
1.111E-6
1.359E-6
8.94E-7
1.983E-6
1.397E-6
2.771E-6
1.501E-6
1.728E-6
3.104E-6
1.798E-6
9.3E-7
1.547E-6
1.554E-6
1.261E-6
1.294E-6
1.949E-6
1.33E-6
1.999E-6
1.273E-6
9.26E-7
1.349E-6
2.309E-6
1.513E-6
1.64E-6
2.411E-6
2.44E-6
1.813E-6
1.643E-6
2.591E-6
1.716E-6
1.482E-6
1.271E-6
2.691E-6
2.107E-6
1.429E-6
1.399E-6
1.356E-6
1.26E-6
9.06E-7
2.802E-6
9.33E-7
2.168E-6
1.312E-6
1.358E-6
1.131E-6
1.208E-6
1.327E-6
1.892E-6
1.211E-6
1.093E-6
1.197E-6
2.478E-6
1.759E-6
7.83E-7
1.342E-6
9.27E-7
1.271E-6
1.562E-6
1.668E-6
1.492E-6
1.458E-6
2.369E-6
1.962E-6
2.16E-6
1.211E-6
1.743E-6
9.65E-7
1.427E-6
1.827E-6
1.757E-6
1.143E-6
1.237E-6
8.82E-7
1.211E-6
3.215E-6
2.071E-6
2.41E-6
1.739E-6
1.438E-6
2.483E-6
1.268E-6
1.504E-6
1.777E-6
1.433E-6
1.653E-6
1.367E-6
9.78E-7
1.21E-6
1.707E-6
1.326E-6
1.482E-6
1.154E-6
1.325E-6
1.636E-6
2.201E-6
1.238E-6
2.887E-6
1.555E-6
1.285E-6
2.27E-6
9.35E-7
2.206E-6
1.822E-6
1.757E-6
1.835E-6
2.551E-6
2.065E-6
1.695E-6
8.74E-7
2.854E-6
1.316E-6
1.685E-6
9.85E-7
2.184E-6
3.189E-6
1.351E-6
1.148E-6
2.398E-6
1.508E-6
1.763E-6
1.181E-6
1.372E-6
1.289E-6
1.884E-6
1.949E-6
9.61E-7
2.039E-6
1.692E-6
1.784E-6
2.64E-6
2.018E-6
2.389E-6
2.077E-6
2.011E-6
9.91E-7
2.767E-6
1.32E-6
1.697E-6
1.335E-6
1.642E-6
2.868E-6
1.365E-6
1.984E-6
2.407E-6
1.614E-6
2.271E-6
8.97E-7
1.945E-6
2.709E-6
2.186E-6
1.973E-6
1.619E-6
1.998E-6
1.778E-6
1.373E-6
1.125E-6
1.748E-6
2.242E-6
1.561E-6
9.78E-7
1.261E-6
1.345E-6
1.979E-6
2.03E-6
1.308E-6
1.752E-6
1.633E-6
2.024E-6
1.416E-6
2.627E-6
1.766E-6
2.262E-6
2.535E-6
1.271E-6
3.001E-6
1.466E-6
1.304E-6
2.054E-6
8.84E-7
1.951E-6
1.198E-6
1.802E-6
2.82E-6
1.555E-6
1.263E-6
1.234E-6
1.335E-6
2.164E-6
1.223E-6
1.629E-6
8.42E-7
1.731E-6
1.339E-6
1.137E-6
2.03E-6
8.82E-7
1.258E-6
1.036E-6
2.966E-6
1.488E-6
1.289E-6
1.646E-6
8.94E-7
1.584E-6
9.72E-7
2.103E-6
2.01E-6
1.412E-6
1.21E-6
1.291E-6
1.236E-6
1.425E-6
1.867E-6
1.418E-6
1.252E-6
1.632E-6
2.031E-6
1.688E-6
1.946E-6
8.98E-7
1.274E-6
2.843E-6
1.393E-6
8.0E-7
2.783E-6
1.857E-6
2.661E-6
1.551E-6
1.757E-6
2.33E-6
9.09E-7
8.77E-7
1.335E-6
1.398E-6
9.25E-7
1.391E-6
1.807E-6
1.252E-6
2.313E-6
1.319E-6
1.967E-6
2.866E-6
1.699E-6
8.83E-7
1.189E-6
1.416E-6
2.374E-6
3.403E-6
1.602E-6
1.728E-6
8.9E-7
2.347E-6
8.94E-7
8.95E-7
1.77E-6
2.431E-6
1.699E-6
2.352E-6
1.626E-6
1.345E-6
1.864E-6
9.1E-7
2.165E-6
2.403E-6
2.157E-6
1.323E-6
1.367E-6
1.911E-6
2.097E-6
2.525E-6
9.37E-7
1.018E-6
2.176E-6
1.438E-6
1.924E-6
2.236E-6
8.36E-7
8.49E-7
1.091E-6
1.927E-6
3.235E-6
3.246E-6
1.32E-6
1.644E-6
1.391E-6
1.886E-6
8.79E-7
1.242E-6
1.313E-6
1.727E-6
1.329E-6
2.936E-6
1.291E-6
2.592E-6
1.113E-6
1.394E-6
1.971E-6
1.49E-6
9.08E-7
2.321E-6
1.612E-6
1.82E-6
1.563E-6
1.745E-6
1.918E-6
2.662E-6
2.705E-6
2.646E-6
9.32E-7
2.717E-6
1.771E-6
2.279E-6
2.05E-6
1.02E-6
1.842E-6
2.543E-6
1.79E-6
1.148E-6
8.93E-7
2.423E-6
1.438E-6
3.066E-6
2.469E-6
9.49E-7
2.036E-6
1.812E-6
2.011E-6
1.549E-6
2.071E-6
2.014E-6
8.86E-7
1.844E-6
9.39E-7
2.852E-6
1.282E-6
2.379E-6
1.634E-6
1.662E-6
1.354E-6
9.12E-7
1.332E-6
2.889E-6
9.3E-7
1.368E-6
1.29E-6
1.957E-6
1.486E-6
1.285E-6
1.178E-6
2.122E-6
1.704E-6
2.322E-6
1.331E-6
2.838E-6
1.478E-6
2.805E-6
9.95E-7
1.236E-6
2.638E-6
1.933E-6
1.357E-6
1.255E-6
1.609E-6
8.9E-7
1.94E-6
1.227E-6
1.202E-6
1.864E-6
1.34E-6
9.87E-7
1.187E-6
1.435E-6
1.194E-6
2.007E-6
1.313E-6
8.66E-7
2.316E-6
2.606E-6
2.013E-6
1.821E-6
1.386E-6
2.607E-6
1.973E-6
1.115E-6
2.161E-6
1.072E-6
2.638E-6
1.426E-6
1.191E-6
1.603E-6
9.52E-7
2.161E-6
2.757E-6
9.25E-7
2.383E-6
1.289E-6
2.388E-6
1.719E-6
1.389E-6
1.756E-6
1.471E-6
2.354E-6
9.23E-7
1.995E-6
2.1E-6
1.554E-6
9.22E-7
1.924E-6
1.968E-6
1.317E-6
1.261E-6
9.99E-7
1.723E-6
1.487E-6
1.24E-6
2.321E-6
1.009E-6
2.019E-6
2.017E-6
1.861E-6
1.53E-6
1.265E-6
1.563E-6
2.138E-6
1.299E-6
9.34E-7
1.263E-6
1.526E-6
1.85E-6
1.788E-6
1.204E-6
8.53E-7
1.71E-6
2.591E-6
9.83E-7
1.443E-6
1.185E-6
2.294E-6
1.594E-6
1.506E-6
8.74E-7
1.335E-6
1.523E-6
1.688E-6
1.897E-6
1.763E-6
1.487E-6
1.761E-6
9.18E-7
1.607E-6
3.051E-6
1.834E-6
1.621E-6
1.525E-6
1.658E-6
8.98E-7
1.359E-6
1.202E-6
8.72E-7
3.335E-6
1.516E-6
2.319E-6
2.277E-6
1.637E-6
3.463E-6
9.56E-7
2.164E-6
1.702E-6
2.769E-6
1.416E-6
1.866E-6
1.418E-6
2.015E-6
2.27E-6
1.685E-6
1.23E-6
1.474E-6
9.13E-7
1.662E-6
1.665E-6
2.444E-6
2.73E-6
1.342E-6
2.915E-6
1.777E-6
1.737E-6
2.368E-6
1.454E-6
1.193E-6
1.642E-6
2.426E-6
1.042E-6
3.258E-6
1.689E-6
1.983E-6
1.456E-6
1.51E-6
2.652E-6
1.028E-6
1.22E-6
1.979E-6
9.5E-7
8.65E-7
8.25E-7
1.533E-6
1.704E-6
1.505E-6
1.247E-6
8.65E-7
2.624E-6
1.213E-6
1.794E-6
1.376E-6
1.105E-6
1.192E-6
9.35E-7
1.401E-6
2.366E-6
1.312E-6
1.504E-6
1.39E-6
1.807E-6
9.16E-7
2.393E-6
1.849E-6
1.744E-6
9.3E-7
1.265E-6
1.512E-6
2.667E-6
1.793E-6
1.366E-6
1.497E-6
1.964E-6
1.06E-6
1.17E-6
1.517E-6
1.832E-6
8.14E-7
8.61E-7
1.517E-6
8.92E-7
1.254E-6
2.64E-6
1.375E-6
2.007E-6
1.256E-6
2.226E-6
8.92E-7
8.75E-7
1.733E-6
1.476E-6
1.227E-6
4.038E-6
3.116E-6
9.96E-7
1.321E-6
1.483E-6
1.24E-6
3.908E-6
1.974E-6
1.932E-6
3.867E-6
9.26E-7
9.87E-7
1.961E-6
1.486E-6
2.064E-6
1.453E-6
1.414E-6
2.453E-6
2.09E-6
2.19E-6
1.723E-6
1.711E-6
1.696E-6
3.067E-6
3.242E-6
9.56E-7
1.285E-6
1.459E-6
3.332E-6
1.973E-6
2.297E-6
1.977E-6
1.695E-6
4.519E-6
3.731E-6
2.773E-6
1.198E-6
3.929E-6
2.071E-6
3.502E-6
2.72E-6
4.284E-6
4.646E-6
2.633E-6
2.357E-6
4.339E-6
2.632E-6
2.374E-6
2.242E-6
2.715E-6
1.359E-6
3.199E-6
1.447E-6
2.369E-6
2.973E-6
1.332E-6
2.301E-6
1.06E-6
1.481E-6
1.462E-6
1.648E-6
1.453E-6
2.021E-6
8.83E-7
1.651E-6
2.399E-6
1.555E-6
2.298E-6
8.89E-7
1.368E-6
1.101E-6
1.23E-6
8.24E-7
3.299E-6
2.976E-6
1.206E-6
2.791E-6
1.338E-6
1.667E-6
1.629E-6
8.45E-7
2.529E-6
1.164E-6
1.367E-6
3.119E-6
1.91E-6
1.371E-6
1.694E-6
9.1E-7
1.716E-6
1.698E-6
1.192E-6
2.589E-6
1.495E-6
8.4E-7
2.027E-6
1.804E-6
2.048E-6
2.96E-6
1.675E-6
2.327E-6
1.392E-6
1.219E-6
2.632E-6
1.678E-6
1.183E-6
2.413E-6
8.62E-7
2.041E-6
1.33E-6
1.729E-6
2.412E-6
1.501E-6
2.042E-6
1.803E-6
8.44E-7
2.316E-6
1.448E-6
1.392E-6
1.113E-6
1.889E-6
2.255E-6
1.344E-6
2.644E-6
2.499E-6
2.266E-6
2.433E-6
2.362E-6
2.587E-6
1.615E-6
9.83E-7
1.967E-6
1.706E-6
1.969E-6
2.351E-6
1.297E-6
1.997E-6
1.333E-6
2.801E-6
1.737E-6
8.87E-7
1.367E-6
3.056E-6
1.276E-6
2.144E-6
1.143E-6
1.295E-6
1.202E-6
1.455E-6
1.493E-6
3.045E-6
3.043E-6
9.33E-7
2.822E-6
1.564E-6
1.725E-6
2.541E-6
2.539E-6
2.308E-6
1.518E-6
1.535E-6
2.073E-6
1.429E-6
1.438E-6
1.389E-6
2.044E-6
1.454E-6
1.379E-6
1.102E-6
3.226E-6
2.173E-6
1.084E-6
2.087E-6
1.055E-6
8.24E-7
3.507E-6
1.685E-6
1.762E-6
1.61E-6
2.388E-6
1.425E-6
2.179E-6
1.215E-6
1.382E-6
1.28E-6
1.696E-6
1.153E-6
1.515E-6
1.237E-6
2.13E-6
1.505E-6
1.198E-6
3.146E-6
1.962E-6
2.233E-6
2.585E-6
1.337E-6
2.499E-6
2.647E-6
1.888E-6
2.564E-6
2.178E-6
9.01E-7
1.342E-6
1.664E-6
3.422E-6
1.796E-6
2.164E-6
1.84E-6
9.46E-7
1.353E-6
1.688E-6
1.568E-6
1.01E-6
2.572E-6
1.436E-6
1.351E-6
1.506E-6
1.385E-6
1.335E-6
2.131E-6
1.222E-6
1.245E-6
2.577E-6
3.245E-6
1.402E-6
1.175E-6
2.196E-6
3.356E-6
1.455E-6
1.418E-6
1.753E-6
1.779E-6
1.394E-6
1.414E-6
1.282E-6
3.078E-6
9.99E-7
1.989E-6
1.393E-6
1.771E-6
2.614E-6
1.475E-6
1.162E-6
2.84E-6
2.381E-6
3.021E-6
1.573E-6
2.42E-6
2.24E-6
9.46E-7
1.143E-6
1.503E-6
1.279E-6
2.108E-6
9.41E-7
8.93E-7
1.724E-6
1.88E-6
1.42E-6
1.424E-6
2.146E-6
2.21E-6
1.407E-6
2.81E-6
9.1E-7
2.329E-6
1.277E-6
1.175E-6
1.934E-6
1.436E-6
2.12E-6
3.264E-6
9.15E-7
9.39E-7
1.518E-6
2.182E-6
9.29E-7
2.018E-6
2.577E-6
1.353E-6
2.016E-6
9.22E-7
1.343E-6
2.888E-6
1.405E-6
1.31E-6
1.684E-6
7.8E-7
1.307E-6
2.192E-6
1.181E-6
1.274E-6
1.149E-6
1.626E-6
1.401E-6
1.692E-6
2.182E-6
8.7E-7
1.344E-6
1.327E-6
1.578E-6
1.743E-6
9.67E-7
2.511E-6
1.709E-6
8.81E-7
9.52E-7
2.492E-6
1.445E-6
2.111E-6
2.029E-6
9.95E-7
1.198E-6
2.556E-6
9.35E-7
1.206E-6
2.429E-6
1.353E-6
1.888E-6
1.238E-6
2.297E-6
1.419E-6
1.197E-6
1.273E-6
1.288E-6
1.594E-6
1.733E-6
1.689E-6
2.467E-6
1.93E-6
8.93E-7
1.496E-6
3.154E-6
1.392E-6
1.134E-6
2.088E-6
2.762E-6
1.261E-6
1.957E-6
9.34E-7
1.517E-6
9.34E-7
9.87E-7
1.754E-6
3.414E-6
5.701E-6
1.904E-6
1.659E-6
2.701E-6
2.547E-6
2.218E-6
2.095E-6
4.605E-6
3.312E-6
1.523E-6
3.436E-6
1.516E-6
1.255E-6
1.391E-6
2.669E-6
2.386E-6
1.804E-6
8.03E-7
2.645E-6
9.85E-7
1.389E-6
1.604E-6
8.82E-7
9.65E-7
1.709E-6
1.769E-6
2.19E-6
3.815E-6
2.219E-6
2.358E-6
9.82E-7
3.595E-6
2.579E-6
1.503E-6
1.429E-6
2.365E-6
9.5E-7
3.354E-6
1.269E-6
1.805E-6
1.321E-6
1.841E-6
2.007E-6
1.742E-6
1.455E-6
1.562E-6
2.901E-6
2.194E-6
1.637E-6
2.126E-6
1.254E-6
2.574E-6
1.73E-6
9.22E-7
1.362E-6
2.272E-6
1.311E-6
1.847E-6
9.06E-7
1.72E-6
2.476E-6
1.128E-6
3.409E-6
9.52E-7
2.114E-6
1.539E-6
1.42E-6
2.018E-6
1.624E-6
1.718E-6
1.507E-6
8.87E-7
2.049E-6
1.237E-6
1.094E-6
1.609E-6
1.345E-6
1.797E-6
1.685E-6
1.882E-6
3.515E-6
2.564E-6
1.307E-6
2.522E-6
1.384E-6
1.808E-6
1.801E-6
2.282E-6
9.23E-7
1.481E-6
2.27E-6
1.882E-6
2.787E-6
1.342E-6
3.094E-6
1.825E-6
2.854E-6
1.381E-6
2.249E-6
9.38E-7
2.968E-6
1.377E-6
1.216E-6
2.317E-6
1.674E-6
1.412E-6
2.481E-6
3.047E-6
2.206E-6
1.43E-6
1.755E-6
3.493E-6
2.854E-6
2.474E-6
1.27E-6
1.122E-6
1.633E-6
8.64E-7
1.751E-6
3.015E-6
1.271E-6
2.267E-6
1.443E-6
1.248E-6
2.395E-6
1.52E-6
1.913E-6
1.701E-6
1.259E-6
1.17E-6
2.12E-6
2.337E-6
3.16E-6
2.057E-6
1.583E-6
4.616E-6
9.2E-7
1.287E-6
2.998E-6
1.36E-6
2.478E-6
2.097E-6
1.876E-6
2.417E-6
1.432E-6
1.2E-6
2.251E-6
1.19E-6
1.894E-6
2.438E-6
1.706E-6
1.679E-6
1.724E-6
7.99E-7
1.93E-6
1.405E-6
1.128E-6
2.11E-6
1.706E-6
2.068E-6
1.752E-6
3.625E-6
1.91E-6
3.145E-6
1.389E-6
1.856E-6
8.2E-7
1.548E-6
2.229E-6
8.69E-7
1.733E-6
1.955E-6
1.356E-6
3.426E-6
1.334E-6
1.086E-6
2.072E-6
1.806E-6
1.828E-6
2.036E-6
2.232E-6
1.292E-6
1.203E-6
2.563E-6
1.492E-6
3.671E-6
1.426E-6
1.164E-6
1.484E-6
2.645E-6
1.599E-6
1.077E-6
1.614E-6
1.802E-6
2.697E-6
8.57E-7
1.987E-6
1.311E-6
2.792E-6
2.725E-6
1.724E-6
3.508E-6
1.287E-6
1.374E-6
1.2E-6
1.624E-6
8.2E-7
2.127E-6
2.297E-6
3.001E-6
1.442E-6
1.268E-6
2.158E-6
8.99E-7
2.955E-6
1.545E-6
2.36E-6
8.17E-7
1.341E-6
1.804E-6
2.998E-6
1.99E-6
2.808E-6
1.453E-6
3.267E-6
1.412E-6
1.523E-6
1.482E-6
2.788E-6
2.514E-6
9.41E-7
1.713E-6
1.513E-6
9.38E-7
1.441E-6
2.747E-6
1.514E-6
2.007E-6
1.298E-6
2.145E-6
1.554E-6
1.698E-6
3.232E-6
2.981E-6
1.492E-6
1.238E-6
1.864E-6
1.39E-6
2.3E-6
1.172E-6
2.531E-6
1.318E-6
2.119E-6
2.561E-6
1.171E-6
1.841E-6
1.737E-6
1.333E-6
1.571E-6
1.732E-6
1.243E-6
1.069E-6
1.408E-6
2.116E-6
2.777E-6
2.346E-6
1.233E-6
2.681E-6
9.29E-7
2.685E-6
9.18E-7
1.685E-6
2.132E-6
1.281E-6
1.931E-6
1.642E-6
1.74E-6
1.31E-6
1.444E-6
1.743E-6
2.685E-6
3.395E-6
1.72E-6
1.327E-6
1.758E-6
8.9E-7
1.287E-6
1.107E-6
2.574E-6
3.29E-6
1.395E-6
1.224E-6
2.678E-6
1.384E-6
1.403E-6
2.474E-6
9.63E-7
1.322E-6
2.74E-6
1.687E-6
1.673E-6
2.042E-6
1.882E-6
1.567E-6
1.384E-6
1.67E-6
8.61E-7
1.162E-6
1.186E-6
8.82E-7
2.49E-6
1.142E-6
7.119E-6
4.455E-6
3.103E-6
2.67E-6
4.6E-6
3.004E-6
2.152E-6
3.596E-6
2.444E-6
2.059E-6
5.009E-6
2.126E-6
4.046E-6
4.034E-6
3.059E-6
3.419E-6
3.124E-6
3.811E-6
4.693E-6
5.211E-6
3.07E-6
2.666E-6
1.821E-6
3.332E-6
4.511E-6
2.606E-6
2.427E-6
1.594E-6
5.111E-6
2.928E-6
3.635E-6
2.996E-6
1.564E-6
2.595E-6
2.038E-6
3.071E-6
2.727E-6
3.469E-6
1.776E-6
3.077E-6
2.6E-6
2.597E-6
2.298E-6
1.79E-6
1.855E-6
2.661E-6
2.315E-6
1.44E-6
1.945E-6
3.686E-6
1.529E-6
3.375E-6
1.014E-6
1.941E-6
2.513E-6
1.825E-6
2.007E-6
8.08E-7
2.574E-6
8.81E-7
3.099E-6
1.21E-6
2.784E-6
2.718E-6
1.33E-6
1.846E-6
2.053E-6
1.651E-6
1.486E-6
1.602E-6
9.16E-7
1.081E-6
1.713E-6
1.415E-6
8.18E-7
1.284E-6
2.362E-6
1.814E-6
9.89E-7
3.545E-6
1.486E-6
1.661E-6
2.24E-6
2.677E-6
2.237E-6
2.065E-6
1.092E-6
1.243E-6
1.53E-6
2.622E-6
9.38E-7
2.816E-6
1.655E-6
2.007E-6
1.424E-6
2.93E-6
2.159E-6
1.449E-6
3.047E-6
1.973E-6
2.517E-6
1.423E-6
2.682E-6
1.456E-6
2.363E-6
2.018E-6
9.83E-7
1.716E-6
1.687E-6
1.027E-6
1.107E-6
1.758E-6
1.68E-6
8.3E-7
1.565E-6
1.221E-6
2.541E-6
1.681E-6
1.331E-6
2.725E-6
1.861E-6
1.478E-6
1.526E-6
1.876E-6
3.093E-6
2.024E-6
1.443E-6
1.574E-6
1.503E-6
2.204E-6
2.539E-6
9.04E-7
2.038E-6
3.129E-6
1.436E-6
2.449E-6
1.499E-6
1.644E-6
2.681E-6
8.78E-7
2.515E-6
1.396E-6
1.945E-6
1.174E-6
1.886E-6
1.562E-6
9.14E-7
1.333E-6
1.893E-6
1.799E-6
9.26E-7
1.689E-6
2.588E-6
3.965E-6
1.558E-6
1.267E-6
1.823E-6
1.877E-6
2.264E-6
2.04E-6
2.332E-6
1.362E-6
1.227E-6
1.586E-6
1.382E-6
2.431E-6
9.09E-7
1.447E-6
1.165E-6
1.588E-6
1.81E-6
1.73E-6
8.73E-7
9.55E-7
2.545E-6
1.472E-6
2.434E-6
1.462E-6
2.766E-6
2.181E-6
1.792E-6
0.776975183
1.3224E-5
6.225E-6
5.629E-6
1.95E-6
4.34E-6
3.87E-6
2.573E-6
3.121E-6
2.045E-6
8.247E-6
3.162E-6
3.521E-6
6.309E-6
2.84E-6
2.639E-6
4.254E-6
2.358E-6
1.674E-6
2.834E-6
2.605E-6
2.887E-6
3.21E-6
2.464E-6
1.544E-6
1.963E-6
2.691E-6
2.132E-6
1.421E-6
2.673E-6
3.166E-6
1.511E-6
2.306E-6
4.602E-6
8.49E-7
3.014E-6
1.961E-6
1.59E-6
8.79E-7
2.33E-6
2.113E-6
1.691E-6
1.181E-6
3.139E-6
1.647E-6
1.201E-6
1.842E-6
2.16E-6
2.947E-6
1.632E-6
1.236E-6
1.043E-6
8.86E-7
9.68E-7
3.357E-6
1.667E-6
2.841E-6
1.564E-6
1.414E-6
2.639E-6
1.209E-6
1.069E-6
2.693E-6
2.142E-6
1.789E-6
1.328E-6
8.47E-7
2.321E-6
1.229E-6
1.034E-6
3.614E-6
2.339E-6
1.685E-6
1.328E-6
1.348E-6
2.541E-6
1.263E-6
1.221E-6
1.049E-6
1.136E-6
2.12E-6
1.747E-6
1.399E-6
2.514E-6
9.16E-7
1.435E-6
3.475E-6
1.843E-6
2.934E-6
1.713E-6
2.043E-6
4.066E-6
2.49E-6
8.91E-7
3.707E-6
3.595E-6
2.007E-6
1.571E-6
2.036E-6
2.387E-6
9.12E-7
2.505E-6
1.438E-6
1.362E-6
2.066E-6
1.441E-6
2.561E-6
1.263E-6
2.075E-6
8.37E-7
2.106E-6
1.693E-6
2.193E-6
1.953E-6
1.638E-6
1.446E-6
1.806E-6
1.907E-6
3.482E-6
9.24E-7
1.797E-6
1.922E-6
2.149E-6
2.659E-6
1.565E-6
8.6E-7
1.414E-6
3.014E-6
1.18E-6
3.199E-6
1.53E-6
2.159E-6
2.046E-6
9.12E-7
1.242E-6
1.701E-6
1.276E-6
2.177E-6
1.275E-6
1.557E-6
2.139E-6
1.217E-6
1.732E-6
8.49E-7
1.715E-6
1.88E-6
8.04E-7
1.521E-6
1.872E-6
7.93E-7
1.644E-6
1.796E-6
2.591E-6
9.24E-7
1.904E-6
1.947E-6
1.781E-6
1.324E-6
4.237E-6
2.377E-6
2.069E-6
1.466E-6
1.781E-6
9.66E-7
1.279E-6
1.63E-6
1.665E-6
9.1E-7
1.882E-6
2.35E-6
8.91E-7
2.164E-6
1.289E-6
1.578E-6
1.421E-6
1.254E-6
1.285E-6
1.246E-6
1.382E-6
2.084E-6
1.204E-6
2.343E-6
1.321E-6
1.24E-6
1.685E-6
1.527E-6
1.103E-6
1.43E-6
1.198E-6
1.588E-6
1.747E-6
8.77E-7
1.681E-6
1.805E-6
8.73E-7
1.94E-6
2.81E-6
9.05E-7
1.964E-6
1.628E-6
2.087E-6
1.29E-6
2.858E-6
1.351E-6
1.724E-6
1.333E-6
2.827E-6
1.282E-6
1.341E-6
8.77E-7
1.151E-6
2.375E-6
1.404E-6
2.779E-6
1.369E-6
1.145E-6
1.575E-6
1.132E-6
1.295E-6
1.881E-6
1.775E-6
8.19E-7
8.62E-7
2.428E-6
1.399E-6
1.933E-6
1.188E-6
2.241E-6
1.691E-6
1.687E-6
8.83E-7
2.609E-6
2.419E-6
1.312E-6
1.306E-6
2.046E-6
1.577E-6
3.135E-6
1.588E-6
1.236E-6
1.5E-6
1.518E-6
7.65E-7
9.44E-7
2.429E-6
9.46E-7
2.136E-6
1.402E-6
8.48E-7
1.893E-6
1.987E-6
8.42E-7
1.397E-6
1.157E-6
1.342E-6
8.17E-7
1.072E-6
2.184E-6
1.336E-6
2.999E-6
1.175E-6
1.619E-6
2.069E-6
2.229E-6
1.336E-6
2.992E-6
2.415E-6
1.656E-6
2.433E-6
2.023E-6
8.3E-7
1.213E-6
1.574E-6
3.683E-6
1.633E-6
8.36E-7
2.488E-6
9.1E-7
3.024E-6
9.3E-7
1.932E-6
1.658E-6
8.18E-7
1.598E-6
1.402E-6
1.765E-6
3.714E-6
2.749E-6
9.16E-7
1.45E-6
1.836E-6
3.454E-6
1.424E-6
1.093E-6
1.383E-6
1.717E-6
1.409E-6
4.46E-6
9.47E-7
2.255E-6
1.63E-6
1.554E-6
1.724E-6
2.225E-6
1.428E-6
1.815E-6
1.065E-6
1.337E-6
1.692E-6
1.985E-6
8.91E-7
1.361E-6
3.001E-6
1.385E-6
1.252E-6
1.927E-6
8.93E-7
1.325E-6
1.651E-6
1.485E-6
2.413E-6
2.064E-6
2.284E-6
2.169E-6
2.171E-6
1.991E-6
2.03E-6
1.532E-6
8.06E-7
1.358E-6
8.09E-7
1.324E-6
1.719E-6
8.17E-7
1.074E-6
1.422E-6
1.297E-6
1.146E-6
2.415E-6
8.15E-7
1.251E-6
1.536E-6
1.284E-6
1.839E-6
1.671E-6
8.36E-7
1.193E-6
1.264E-6
2.144E-6
1.69E-6
2.917E-6
1.506E-6
1.182E-6
1.731E-6
8.39E-7
2.827E-6
1.539E-6
1.896E-6
1.297E-6
1.567E-6
2.799E-6
1.671E-6
1.337E-6
1.169E-6
1.792E-6
8.79E-7
1.133E-6
1.238E-6
1.211E-6
1.684E-6
2.975E-6
2.667E-6
2.268E-6
1.779E-6
1.845E-6
1.567E-6
1.604E-6
9.23E-7
1.456E-6
1.58E-6
2.237E-6
1.241E-6
9.48E-7
1.23E-6
2.158E-6
1.26E-6
1.528E-6
2.031E-6
2.138E-6
1.82E-6
1.611E-6
1.686E-6
2.08E-6
1.465E-6
1.932E-6
1.526E-6
8.25E-7
1.375E-6
2.063E-6
1.836E-6
1.477E-6
1.808E-6
2.679E-6
1.928E-6
1.246E-6
1.894E-6
1.643E-6
8.54E-7
1.119E-6
8.79E-7
1.238E-6
2.521E-6
1.486E-6
2.169E-6
1.28E-6
1.67E-6
2.924E-6
2.102E-6
1.496E-6
1.249E-6
1.664E-6
1.79E-6
2.684E-6
1.735E-6
2.487E-6
3.279E-6
1.643E-6
1.274E-6
2.616E-6
1.44E-6
1.565E-6
1.264E-6
1.562E-6
2.999E-6
2.199E-6
2.13E-6
2.06E-6
1.527E-6
1.231E-6
1.453E-6
1.726E-6
2.964E-6
1.538E-6
1.545E-6
1.836E-6
1.923E-6
1.665E-6
8.73E-7
2.251E-6
8.67E-7
9.22E-7
8.96E-7
1.165E-6
2.64E-6
1.237E-6
9.12E-7
1.914E-6
2.995E-6
2.441E-6
8.76E-7
1.387E-6
8.14E-7
1.292E-6
1.93E-6
1.234E-6
2.881E-6
1.369E-6
1.16E-6
2.321E-6
1.465E-6
2.008E-6
8.43E-7
1.514E-6
2.629E-6
1.224E-6
2.35E-6
1.933E-6
2.099E-6
8.6E-7
2.32E-6
1.188E-6
1.738E-6
2.603E-6
2.251E-6
2.493E-6
1.212E-6
1.187E-6
8.42E-7
1.39E-6
2.337E-6
1.961E-6
1.522E-6
2.064E-6
1.445E-6
1.629E-6
2.409E-6
8.24E-7
2.14E-6
1.864E-6
1.604E-6
1.499E-6
1.897E-6
1.966E-6
1.55E-6
1.468E-6
2.321E-6
1.942E-6
1.327E-6
1.724E-6
1.832E-6
8.54E-7
1.817E-6
2.165E-6
2.307E-6
1.693E-6
1.971E-6
2.0E-6
2.005E-6
2.82E-6
3.13E-6
1.753E-6
2.12E-6
2.185E-6
1.86E-6
8.43E-7
8.19E-7
2.688E-6
1.646E-6
2.926E-6
2.848E-6
1.893E-6
1.821E-6
8.75E-7
1.571E-6
1.459E-6
1.837E-6
3.02E-6
1.5E-6
1.026E-6
2.449E-6
1.095E-6
1.867E-6
1.965E-6
1.438E-6
1.74E-6
1.274E-6
2.114E-6
1.786E-6
1.402E-6
1.361E-6
9.47E-7
2.036E-6
1.849E-6
1.815E-6
1.462E-6
1.974E-6
1.763E-6
1.813E-6
1.681E-6
8.63E-7
1.806E-6
1.747E-6
8.86E-7
3.037E-6
1.534E-6
2.651E-6
2.5E-6
1.576E-6
2.159E-6
1.896E-6
1.442E-6
8.71E-7
2.067E-6
1.075E-6
1.403E-6
3.102E-6
1.961E-6
1.025E-6
9.31E-7
2.272E-6
1.35E-6
2.359E-6
1.094E-6
1.667E-6
1.337E-6
3.019E-6
1.834E-6
1.635E-6
1.641E-6
1.973E-6
1.317E-6
2.071E-6
1.441E-6
2.28E-6
1.808E-6
1.345E-6
2.163E-6
1.11E-6
1.55E-6
8.18E-7
2.94E-6
1.539E-6
1.851E-6
2.448E-6
2.114E-6
1.558E-6
3.156E-6
1.524E-6
1.533E-6
8.73E-7
1.664E-6
1.549E-6
2.222E-6
8.17E-7
1.326E-6
2.134E-6
1.979E-6
1.82E-6
8.04E-7
2.24E-6
8.74E-7
1.127E-6
2.084E-6
1.402E-6
1.12E-6
1.64E-6
2.348E-6
1.332E-6
1.45E-6
1.242E-6
1.601E-6
2.803E-6
1.899E-6
2.133E-6
1.41E-6
1.795E-6
1.271E-6
3.357E-6
9.85E-7
1.219E-6
2.907E-6
9.07E-7
8.6E-7
1.862E-6
2.044E-6
1.319E-6
2.698E-6
2.013E-6
1.904E-6
2.927E-6
1.745E-6
8.66E-7
1.585E-6
1.519E-6
8.81E-7
1.071E-6
1.552E-6
2.254E-6
1.267E-6
1.882E-6
6.084E-6
2.159E-6
1.277E-6
1.166E-6
1.387E-6
1.64E-6
2.866E-6
2.024E-6
1.235E-6
2.691E-6
2.019E-6
9.39E-7
8.9E-7
1.541E-6
1.764E-6
1.739E-6
1.56E-6
8.43E-7
1.322E-6
1.115E-6
2.592E-6
1.6E-6
2.672E-6
1.386E-6
2.499E-6
9.41E-7
2.774E-6
9.13E-7
1.283E-6
1.921E-6
1.457E-6
8.91E-7
1.464E-6
1.105E-6
1.874E-6
2.638E-6
1.396E-6
1.209E-6
3.262E-6
1.23E-6
2.198E-6
8.73E-7
2.31E-6
1.496E-6
1.816E-6
1.391E-6
1.182E-6
9.68E-7
2.594E-6
8.82E-7
1.555E-6
1.808E-6
2.029E-6
1.278E-6
1.256E-6
1.125E-6
1.843E-6
8.13E-7
1.496E-6
2.481E-6
2.352E-6
9.06E-7
3.116E-6
1.398E-6
2.098E-6
1.474E-6
1.683E-6
1.26E-6
1.324E-6
1.242E-6
1.678E-6
7.99E-7
1.572E-6
1.877E-6
8.23E-7
1.818E-6
3.661E-6
1.647E-6
1.87E-6
7.99E-7
8.89E-7
8.15E-7
1.42E-6
2.027E-6
2.739E-6
1.339E-6
1.147E-6
1.691E-6
1.631E-6
8.09E-7
1.445E-6
1.993E-6
1.935E-6
3.699E-6
2.166E-6
9.59E-7
1.975E-6
1.841E-6
1.956E-6
1.201E-6
8.76E-7
1.901E-6
1.872E-6
1.519E-6
2.416E-6
1.828E-6
1.298E-6
1.567E-6
2.002E-6
1.65E-6
2.969E-6
2.208E-6
2.313E-6
1.424E-6
1.604E-6
1.572E-6
8.29E-7
1.375E-6
8.43E-7
2.273E-6
2.092E-6
2.379E-6
3.805E-6
1.751E-6
2.013E-6
1.62E-6
2.84E-6
1.405E-6
2.214E-6
2.469E-6
2.037E-6
8.27E-7
2.152E-6
2.419E-6
1.901E-6
1.11E-6
1.716E-6
1.851E-6
1.321E-6
1.738E-6
8.24E-7
1.311E-6
2.002E-6
2.338E-6
2.92E-6
2.185E-6
9.04E-7
1.248E-6
1.522E-6
1.988E-6
1.667E-6
8.95E-7
2.74E-6
1.095E-6
1.877E-6
1.169E-6
8.55E-7
1.427E-6
2.076E-6
1.136E-6
2.182E-6
8.77E-7
1.335E-6
1.678E-6
1.319E-6
1.293E-6
1.375E-6
1.085E-6
2.404E-6
9.56E-7
1.832E-6
1.219E-6
1.154E-6
1.77E-6
1.175E-6
2.299E-6
1.272E-6
1.648E-6
1.133E-6
1.458E-6
8.55E-7
1.529E-6
1.684E-6
2.106E-6
1.504E-6
1.963E-6
1.222E-6
2.917E-6
1.295E-6
1.191E-6
1.8E-6
1.733E-6
1.382E-6
1.262E-6
2.441E-6
2.06E-6
8.58E-7
1.28E-6
1.582E-6
1.259E-6
2.211E-6
2.126E-6
1.288E-6
1.649E-6
1.594E-6
1.671E-6
1.617E-6
1.318E-6
1.314E-6
1.792E-6
1.354E-6
1.579E-6
1.647E-6
1.683E-6
1.511E-6
3.06E-6
2.913E-6
1.975E-6
2.479E-6
9.6E-7
1.487E-6
2.224E-6
2.538E-6
1.498E-6
2.436E-6
1.562E-6
1.981E-6
2.57E-6
2.281E-6
1.324E-6
3.615E-6
2.216E-6
1.465E-6
2.088E-6
2.753E-6
2.67E-6
9.67E-7
1.365E-6
2.156E-6
2.011E-6
2.087E-6
1.647E-6
2.592E-6
1.74E-6
1.697E-6
1.67E-6
9.35E-7
1.592E-6
1.375E-6
3.313E-6
1.439E-6
1.175E-6
1.889E-6
2.215E-6
9.17E-7
2.055E-6
2.085E-6
3.034E-6
9.01E-7
2.408E-6
2.155E-6
1.417E-6
9.93E-7
2.166E-6
1.327E-6
2.193E-6
1.693E-6
1.371E-6
1.165E-6
2.618E-6
2.041E-6
2.276E-6
1.958E-6
1.11E-6
1.676E-6
1.924E-6
1.442E-6
3.134E-6
1.732E-6
2.096E-6
1.702E-6
2.683E-6
1.833E-6
2.933E-6
1.352E-6
2.432E-6
2.004E-6
2.782E-6
1.745E-6
1.091E-6
2.818E-6
1.763E-6
1.219E-6
1.167E-6
3.263E-6
2.37E-6
1.676E-6
1.709E-6
2.19E-6
1.581E-6
1.659E-6
1.679E-6
1.576E-6
2.23E-6
1.989E-6
1.745E-6
8.53E-7
2.501E-6
1.331E-6
2.095E-6
1.759E-6
2.454E-6
8.9E-7
1.957E-6
1.278E-6
1.47E-6
1.429E-6
2.281E-6
2.011E-6
1.354E-6
1.773E-6
1.814E-6
8.65E-7
1.672E-6
2.829E-6
1.962E-6
1.5E-6
1.23E-6
1.885E-6
8.99E-7
1.261E-6
1.497E-6
8.03E-7
1.339E-6
1.099E-6
2.633E-6
1.604E-6
1.211E-6
1.366E-6
1.882E-6
1.595E-6
1.879E-6
3.902E-6
3.115E-6
2.632E-6
1.277E-6
1.893E-6
1.531E-6
1.929E-6
8.63E-7
1.585E-6
1.618E-6
2.603E-6
1.689E-6
2.518E-6
2.765E-6
9.22E-7
1.871E-6
8.63E-7
4.946E-6
1.308E-6
2.847E-6
9.4E-7
3.739E-6
1.289E-6
1.788E-6
1.712E-6
1.927E-6
1.815E-6
1.429E-6
1.419E-6
1.138E-6
2.428E-6
1.301E-6
2.502E-6
2.504E-6
2.257E-6
9.38E-7
1.728E-6
1.438E-6
1.86E-6
2.13E-6
1.434E-6
2.33E-6
3.026E-6
3.03E-6
1.731E-6
2.238E-6
1.747E-6
1.179E-6
1.399E-6
2.605E-6
8.81E-7
1.516E-6
1.459E-6
1.12E-6
2.142E-6
8.94E-7
1.38E-6
9.19E-7
1.442E-6
1.816E-6
1.195E-6
1.125E-6
2.805E-6
1.162E-6
2.029E-6
1.623E-6
1.338E-6
2.198E-6
2.574E-6
9.15E-7
2.89E-6
1.283E-6
1.813E-6
2.381E-6
1.871E-6
1.449E-6
3.499E-6
3.436E-6
9.3E-7
1.241E-6
2.086E-6
3.115E-6
1.447E-6
1.684E-6
1.944E-6
9.45E-7
1.179E-6
1.405E-6
1.292E-6
3.102E-6
2.016E-6
1.935E-6
1.843E-6
2.157E-6
1.147E-6
3.069E-6
1.34E-6
1.825E-6
2.164E-6
1.268E-6
1.131E-6
1.775E-6
1.783E-6
2.747E-6
1.233E-6
2.59E-6
9.432E-6
1.373E-6
2.886E-6
1.222E-6
2.135E-6
3.34E-6
1.158E-6
4.123E-6
1.732E-6
2.214E-6
1.899E-6
1.518E-6
1.158E-6
2.098E-6
9.94E-7
3.146E-6
2.03E-6
1.591E-6
1.283E-6
3.311E-6
3.364E-6
1.726E-6
8.96E-7
1.371E-6
2.506E-6
1.829E-6
1.371E-6
2.035E-6
8.41E-7
1.369E-6
3.154E-6
1.053E-6
2.197E-6
1.745E-6
2.421E-6
3.328E-6
2.905E-6
9.54E-7
2.916E-6
1.261E-6
2.22E-6
1.292E-6
2.901E-6
1.53E-6
1.717E-6
8.82E-7
2.437E-6
3.54E-6
1.009E-6
2.449E-6
1.461E-6
2.8E-6
1.524E-6
3.098E-6
1.364E-6
1.612E-6
8.22E-7
1.793E-6
2.42E-6
1.367E-6
2.713E-6
1.346E-6
1.347E-6
2.202E-6
1.509E-6
3.025E-6
1.631E-6
8.06E-7
1.665E-6
9.77E-7
2.947E-6
1.365E-6
2.101E-6
1.339E-6
2.482E-6
2.311E-6
8.31E-7
1.407E-6
3.259E-6
1.78E-6
2.122E-6
2.162E-6
1.208E-6
1.384E-6
1.312E-6
2.325E-6
1.811E-6
1.422E-6
1.926E-6
9.8E-7
2.216E-6
1.778E-6
1.6E-6
1.117E-6
1.142E-6
2.937E-6
1.402E-6
1.918E-6
3.259E-6
1.525E-6
1.339E-6
2.786E-6
1.837E-6
9.16E-7
1.826E-6
2.171E-6
9.19E-7
1.235E-6
1.443E-6
1.997E-6
2.214E-6
8.54E-7
2.016E-6
9.39E-7
2.622E-6
2.089E-6
1.616E-6
1.186E-6
2.648E-6
2.836E-6
1.242E-6
1.26E-6
1.842E-6
1.209E-6
1.861E-6
1.14E-6
1.409E-6
8.41E-7
2.09E-6
1.527E-6
1.133E-6
1.829E-6
1.63E-6
1.763E-6
2.283E-6
3.407E-6
1.105E-6
3.179E-6
2.036E-6
2.37E-6
2.862E-6
8.89E-7
8.04E-7
1.258E-6
1.236E-6
1.913E-6
1.2E-6
2.128E-6
1.821E-6
2.768E-6
8.41E-7
1.642E-6
2.998E-6
1.326E-6
1.974E-6
8.45E-7
9.03E-7
2.55E-6
2.264E-6
9.45E-7
2.224E-6
1.774E-6
1.66E-6
8.92E-7
1.123E-6
1.809E-6
9.5E-7
1.346E-6
1.742E-6
2.71E-6
1.577E-6
1.911E-6
1.746E-6
1.867E-6
8.98E-7
2.492E-6
1.501E-6
2.034E-6
1.58E-6
1.939E-6
2.003E-6
2.135E-6
9.13E-7
1.398E-6
2.028E-6
1.563E-6
1.613E-6
1.843E-6
1.842E-6
1.875E-6
1.743E-6
2.875E-6
9.14E-7
1.206E-6
2.753E-6
1.446E-6
1.23E-6
2.944E-6
1.099E-6
1.505E-6
1.477E-6
1.871E-6
1.642E-6
2.217E-6
1.435E-6
1.299E-6
2.513E-6
1.323E-6
1.558E-6
1.342E-6
2.068E-6
1.45E-6
7.96E-7
1.114E-6
1.877E-6
1.179E-6
3.553E-6
2.605E-6
1.67E-6
8.16E-7
1.094E-6
1.741E-6
8.01E-7
1.292E-6
1.255E-6
1.738E-6
1.004E-6
1.156E-6
2.123E-6
1.347E-6
1.945E-6
1.429E-6
1.849E-6
1.224E-6
1.701E-6
1.303E-6
1.126E-6
1.796E-6
1.762E-6
1.109E-6
1.9E-6
2.949E-6
1.671E-6
1.11E-6
3.014E-6
3.223E-6
2.963E-6
1.042E-6
1.051E-6
1.37E-6
2.306E-6
8.96E-7
1.635E-6
1.489E-6
2.02E-6
8.63E-7
1.666E-6
1.381E-6
1.385E-6
3.164E-6
8.8E-7
1.774E-6
2.266E-6
2.817E-6
1.468E-6
1.484E-6
1.502E-6
2.006E-6
3.286E-6
1.598E-6
2.884E-6
1.331E-6
2.086E-6
2.152E-6
2.724E-6
1.32E-6
8.7E-7
3.053E-6
2.685E-6
8.98E-7
1.474E-6
1.992E-6
3.56E-6
1.404E-6
1.995E-6
2.83E-6
1.711E-6
2.452E-6
1.373E-6
2.173E-6
2.392E-6
8.49E-7
1.352E-6
3.045E-6
1.76E-6
2.934E-6
1.323E-6
1.92E-6
8.96E-7
1.292E-6
1.814E-6
2.363E-6
1.95E-6
1.832E-6
2.5E-6
1.212E-6
2.65E-6
1.187E-6
3.368E-6
2.314E-6
1.695E-6
8.87E-7
8.6E-7
3.016E-6
2.252E-6
1.578E-6
3.102E-6
1.683E-6
1.966E-6
1.817E-6
2.685E-6
1.212E-6
2.986E-6
2.092E-6
1.545E-6
9.09E-7
1.291E-6
2.728E-6
1.344E-6
2.367E-6
1.346E-6
2.208E-6
2.317E-6
1.522E-6
2.322E-6
2.049E-6
1.538E-6
2.889E-6
3.213E-6
9.38E-7
2.229E-6
1.551E-6
1.425E-6
1.676E-6
2.021E-6
1.65E-6
2.688E-6
1.784E-6
3.001E-6
8.8E-7
3.087E-6
9.26E-7
1.659E-6
2.433E-6
1.655E-6
1.31E-6
1.559E-6
1.462E-6
1.732E-6
1.182E-6
1.902E-6
1.36E-6
2.127E-6
2.884E-6
2.113E-6
3.122E-6
1.468E-6
1.875E-6
2.631E-6
9.04E-7
2.232E-6
2.026E-6
1.418E-6
1.344E-6
1.308E-6
1.865E-6
1.787E-6
1.943E-6
1.914E-6
2.735E-6
9.28E-7
3.451E-6
2.761E-6
1.743E-6
1.202E-6
2.311E-6
1.042E-6
1.339E-6
2.041E-6
2.639E-6
2.448E-6
1.307E-6
1.937E-6
1.962E-6
1.705E-6
3.668E-6
2.094E-6
1.282E-6
1.879E-6
2.817E-6
1.533E-6
2.125E-6
1.313E-6
1.833E-6
2.512E-6
1.611E-6
9.34E-7
1.866E-6
2.78E-6
8.48E-7
1.441E-6
1.442E-6
2.13E-6
2.796E-6
2.516E-6
2.88E-6
1.731E-6
1.913E-6
1.198E-6
1.795E-6
1.778E-6
2.866E-6
1.898E-6
2.722E-6
9.3E-7
1.839E-6
1.261E-6
1.696E-6
1.501E-6
1.621E-6
1.339E-6
1.129E-6
3.299E-6
9.65E-7
3.808E-6
1.665E-6
2.989E-6
8.85E-7
3.024E-6
9.46E-7
1.875E-6
2.534E-6
2.003E-6
1.642E-6
1.436E-6
4.077E-6
1.616E-6
3.034E-6
1.623E-6
2.186E-6
1.328E-6
2.188E-6
1.228E-6
3.096E-6
1.493E-6
1.389E-6
2.553E-6
1.363E-6
1.82E-6
9.87E-7
1.198E-6
1.574E-6
2.572E-6
1.005E-6
2.794E-6
1.776E-6
2.93E-6
8.88E-7
2.534E-6
1.481E-6
2.236E-6
2.704E-6
8.94E-7
2.344E-6
9.33E-7
2.028E-6
3.157E-6
1.543E-6
2.154E-6
8.77E-7
2.573E-6
9.13E-7
1.902E-6
1.854E-6
8.67E-7
2.325E-6
8.39E-7
1.663E-6
1.308E-6
1.377E-6
1.518E-6
8.28E-7
1.872E-6
1.087E-6
2.006E-6
1.957E-6
3.369E-6
1.0E-6
1.892E-6
2.247E-6
1.407E-6
1.343E-6
2.872E-6
9.12E-7
8.29E-7
1.527E-6
1.95E-6
1.633E-6
3.561E-6
3.878E-6
9.08E-7
2.324E-6
2.955E-6
1.442E-6
2.383E-6
1.988E-6
1.277E-6
2.43E-6
1.256E-6
2.041E-6
2.976E-6
2.84E-6
1.692E-6
1.098E-6
2.04E-6
1.943E-6
1.378E-6
8.89E-7
2.822E-6
1.637E-6
1.367E-6
2.834E-6
1.443E-6
3.491E-6
2.459E-6
1.573E-6
1.017E-6
4.645E-6
1.632E-6
2.269E-6
1.562E-6
1.267E-6
2.389E-6
2.105E-6
2.069E-6
8.58E-7
2.055E-6
1.757E-6
2.048E-6
9.16E-7
1.692E-6
2.578E-6
1.589E-6
9.18E-7
1.449E-6
2.181E-6
2.963E-6
1.736E-6
1.903E-6
1.44E-6
1.692E-6
2.571E-6
9.37E-7
1.442E-6
2.535E-6
1.425E-6
3.114E-6
1.325E-6
2.219E-6
2.374E-6
1.361E-6
2.266E-6
2.916E-6
9.22E-7
2.414E-6
2.342E-6
2.093E-6
2.324E-6
5.353E-6
1.725E-6
1.997E-6
1.148E-6
1.344E-6
1.98E-6
1.387E-6
8.98E-7
1.535E-6
1.762E-6
2.205E-6
3.025E-6
1.472E-6
1.412E-6
1.335E-6
2.566E-6
1.81E-6
1.758E-6
8.82E-7
1.206E-6
1.95E-6
2.01E-6
1.339E-6
2.126E-6
3.139E-6
9.4E-7
2.382E-6
9.22E-7
1.295E-6
1.188E-6
2.825E-6
1.531E-6
1.416E-6
3.058E-6
9.16E-7
1.605E-6
1.177E-6
1.844E-6
1.725E-6
2.257E-6
2.871E-6
2.433E-6
1.181E-6
2.869E-6
2.199E-6
1.623E-6
2.595E-6
2.551E-6
1.923E-6
3.162E-6
9.1E-7
2.389E-6
2.585E-6
1.236E-6
1.951E-6
1.521E-6
2.165E-6
1.726E-6
1.448E-6
1.621E-6
1.549E-6
8.04E-7
2.484E-6
3.3E-6
1.895E-6
2.022E-6
1.903E-6
2.992E-6
1.4E-6
2.513E-6
1.212E-6
1.284E-6
3.148E-6
9.27E-7
1.654E-6
1.447E-6
1.657E-6
2.174E-6
1.429E-6
1.108E-6
2.228E-6
1.347E-6
8.39E-7
2.06E-6
2.246E-6
8.42E-7
1.286E-6
1.308E-6
2.82E-6
8.82E-7
1.52E-6
1.166E-6
2.482E-6
1.674E-6
1.924E-6
1.989E-6
2.057E-6
3.116E-6
1.813E-6
2.567E-6
2.977E-6
9.53E-7
2.711E-6
1.336E-6
2.941E-6
3.365E-6
2.284E-6
2.321E-6
2.921E-6
2.689E-6
3.35E-6
3.778E-6
5.365E-6
2.361E-6
5.796E-6
2.581E-6
3.685E-6
2.217E-6
1.834E-6
1.268E-6
1.994E-6
4.413E-6
1.068E-6
1.387E-6
2.108E-6
1.336E-6
1.377E-6
1.766E-6
2.07E-6
4.342E-6
2.704E-6
2.279E-6
1.359E-6
1.489E-6
2.815E-6
3.091E-6
2.587E-6
1.546E-6
1.21E-6
1.326E-6
2.26E-6
1.521E-6
1.798E-6
1.13E-6
2.473E-6
1.712E-6
1.097E-6
2.083E-6
8.76E-7
2.094E-6
1.352E-6
1.411E-6
5.287E-6
1.303E-6
1.255E-6
8.46E-7
3.235E-6
1.36E-6
2.573E-6
1.652E-6
1.674E-6
1.4E-6
1.876E-6
1.357E-6
2.335E-6
2.398E-6
1.297E-6
1.68E-6
1.221E-6
2.047E-6
1.646E-6
9.33E-7
2.305E-6
2.345E-6
9.17E-7
1.254E-6
2.52E-6
8.18E-7
1.53E-6
1.297E-6
9.47E-7
1.245E-6
1.453E-6
3.228E-6
1.465E-6
1.89E-6
1.721E-6
1.859E-6
9.84E-7
1.847E-6
8.64E-7
1.456E-6
1.262E-6
2.767E-6
2.261E-6
8.34E-7
9.09E-7
1.272E-6
4.652E-6
1.39E-6
2.657E-6
9.3E-7
1.661E-6
2.474E-6
2.393E-6
9.19E-7
1.447E-6
2.217E-6
2.216E-6
1.87E-6
3.557E-6
1.786E-6
2.354E-6
2.022E-6
1.634E-6
2.92E-6
1.404E-6
1.117E-6
1.477E-6
8.4E-7
3.128E-6
1.486E-6
1.225E-6
2.64E-6
2.685E-6
1.433E-6
1.162E-6
1.171E-6
1.187E-6
1.688E-6
1.292E-6
3.019E-6
1.693E-6
1.653E-6
2.268E-6
1.734E-6
1.486E-6
2.216E-6
2.234E-6
1.432E-6
8.15E-7
1.345E-6
1.954E-6
3.472E-6
2.106E-6
1.374E-6
1.454E-6
8.79E-7
1.296E-6
1.266E-6
1.44E-6
1.383E-6
2.857E-6
1.228E-6
2.945E-6
1.47E-6
1.257E-6
1.624E-6
9.44E-7
1.214E-6
1.199E-6
2.166E-6
8.2E-7
1.244E-6
1.167E-6
3.314E-6
9.35E-7
1.81E-6
1.232E-6
2.241E-6
2.441E-6
1.754E-6
2.44E-6
8.34E-7
1.198E-6
2.808E-6
2.644E-6
1.129E-6
1.91E-6
2.094E-6
1.086E-6
2.344E-6
1.608E-6
1.941E-6
1.164E-6
1.692E-6
1.384E-6
3.157E-6
1.696E-6
1.438E-6
3.254E-6
8.75E-7
1.114E-6
2.31E-6
2.403E-6
1.81E-6
1.19E-6
2.086E-6
1.158E-6
1.146E-6
2.416E-6
1.25E-6
1.082E-6
1.432E-6
1.093E-6
1.08E-6
2.115E-6
1.791E-6
2.682E-6
9.13E-7
3.216E-6
1.502E-6
1.233E-6
2.727E-6
2.599E-6
8.98E-7
1.483E-6
2.381E-6
9.08E-7
1.596E-6
9.14E-7
1.895E-6
1.222E-6
3.155E-6
2.227E-6
8.92E-7
2.847E-6
1.827E-6
2.401E-6
1.818E-6
1.427E-6
2.532E-6
2.515E-6
8.09E-7
1.951E-6
1.119E-6
2.059E-6
1.228E-6
1.14E-6
1.835E-6
1.335E-6
1.161E-6
1.548E-6
8.73E-7
1.395E-6
1.565E-6
1.668E-6
1.883E-6
1.599E-6
1.837E-6
2.165E-6
1.866E-6
5.062E-6
2.85E-6
1.659E-6
2.239E-6
1.686E-6
9.1E-7
2.036E-6
1.218E-6
1.928E-6
1.399E-6
1.153E-6
3.698E-6
1.41E-6
1.971E-6
