8.416E-6
1.811E-6
1.403E-6
3.076E-6
1.437E-6
1.441E-6
1.567E-6
1.467E-6
1.689E-6
1.2381E-5
4.773E-6
5.233E-6
1.853E-6
5.135E-6
1.86E-6
4.679E-6
4.645E-6
1.919E-6
1.154E-6
2.003E-6
1.828E-6
2.032E-6
2.141E-6
2.292E-6
2.316E-6
2.014E-6
5.979E-6
1.59E-6
5.464E-6
4.94E-6
4.231E-6
2.382E-6
1.355E-6
1.845E-6
6.357E-6
4.837E-6
5.001E-6
2.277E-6
5.789E-6
2.046E-6
5.016E-6
2.267E-6
5.644E-6
1.656E-6
5.542E-6
2.071E-6
4.879E-6
6.19E-6
5.17E-6
1.941E-6
1.403E-6
2.218E-6
1.977E-6
1.862E-6
2.699E-6
2.253E-6
3.02E-6
2.215E-6
3.489E-6
5.955E-6
5.554E-6
2.544E-6
5.941E-6
3.017E-6
3.525E-6
5.695E-6
2.375E-6
5.482E-6
3.426E-6
2.465E-6
2.707E-6
3.023E-6
5.741E-6
1.738E-6
3.304E-6
2.794E-6
2.246E-6
6.067E-6
2.803E-6
6.307E-6
2.592E-6
5.511E-6
8.143E-6
5.936E-6
2.453E-6
2.821E-6
7.586E-6
5.666E-6
2.271E-6
3.143E-6
5.925E-6
1.949E-6
2.87E-6
7.453E-6
2.791E-6
2.531E-6
6.002E-6
6.219E-6
1.982E-6
3.114E-6
6.042E-6
1.669E-6
3.278E-6
2.492E-6
7.212E-6
3.263E-6
2.014E-6
5.052E-6
4.803E-6
2.042E-6
2.679E-6
2.594E-6
1.643E-6
1.881E-6
6.354E-6
2.588E-6
1.846E-6
2.677E-6
2.227E-6
1.862E-6
2.662E-6
6.143E-6
6.257E-6
3.02E-6
2.528E-6
5.471E-6
2.886E-6
1.784E-6
2.396E-6
2.034E-6
5.546E-6
1.641E-6
4.518E-6
5.498E-6
1.619E-6
1.819E-6
6.067E-6
2.087E-6
2.296E-6
2.836E-6
3.553E-6
1.683E-6
2.839E-6
4.244E-6
1.812E-6
4.347E-6
2.837E-6
6.459E-6
2.77E-6
2.884E-6
6.62E-6
2.574E-6
5.304E-6
5.693E-6
2.947E-6
5.347E-6
3.146E-6
5.161E-6
2.24E-6
3.034E-6
1.969E-6
1.608E-6
2.476E-6
2.318E-6
1.353E-6
4.992E-6
2.797E-6
1.928E-6
2.202E-6
2.611E-6
5.88E-6
2.598E-6
1.49E-6
2.664E-6
5.933E-6
3.026E-6
2.316E-6
3.055E-6
2.906E-6
2.431E-6
2.154E-6
4.914E-6
2.248E-6
2.726E-6
4.311E-6
3.234E-6
2.301E-6
5.829E-6
2.37E-6
2.259E-6
5.993E-6
2.945E-6
2.425E-6
3.138E-6
2.159E-6
2.704E-6
5.207E-6
1.551E-6
2.261E-6
3.165E-6
2.245E-6
2.372E-6
2.145E-6
5.454E-6
1.946E-6
3.044E-6
1.773E-6
2.104E-6
2.099E-6
3.576E-6
2.456E-6
2.284E-6
2.173E-6
2.856E-6
1.549E-6
6.23E-6
4.749E-6
2.23E-6
2.111E-6
2.289E-6
1.897E-6
1.636E-6
2.145E-6
5.921E-6
2.414E-6
2.435E-6
5.249E-6
1.882E-6
2.338E-6
1.527E-6
2.298E-6
1.799E-6
5.202E-6
3.294E-6
1.685E-6
1.637E-6
5.522E-6
2.283E-6
2.99E-6
1.824E-6
5.348E-6
2.599E-6
6.557E-6
2.2E-6
3.232E-6
1.616E-6
4.326E-6
5.342E-6
2.872E-6
4.043E-6
2.409E-6
2.366E-6
2.048E-6
1.646E-6
1.499E-6
2.02E-6
5.643E-6
2.393E-6
5.783E-6
4.481E-6
1.584E-6
5.098E-6
1.843E-6
5.962E-6
2.349E-6
3.172E-6
2.725E-6
3.238E-6
1.668E-6
5.238E-6
3.036E-6
2.276E-6
2.789E-6
3.205E-6
1.729E-6
2.496E-6
2.276E-6
5.851E-6
2.726E-6
2.431E-6
3.546E-6
7.749E-6
1.809E-6
6.525E-6
2.904E-6
1.728E-6
3.591E-6
2.076E-6
2.697E-6
5.851E-6
3.075E-6
2.16E-6
1.66E-6
3.566E-6
2.484E-6
2.153E-6
2.506E-6
3.625E-6
1.481E-6
3.234E-6
2.507E-6
3.374E-6
6.27E-6
2.785E-6
2.082E-6
2.339E-6
1.656E-6
2.724E-6
3.469E-6
2.708E-6
1.855E-6
2.926E-6
2.312E-6
5.048E-6
6.341E-6
2.93E-6
2.464E-6
2.028E-6
1.788E-6
2.307E-6
2.961E-6
3.91E-6
7.075E-6
7.239E-6
2.458E-6
2.326E-6
2.323E-6
7.79E-6
6.16E-6
3.424E-6
7.083E-6
2.489E-6
1.9034E-5
6.53E-6
7.98E-6
3.929E-6
2.18E-6
3.86E-6
2.277E-6
2.641E-6
2.79E-6
2.31E-6
5.929E-6
2.377E-6
6.871E-6
2.875E-6
2.168E-6
2.351E-6
1.594E-6
2.169E-6
5.655E-6
2.678E-6
9.465E-6
2.013E-6
3.722E-6
6.645E-6
2.713E-6
3.668E-6
3.326E-6
3.55E-6
2.513E-6
5.056E-6
6.627E-6
2.494E-6
5.903E-6
5.636E-6
5.536E-6
1.647E-6
5.264E-6
1.702E-6
2.634E-6
2.582E-6
5.794E-6
2.663E-6
3.115E-6
2.082E-6
6.318E-6
4.007E-6
2.493E-6
2.369E-6
2.334E-6
2.457E-6
2.899E-6
2.63E-6
3.598E-6
3.239E-6
2.192E-6
2.129E-6
3.465E-6
2.145E-6
2.714E-6
2.278E-6
7.429E-6
6.777E-6
2.967E-6
4.303E-6
3.489E-6
2.722E-6
2.483E-6
2.306E-6
3.303E-6
2.194E-6
2.68E-6
8.083E-6
2.404E-6
3.052E-6
2.906E-6
6.06E-6
1.808E-6
2.867E-6
3.755E-6
2.702E-6
3.52E-6
1.717E-6
1.913E-6
2.822E-6
7.084E-6
2.757E-6
7.567E-6
1.629E-6
6.503E-6
3.35E-6
3.322E-6
7.784E-6
6.27E-6
3.149E-6
3.708E-6
3.238E-6
2.575E-6
3.513E-6
7.461E-6
3.307E-6
4.06E-6
5.512E-6
2.263E-6
2.588E-6
2.267E-6
6.376E-6
1.644E-6
8.139E-6
3.016E-6
2.523E-6
4.554E-6
6.368E-6
4.594E-6
5.698E-6
2.238E-6
2.671E-6
2.118E-6
4.151E-6
1.956E-6
3.51E-6
7.504E-6
6.211E-6
2.355E-6
2.539E-6
2.527E-6
2.924E-6
1.733E-6
1.831E-6
3.773E-6
2.794E-6
5.694E-6
2.369E-6
6.695E-6
5.901E-6
3.127E-6
3.711E-6
2.678E-6
2.445E-6
3.271E-6
2.527E-6
2.683E-6
3.892E-6
3.336E-6
8.861E-6
1.698E-6
2.595E-6
5.872E-6
3.589E-6
1.7E-6
1.0609E-5
2.453E-6
9.609E-6
1.999E-6
2.024E-6
3.863E-6
3.326E-6
2.961E-6
7.32E-6
1.803E-6
9.072E-6
1.873E-6
2.159E-6
5.844E-6
5.61E-6
1.956E-6
1.382E-6
5.388E-6
1.435E-6
2.526E-6
1.497E-6
2.602E-6
1.929E-6
2.092E-6
3.83E-6
2.364E-6
2.042E-6
2.722E-6
2.34E-6
1.987E-6
1.954E-6
8.126E-6
5.824E-6
2.225E-6
1.417E-6
4.571E-6
2.559E-6
5.151E-6
2.155E-6
5.405E-6
2.1002E-5
2.027E-6
4.196E-6
6.727E-6
1.619E-6
1.568E-6
4.247E-6
2.607E-6
3.132E-6
2.853E-6
2.883E-6
6.52E-6
6.401E-6
6.157E-6
2.571E-6
2.371E-6
6.873E-6
2.102E-6
5.173E-6
6.818E-6
5.894E-6
2.828E-6
2.568E-6
2.239E-6
2.273E-6
3.101E-6
2.548E-6
2.357E-6
1.434E-6
2.732E-6
1.825E-6
3.204E-6
2.039E-6
1.1199E-5
1.956E-6
6.0963E-5
3.881E-6
5.815E-6
2.525E-6
2.145E-6
1.766E-6
5.446E-6
3.323E-6
2.264E-6
2.275E-6
2.577E-6
3.107E-6
5.353E-6
1.986E-6
3.817E-6
2.833E-6
4.46E-6
2.832E-6
5.739E-6
1.688E-6
2.24E-6
3.808E-6
3.174E-6
2.947E-6
2.277E-6
1.736E-6
3.115E-6
3.365E-6
3.152E-6
4.775E-6
3.387E-6
3.058E-6
3.794E-6
5.438E-6
4.202E-6
3.05E-6
5.054E-6
1.741E-6
4.377E-6
1.659E-6
3.088E-6
3.855E-6
1.588E-6
3.635E-6
4.946E-6
2.938E-6
2.741E-6
2.404E-6
3.545E-6
2.694E-6
2.131E-6
2.829E-6
2.509E-6
1.2532E-5
4.756E-6
1.666E-6
2.521E-6
2.755E-6
4.228E-6
3.408E-6
3.774E-6
5.886E-6
2.308E-6
3.964E-6
3.348E-6
2.096E-6
4.793E-6
1.837E-6
2.645E-6
3.186E-6
2.773E-6
3.223E-6
2.395E-6
3.119E-6
6.398E-6
1.615E-6
1.958E-6
2.204E-6
2.688E-6
5.108E-6
2.538E-6
2.843E-6
5.732E-6
3.054E-6
2.79E-6
6.404E-6
4.974E-6
2.504E-6
3.905E-6
1.492E-6
2.083E-6
4.248E-6
5.402E-6
4.336E-6
6.372E-6
1.968E-6
2.205E-6
1.646E-6
3.403E-6
2.375E-6
6.448E-6
2.747E-6
3.197E-6
6.518E-6
3.177E-6
1.622E-6
2.753E-6
2.451E-6
2.272E-6
2.31E-6
4.998E-6
2.492E-6
4.983E-6
2.204E-6
1.735E-6
2.999E-6
5.384E-6
2.633E-6
3.667E-6
4.886E-6
5.756E-6
3.323E-6
3.229E-6
6.195E-6
3.481E-6
2.905E-6
2.361E-6
6.253E-6
4.182E-6
2.678E-6
3.058E-6
9.022E-6
2.439E-6
1.698E-6
7.293E-6
1.637E-6
4.096E-6
2.375E-6
2.492E-6
2.157E-6
2.157E-6
2.777E-6
3.754E-6
2.252E-6
2.704E-6
2.154E-6
6.284E-6
3.474E-6
1.624E-6
2.653E-6
1.722E-6
2.166E-6
2.606E-6
3.506E-6
2.646E-6
2.917E-6
9.759E-6
4.143E-6
4.106E-6
2.338E-6
3.421E-6
1.75E-6
2.651E-6
3.504E-6
3.57E-6
2.142E-6
2.415E-6
1.567E-6
2.181E-6
3.6706E-5
5.535E-6
5.088E-6
3.404E-6
2.573E-6
5.554E-6
2.311E-6
2.9E-6
2.782E-6
2.651E-6
3.358E-6
2.328E-6
1.611E-6
1.977E-6
3.657E-6
2.002E-6
2.853E-6
2.428E-6
2.333E-6
3.632E-6
3.658E-6
1.992E-6
7.428E-6
2.765E-6
2.3E-6
3.623E-6
1.618E-6
3.571E-6
3.494E-6
3.289E-6
4.73E-6
7.024E-6
4.153E-6
2.933E-6
1.372E-6
6.134E-6
2.611E-6
2.989E-6
1.702E-6
9.696E-6
7.422E-6
2.57E-6
2.226E-6
4.58E-6
3.667E-6
3.665E-6
2.687E-6
2.686E-6
2.278E-6
4.093E-6
3.615E-6
1.801E-6
3.763E-6
3.602E-6
3.268E-6
2.3633E-5
4.701E-6
6.481E-6
3.777E-6
3.34E-6
2.272E-6
6.784E-6
2.821E-6
3.3E-6
2.744E-6
3.122E-6
6.63E-6
2.605E-6
3.61E-6
2.818E-6
3.186E-6
4.799E-6
1.7E-6
3.456E-6
6.286E-6
4.359E-6
3.346E-6
2.789E-6
3.533E-6
3.033E-6
2.487E-6
2.156E-6
3.599E-6
4.197E-6
3.232E-6
2.075E-6
2.364E-6
2.892E-6
3.7E-6
4.292E-6
2.422E-6
4.036E-6
3.18E-6
4.426E-6
3.368E-6
6.509E-6
3.592E-6
6.085E-6
5.631E-6
2.511E-6
6.703E-6
2.851E-6
2.251E-6
3.859E-6
1.718E-6
3.916E-6
2.286E-6
3.647E-6
7.356E-6
3.241E-6
2.568E-6
2.213E-6
2.548E-6
5.017E-6
2.672E-6
3.121E-6
1.594E-6
3.295E-6
2.597E-6
2.126E-6
4.114E-6
1.635E-6
2.332E-6
2.122E-6
6.894E-6
2.951E-6
2.203E-6
3.132E-6
1.517E-6
2.631E-6
1.723E-6
4.16E-6
3.821E-6
2.794E-6
2.158E-6
2.367E-6
2.975E-6
2.736E-6
3.966E-6
2.148E-6
2.613E-6
3.326E-6
3.711E-6
3.393E-6
3.95E-6
1.773E-6
2.588E-6
6.85E-6
2.884E-6
1.664E-6
2.95E-6
3.513E-6
5.824E-6
2.96E-6
3.729E-6
5.233E-6
1.695E-6
1.771E-6
2.564E-6
2.707E-6
1.809E-6
2.771E-6
3.362E-6
2.253E-6
4.595E-6
2.418E-6
4.055E-6
6.093E-6
3.218E-6
1.723E-6
2.267E-6
2.871E-6
4.201E-6
4.926E-6
2.698E-6
3.366E-6
1.689E-6
4.297E-6
1.847E-6
1.529E-6
6.136E-6
6.208E-6
3.239E-6
5.138E-6
3.21E-6
2.724E-6
4.045E-6
1.637E-6
4.241E-6
5.461E-6
4.992E-6
2.689E-6
2.441E-6
6.523E-6
4.721E-6
1.2076E-5
2.12E-6
1.968E-6
4.495E-6
5.815E-6
4.286E-6
4.784E-6
1.793E-6
1.753E-6
2.808E-6
3.121E-6
6.412E-6
3.2083E-5
3.211E-6
3.398E-6
2.956E-6
3.452E-6
1.744E-6
2.529E-6
2.745E-6
3.979E-6
2.661E-6
7.538E-6
2.898E-6
5.748E-6
2.592E-6
2.837E-6
4.438E-6
3.569E-6
1.634E-6
4.331E-6
3.176E-6
3.433E-6
3.406E-6
3.285E-6
3.462E-6
6.188E-6
5.552E-6
5.715E-6
2.101E-6
6.282E-6
3.482E-6
4.674E-6
4.539E-6
2.161E-6
4.172E-6
5.334E-6
3.646E-6
2.608E-6
1.756E-6
5.144E-6
2.813E-6
6.632E-6
4.561E-6
1.796E-6
4.111E-6
3.302E-6
4.462E-6
2.872E-6
4.034E-6
4.106E-6
1.806E-6
3.838E-6
1.96E-6
6.427E-6
2.49E-6
4.499E-6
3.103E-6
3.29E-6
2.574E-6
1.692E-6
2.719E-6
6.17E-6
1.842E-6
2.102E-6
2.719E-6
3.843E-6
3.076E-6
2.413E-6
2.233E-6
4.594E-6
3.482E-6
4.997E-6
2.627E-6
5.773E-6
2.945E-6
6.64E-6
1.956E-6
2.118E-6
4.642E-6
4.288E-6
2.373E-6
2.628E-6
3.692E-6
1.71E-6
3.836E-6
2.389E-6
2.438E-6
3.732E-6
2.671E-6
2.042E-6
2.762E-6
3.008E-6
2.477E-6
4.377E-6
2.83E-6
2.228E-6
5.84E-6
1.933E-6
3.395E-6
3.321E-6
2.648E-6
5.7E-6
3.993E-6
2.155E-6
4.048E-6
2.136E-6
5.711E-6
3.146E-6
2.285E-6
3.254E-6
1.843E-6
4.683E-6
6.173E-6
1.935E-6
5.235E-6
2.631E-6
4.83E-6
3.415E-6
2.612E-6
4.292E-6
2.681E-6
4.373E-6
1.713E-6
4.102E-6
4.506E-6
2.843E-6
1.703E-6
2.005E-6
4.098E-6
2.575E-6
2.641E-6
2.201E-6
3.555E-6
2.481E-6
2.07E-6
4.215E-6
1.722E-6
3.508E-6
4.317E-6
3.829E-6
2.809E-6
2.35E-6
3.524E-6
4.364E-6
2.727E-6
1.655E-6
2.365E-6
2.717E-6
3.567E-6
3.585E-6
2.541E-6
1.574E-6
3.327E-6
5.35E-6
1.941E-6
2.647E-6
1.988E-6
4.897E-6
2.689E-6
2.828E-6
1.521E-6
2.69E-6
2.803E-6
2.888E-6
3.892E-6
3.336E-6
2.828E-6
3.282E-6
1.538E-6
3.024E-6
5.966E-6
3.609E-6
3.156E-6
2.5E-6
3.262E-6
1.755E-6
2.757E-6
2.738E-6
1.899E-6
8.354E-6
2.889E-6
5.158E-6
4.659E-6
3.197E-6
6.828E-6
1.698E-6
4.153E-6
3.377E-6
5.156E-6
2.722E-6
3.555E-6
2.59E-6
4.227E-6
4.321E-6
2.904E-6
2.061E-6
2.72E-6
1.672E-6
3.314E-6
3.392E-6
5.34E-6
5.878E-6
2.697E-6
6.74E-6
3.98E-6
3.72E-6
4.616E-6
2.805E-6
2.089E-6
3.176E-6
1.637E-6
1.637E-6
6.353E-6
3.504E-6
3.574E-6
2.808E-6
3.305E-6
5.427E-6
1.91E-6
2.66E-6
3.987E-6
1.633E-6
1.692E-6
1.592E-6
3.131E-6
3.551E-6
2.971E-6
2.376E-6
1.789E-6
5.259E-6
2.511E-6
3.557E-6
2.745E-6
2.705E-6
2.398E-6
1.688E-6
2.793E-6
5.308E-6
1.6457E-5
3.17E-6
2.632E-6
3.831E-6
1.768E-6
1.0142E-5
4.309E-6
4.513E-6
1.803E-6
2.609E-6
2.946E-6
5.505E-6
3.465E-6
2.748E-6
3.041E-6
4.248E-6
2.171E-6
2.491E-6
3.392E-6
3.465E-6
1.781E-6
1.694E-6
3.16E-6
1.822E-6
2.519E-6
4.978E-6
2.936E-6
3.655E-6
2.785E-6
4.126E-6
1.597E-6
1.756E-6
3.259E-6
2.865E-6
2.615E-6
7.646E-6
6.428E-6
1.833E-6
2.906E-6
2.804E-6
2.587E-6
6.929E-6
4.155E-6
3.99E-6
6.488E-6
1.755E-6
1.875E-6
3.797E-6
2.777E-6
4.68E-6
3.313E-6
2.581E-6
5.662E-6
4.158E-6
4.02E-6
3.496E-6
3.333E-6
3.41E-6
5.818E-6
7.177E-6
1.843E-6
2.438E-6
2.726E-6
6.899E-6
2.647E-6
3.2E-6
2.483E-6
2.47E-6
5.953E-6
4.586E-6
3.858E-6
1.522E-6
4.557E-6
2.648E-6
4.081E-6
3.273E-6
5.428E-6
5.221E-6
2.965E-6
3.153E-6
4.701E-6
3.576E-6
2.573E-6
2.565E-6
2.73E-6
1.889E-6
4.616E-6
1.731E-6
3.074E-6
2.331E-6
2.655E-6
4.555E-6
1.573E-6
2.648E-6
2.822E-6
2.881E-6
2.563E-6
3.532E-6
1.676E-6
2.739E-6
4.368E-6
2.651E-6
4.3E-6
1.676E-6
2.583E-6
2.242E-6
2.342E-6
1.518E-6
6.474E-6
5.443E-6
2.098E-6
5.615E-6
2.546E-6
3.115E-6
3.119E-6
1.561E-6
4.61E-6
2.238E-6
2.493E-6
6.685E-6
4.063E-6
2.514E-6
2.659E-6
1.624E-6
2.916E-6
3.084E-6
2.146E-6
4.637E-6
3.053E-6
1.679E-6
4.075E-6
3.564E-6
3.898E-6
6.105E-6
3.48E-6
3.474E-6
2.617E-6
2.446E-6
5.042E-6
3.257E-6
2.232E-6
4.84E-6
1.701E-6
3.977E-6
2.699E-6
3.354E-6
2.765E-6
2.798E-6
4.032E-6
4.154E-6
1.571E-6
4.241E-6
2.572E-6
2.762E-6
2.038E-6
4.018E-6
4.483E-6
2.553E-6
4.173E-6
4.758E-6
4.489E-6
4.271E-6
4.5E-6
5.229E-6
2.965E-6
1.86E-6
4.02E-6
2.985E-6
3.878E-6
4.45E-6
2.412E-6
3.073E-6
2.584E-6
5.467E-6
3.205E-6
1.792E-6
2.494E-6
5.533E-6
2.453E-6
4.166E-6
2.251E-6
2.145E-6
2.613E-6
2.932E-6
2.78E-6
6.202E-6
5.721E-6
1.762E-6
5.218E-6
2.756E-6
3.033E-6
4.607E-6
3.926E-6
4.592E-6
2.161E-6
2.78E-6
3.828E-6
2.56E-6
2.99E-6
2.389E-6
3.555E-6
2.887E-6
2.808E-6
2.528E-6
5.983E-6
2.68E-6
2.093E-6
2.925E-6
1.882E-6
1.744E-6
6.366E-6
3.872E-6
3.694E-6
3.12E-6
4.863E-6
2.855E-6
4.354E-6
2.281E-6
3.262E-6
2.526E-6
3.352E-6
2.448E-6
2.958E-6
2.312E-6
4.216E-6
2.968E-6
2.269E-6
7.059E-6
3.628E-6
3.67E-6
5.282E-6
2.618E-6
5.137E-6
4.562E-6
3.7E-6
5.251E-6
3.878E-6
1.863E-6
2.811E-6
3.005E-6
6.63E-6
3.258E-6
4.34E-6
4.142E-6
1.68E-6
2.496E-6
3.187E-6
2.684E-6
1.75E-6
4.916E-6
2.675E-6
2.404E-6
2.872E-6
4.499E-6
2.672E-6
5.647E-6
2.628E-6
2.58E-6
4.728E-6
6.717E-6
2.667E-6
2.382E-6
4.372E-6
6.702E-6
2.822E-6
2.668E-6
3.376E-6
3.2E-6
2.889E-6
2.636E-6
2.269E-6
5.233E-6
2.033E-6
3.285E-6
2.541E-6
3.475E-6
4.609E-6
2.819E-6
2.057E-6
4.538E-6
4.665E-6
5.638E-6
2.706E-6
4.321E-6
3.2E-6
1.554E-6
1.761E-6
2.839E-6
2.021E-6
3.889E-6
1.703E-6
1.763E-6
3.083E-6
3.131E-6
2.188E-6
2.296E-6
3.24E-6
3.591E-6
2.279E-6
2.3016E-5
2.391E-6
8.429E-6
2.171E-6
1.986E-6
3.303E-6
2.158E-6
3.017E-6
6.073E-6
1.595E-6
1.454E-6
2.777E-6
3.734E-6
1.593E-6
3.478E-6
4.25E-6
2.477E-6
3.779E-6
1.629E-6
2.198E-6
5.184E-6
2.425E-6
2.377E-6
2.833E-6
1.482E-6
2.462E-6
4.21E-6
1.566E-6
1.974E-6
2.061E-6
2.655E-6
2.884E-6
3.018E-6
4.515E-6
1.577E-6
2.619E-6
2.43E-6
2.974E-6
3.445E-6
1.822E-6
3.2578E-5
3.418E-6
1.314E-6
1.426E-6
4.744E-6
1.804E-6
2.599E-6
2.194E-6
1.005E-6
1.364E-6
3.406E-6
9.89E-7
1.304E-6
2.42E-6
1.487E-6
2.348E-6
1.287E-6
2.624E-6
1.566E-6
1.249E-6
1.584E-6
1.403E-6
1.678E-6
1.75E-6
1.805E-6
2.919E-6
2.091E-6
1.025E-6
2.169E-6
1.245E-6
1.427E-6
1.196E-6
2.342E-6
3.294E-6
1.281E-6
2.419E-6
1.107E-6
1.605E-6
9.07E-7
1.041E-6
1.788E-6
1.308E-6
3.245E-6
1.018E-6
9.49E-7
1.573E-6
1.773E-6
1.439E-6
1.608E-6
2.972E-6
3.237E-6
1.552E-6
3.589E-6
1.425E-6
1.239E-6
1.35E-6
2.799E-6
2.513E-6
1.785E-6
9.6E-7
9.8E-7
1.022E-6
1.511E-6
1.673E-6
9.18E-7
1.024E-6
1.581E-6
1.417E-6
2.282E-6
3.605E-6
2.38E-6
2.284E-6
9.7E-7
3.594E-6
2.628E-6
1.601E-6
1.433E-6
2.545E-6
9.4E-7
3.529E-6
1.328E-6
1.967E-6
1.435E-6
1.737E-6
2.161E-6
1.854E-6
1.506E-6
1.609E-6
3.265E-6
2.216E-6
1.679E-6
2.165E-6
1.328E-6
2.815E-6
1.826E-6
8.86E-7
1.416E-6
2.308E-6
1.362E-6
1.981E-6
8.97E-7
1.696E-6
2.622E-6
1.224E-6
3.193E-6
9.83E-7
2.109E-6
1.542E-6
1.369E-6
1.83E-6
1.529E-6
1.752E-6
1.368E-6
9.87E-7
2.173E-6
1.316E-6
1.185E-6
1.527E-6
1.36E-6
1.512E-6
1.735E-6
1.935E-6
3.648E-6
2.406E-6
1.375E-6
2.433E-6
1.386E-6
1.858E-6
1.769E-6
2.337E-6
9.62E-7
1.545E-6
2.364E-6
1.817E-6
2.761E-6
1.381E-6
2.946E-6
2.107E-6
2.565E-6
1.484E-6
2.034E-6
9.46E-7
2.954E-6
1.472E-6
1.24E-6
2.324E-6
1.478E-6
1.496E-6
2.595E-6
3.374E-6
2.054E-6
1.533E-6
1.786E-6
3.479E-6
2.831E-6
2.595E-6
1.317E-6
1.25E-6
1.499E-6
1.011E-6
1.57E-6
3.23E-6
1.312E-6
2.507E-6
1.492E-6
1.25E-6
2.308E-6
1.441E-6
1.982E-6
1.817E-6
1.323E-6
1.392E-6
2.167E-6
2.686E-6
2.69E-6
2.129E-6
1.483E-6
1.214E-6
9.78E-7
1.359E-6
2.563E-6
1.368E-6
2.487E-6
2.095E-6
1.93E-6
2.393E-6
1.476E-6
1.258E-6
2.183E-6
1.188E-6
1.753E-6
2.078E-6
1.438E-6
1.693E-6
1.661E-6
8.83E-7
1.485E-6
1.369E-6
1.187E-6
2.118E-6
1.739E-6
2.16E-6
1.788E-6
3.083E-6
1.813E-6
2.707E-6
1.378E-6
1.876E-6
8.89E-7
1.379E-6
2.077E-6
9.37E-7
1.771E-6
2.02E-6
1.415E-6
3.318E-6
1.45E-6
1.161E-6
2.042E-6
1.786E-6
1.68E-6
1.84E-6
2.218E-6
1.354E-6
1.231E-6
2.338E-6
1.39E-6
3.413E-6
1.457E-6
1.187E-6
1.503E-6
2.533E-6
1.493E-6
1.189E-6
1.481E-6
1.821E-6
2.617E-6
9.22E-7
1.858E-6
1.409E-6
2.34E-6
2.593E-6
1.704E-6
3.113E-6
1.303E-6
1.44E-6
1.297E-6
1.636E-6
8.99E-7
2.475E-6
2.772E-6
2.93E-6
1.378E-6
1.305E-6
2.009E-6
9.78E-7
2.971E-6
1.481E-6
2.307E-6
9.09E-7
1.412E-6
1.556E-6
3.081E-6
2.096E-6
2.742E-6
1.442E-6
3.36E-6
1.464E-6
1.483E-6
1.448E-6
2.928E-6
2.447E-6
9.8E-7
1.674E-6
1.704E-6
9.57E-7
1.543E-6
6.642E-6
1.606E-6
1.994E-6
1.265E-6
2.318E-6
1.537E-6
1.685E-6
2.601E-6
3.096E-6
1.578E-6
1.266E-6
1.859E-6
1.427E-6
2.304E-6
1.43E-6
2.599E-6
1.377E-6
1.886E-6
2.718E-6
1.258E-6
1.825E-6
1.786E-6
1.372E-6
1.595E-6
1.925E-6
1.301E-6
1.124E-6
1.493E-6
2.168E-6
2.842E-6
2.34E-6
1.325E-6
2.978E-6
9.82E-7
2.498E-6
9.89E-7
1.632E-6
1.379E-6
1.299E-6
1.881E-6
1.696E-6
1.766E-6
1.418E-6
1.501E-6
1.885E-6
2.69E-6
3.201E-6
1.757E-6
1.391E-6
1.724E-6
9.44E-7
1.317E-6
1.166E-6
2.441E-6
3.224E-6
1.456E-6
1.284E-6
4.745E-6
1.727E-6
1.611E-6
2.606E-6
1.174E-6
1.407E-6
2.868E-6
1.552E-6
1.736E-6
2.154E-6
1.931E-6
1.716E-6
1.547E-6
1.679E-6
9.78E-7
1.159E-6
1.341E-6
1.016E-6
2.695E-6
1.324E-6
3.559E-6
2.328E-6
1.685E-6
1.547E-6
2.758E-6
1.615E-6
1.216E-6
1.979E-6
1.438E-6
1.334E-6
2.483E-6
9.37E-7
2.106E-6
2.373E-6
1.474E-6
1.954E-6
1.81E-6
2.052E-6
2.697E-6
2.774E-6
1.809E-6
1.661E-6
1.06E-6
2.23E-6
2.825E-6
1.69E-6
1.282E-6
9.19E-7
2.833E-6
1.573E-6
2.463E-6
1.887E-6
9.43E-7
1.614E-6
1.296E-6
2.189E-6
1.791E-6
2.123E-6
1.473E-6
2.758E-6
2.529E-6
2.525E-6
2.212E-6
1.761E-6
1.602E-6
2.757E-6
2.849E-6
1.543E-6
1.817E-6
4.45E-6
1.666E-6
3.526E-6
9.9E-7
2.179E-6
2.515E-6
2.15E-6
1.782E-6
9.24E-7
2.241E-6
9.16E-7
2.985E-6
1.415E-6
2.917E-6
2.652E-6
1.357E-6
1.807E-6
1.886E-6
1.558E-6
1.407E-6
2.245E-6
9.4E-7
1.205E-6
1.765E-6
1.386E-6
8.78E-7
1.308E-6
2.465E-6
1.792E-6
9.96E-7
4.666E-6
1.538E-6
1.773E-6
2.137E-6
2.561E-6
2.364E-6
1.979E-6
1.12E-6
1.349E-6
1.653E-6
2.714E-6
9.78E-7
2.849E-6
1.708E-6
2.252E-6
1.517E-6
2.942E-6
2.372E-6
1.547E-6
3.166E-6
1.867E-6
3.877E-6
1.481E-6
2.874E-6
1.471E-6
2.565E-6
2.202E-6
1.007E-6
1.646E-6
1.738E-6
9.73E-7
1.191E-6
1.852E-6
1.776E-6
8.81E-7
1.65E-6
1.234E-6
2.434E-6
1.579E-6
1.436E-6
2.426E-6
1.855E-6
1.53E-6
1.597E-6
1.843E-6
3.18E-6
2.027E-6
1.523E-6
1.569E-6
1.483E-6
2.238E-6
2.272E-6
9.45E-7
1.837E-6
3.14E-6
1.445E-6
2.136E-6
1.528E-6
1.827E-6
2.614E-6
1.142E-6
2.645E-6
1.404E-6
4.254E-6
1.244E-6
2.004E-6
1.511E-6
9.47E-7
1.399E-6
1.824E-6
1.839E-6
9.55E-7
1.726E-6
2.518E-6
3.852E-6
1.61E-6
1.312E-6
1.902E-6
1.942E-6
2.092E-6
2.098E-6
2.431E-6
1.358E-6
1.267E-6
1.614E-6
1.458E-6
2.351E-6
9.71E-7
1.531E-6
1.299E-6
1.887E-6
1.864E-6
1.892E-6
9.72E-7
1.04E-6
2.618E-6
1.527E-6
2.387E-6
1.46E-6
3.029E-6
2.227E-6
1.784E-6
1.638E-6
1.507E-6
1.787E-6
1.802E-6
