4.254E-6
1.687E-6
5.91E-7
9.56E-7
3.213E-6
1.758E-6
1.521E-6
7.34E-7
7.12E-7
1.679E-6
1.394E-6
9.73E-7
4.15E-7
4.8E-7
4.92E-7
9.59E-7
6.72E-7
1.016E-6
3.05E-7
8.18E-7
6.86E-7
6.67E-7
1.005E-6
8.02E-7
5.83E-7
3.47E-7
7.05E-7
2.56E-7
1.249E-6
8.55E-7
4.48E-7
1.298E-6
2.21E-7
6.55E-7
4.43E-7
6.16E-7
5.96E-7
2.57E-7
3.78E-7
5.82E-7
3.48E-7
4.06E-7
6.44E-7
3.76E-7
6.48E-7
5.07E-7
7.06E-7
1.198E-6
3.43E-7
8.84E-7
2.86E-7
5.44E-7
4.56E-7
8.06E-7
5.26E-7
2.95E-7
3.54E-7
6.46E-7
3.62E-7
6.72E-7
7.14E-7
3.93E-7
3.67E-7
4.68E-7
7.2E-7
5.18E-7
1.001E-6
8.99E-7
2.73E-7
4.43E-7
2.53E-7
8.07E-7
7.78E-7
3.0E-7
3.36E-7
7.69E-7
3.99E-7
7.85E-7
2.48E-7
8.01E-7
3.8E-7
6.72E-7
6.1E-7
8.45E-7
5.2E-7
2.35E-7
3.87E-7
4.54E-7
2.38E-7
4.66E-7
3.94E-7
4.52E-7
1.032E-6
5.08E-7
3.69E-7
3.77E-7
3.9E-7
4.92E-7
3.22E-7
3.16E-7
5.31E-7
3.37E-7
8.11E-7
3.44E-7
3.18E-7
8.69E-7
2.73E-7
7.48E-7
8.21E-7
2.79E-7
8.67E-7
5.65E-7
3.02E-7
2.71E-7
8.52E-7
7.01E-7
7.25E-7
3.37E-7
4.99E-7
2.31E-7
2.48E-7
7.89E-7
6.26E-7
7.55E-7
3.67E-7
4.11E-7
4.27E-7
2.27E-7
6.04E-7
3.45E-7
3.98E-7
2.92E-7
5.61E-7
4.74E-7
2.85E-7
3.08E-7
4.9E-7
4.48E-7
3.07E-7
4.6E-7
3.84E-7
2.88E-7
3.99E-7
4.96E-7
2.6E-7
6.65E-7
4.69E-7
4.65E-7
3.27E-7
5.99E-7
3.83E-7
3.31E-7
6.51E-7
4.13E-7
4.49E-7
5.01E-7
3.09E-7
4.66E-7
6.33E-7
5.36E-7
2.96E-7
2.98E-7
9.15E-7
3.02E-7
3.1E-7
4.6E-7
3.09E-7
4.53E-7
6.44E-7
3.85E-7
9.95E-7
3.93E-7
2.87E-7
4.03E-7
5.56E-7
5.03E-7
2.55E-7
3.5E-7
9.96E-7
3.76E-7
3.16E-7
5.14E-7
3.07E-7
5.45E-7
5.66E-7
4.58E-7
2.57E-7
5.31E-7
4.58E-7
3.52E-7
3.96E-7
3.89E-7
1.018E-6
7.2E-7
3.17E-7
4.38E-7
5.55E-7
2.5E-7
2.67E-7
4.19E-7
3.23E-7
9.73E-7
4.68E-7
1.407E-6
5.23E-7
1.373E-6
5.11E-7
5.16E-7
1.185E-6
8.22E-7
4.6E-7
3.9E-7
3.96E-7
6.18E-7
4.78E-7
5.6E-7
6.21E-7
2.89E-7
5.44E-7
2.52E-7
5.43E-7
3.2E-7
3.62E-7
6.37E-7
2.98E-7
5.21E-7
8.96E-7
5.39E-7
3.29E-7
2.19E-7
4.78E-7
4.01E-7
4.56E-7
8.0E-7
2.65E-7
2.83E-7
4.43E-7
4.35E-7
7.4E-7
4.54E-7
3.91E-7
3.22E-7
4.71E-7
5.12E-7
5.83E-7
2.62E-7
5.54E-7
4.49E-7
4.02E-7
7.23E-7
2.32E-7
5.25E-7
2.89E-7
2.86E-7
2.71E-7
3.45E-7
5.18E-7
3.23E-7
3.35E-7
6.86E-7
2.55E-7
5.29E-7
3.22E-7
5.11E-7
4.35E-7
6.1E-7
4.04E-7
5.66E-7
3.63E-7
6.91E-7
3.12E-7
4.04E-7
9.32E-7
9.91E-7
3.02E-7
3.03E-7
2.78E-7
9.71E-7
2.34E-7
3.2E-7
6.1E-7
8.13E-7
2.77E-7
5.18E-7
3.95E-7
3.83E-7
5.48E-7
3.48E-7
2.84E-7
4.75E-7
3.02E-7
5.42E-7
2.79E-7
8.65E-7
2.92E-7
3.25E-7
3.67E-7
4.53E-7
2.34E-7
4.63E-7
3.45E-7
4.4E-7
5.66E-7
2.32E-7
2.48E-7
4.18E-7
2.36E-7
3.05E-7
5.67E-7
5.81E-7
2.88E-7
7.24E-7
2.81E-7
7.46E-7
8.58E-7
2.47E-7
3.12E-7
3.34E-7
2.62E-7
4.3E-7
5.25E-7
3.45E-7
3.76E-7
5.13E-7
2.88E-7
6.31E-7
3.26E-7
7.47E-7
4.07E-7
3.17E-7
6.45E-7
2.81E-7
3.47E-7
5.66E-7
5.08E-7
3.4E-7
3.09E-7
4.97E-7
3.15E-7
5.27E-7
2.35E-7
2.42E-7
3.42E-7
3.1E-7
4.29E-7
2.35E-7
3.65E-7
5.23E-7
2.41E-7
2.96E-7
5.06E-7
2.39E-7
5.54E-7
3.05E-7
5.54E-7
4.83E-7
2.39E-7
3.38E-7
6.77E-7
4.46E-7
2.35E-7
3.33E-7
4.46E-7
2.8E-7
5.32E-7
3.87E-7
6.9E-7
2.26E-7
6.44E-7
2.97E-7
3.12E-7
4.24E-7
5.17E-7
3.65E-7
1.599E-6
3.18E-7
7.64E-7
5.71E-7
8.32E-7
3.51E-7
3.2E-7
4.28E-7
4.15E-7
3.03E-7
6.51E-7
3.3E-7
3.52E-7
5.36E-7
3.56E-7
3.92E-7
6.99E-7
3.17E-7
7.62E-7
6.17E-7
2.53E-7
5.5E-7
4.87E-7
2.81E-7
4.18E-7
3.06E-7
4.47E-7
4.12E-7
3.13E-7
4.0E-7
6.86E-7
3.66E-7
3.4E-7
4.86E-7
2.84E-7
4.1E-7
5.19E-7
3.88E-7
3.35E-7
2.88E-7
3.05E-7
3.07E-7
3.37E-7
2.29E-7
6.05E-7
2.94E-7
4.21E-7
3.08E-7
3.57E-7
4.09E-7
4.3E-7
4.08E-7
3.8E-7
7.14E-7
5.93E-7
3.99E-7
5.15E-7
3.51E-7
4.26E-7
2.9E-7
5.35E-7
2.36E-7
3.29E-7
5.42E-7
2.83E-7
4.6E-7
3.02E-7
3.2E-7
4.48E-7
3.9E-7
2.89E-7
5.58E-7
4.69E-7
2.64E-7
2.71E-7
6.12E-7
2.73E-7
3.99E-7
5.63E-7
4.18E-7
3.48E-7
5.11E-7
2.46E-7
3.94E-7
3.84E-7
3.21E-7
4.5E-7
3.41E-7
3.02E-7
3.12E-7
3.04E-7
5.65E-7
7.41E-7
6.57E-7
3.16E-7
3.9E-7
4.82E-7
3.17E-7
3.44E-7
3.91E-7
3.27E-7
4.93E-7
3.17E-7
5.9E-7
1.112E-6
4.93E-7
2.95E-7
4.75E-7
2.79E-7
4.43E-7
3.58E-7
5.34E-7
3.4E-7
3.87E-7
6.93E-7
4.73E-7
3.16E-7
4.55E-7
2.81E-7
5.36E-7
4.38E-7
6.02E-7
3.18E-7
2.84E-7
4.46E-7
2.39E-7
6.83E-7
3.6E-7
5.19E-7
2.99E-7
3.16E-7
3.69E-7
5.0E-7
3.28E-7
5.17E-7
3.14E-7
5.2E-7
2.59E-7
4.77E-7
4.95E-7
3.27E-7
2.99E-7
4.77E-7
3.28E-7
5.37E-7
2.42E-7
4.65E-7
5.22E-7
2.34E-7
5.69E-7
4.85E-7
2.87E-7
2.81E-7
3.95E-7
6.84E-7
4.72E-7
3.72E-7
3.16E-7
6.95E-7
7.52E-7
6.82E-7
2.59E-7
3.95E-7
4.88E-7
3.42E-7
5.51E-7
5.35E-7
5.18E-7
2.38E-7
4.04E-7
2.9E-7
4.33E-7
4.87E-7
3.31E-7
3.55E-7
3.76E-7
3.36E-7
2.91E-7
4.01E-7
3.45E-7
3.96E-7
2.7E-7
5.74E-7
3.11E-7
4.35E-7
2.76E-7
2.8E-7
2.88E-7
5.02E-7
3.58E-7
2.71E-7
5.71E-7
7.29E-7
3.0E-7
5.78E-7
3.92E-7
6.11E-7
3.14E-7
5.0E-7
7.35E-7
5.43E-7
2.77E-7
2.64E-7
6.46E-7
4.2E-7
4.07E-7
6.14E-7
7.94E-7
3.43E-7
4.42E-7
3.02E-7
4.53E-7
5.24E-7
3.12E-7
3.51E-7
5.16E-7
4.77E-7
3.27E-7
4.25E-7
2.39E-7
5.85E-7
2.6E-7
4.75E-7
5.19E-7
2.52E-7
4.91E-7
4.56E-7
3.69E-7
5.98E-7
3.16E-7
4.86E-7
3.19E-7
3.01E-7
4.15E-7
2.64E-7
4.36E-7
5.83E-7
2.49E-7
3.66E-7
3.58E-7
5.39E-7
3.82E-7
4.64E-7
5.69E-7
3.22E-7
5.25E-7
3.19E-7
3.07E-7
5.82E-7
2.86E-7
3.16E-7
6.98E-7
3.14E-7
3.1E-7
4.83E-7
3.36E-7
7.13E-7
3.17E-7
2.84E-7
4.19E-7
3.25E-7
4.56E-7
4.43E-7
3.79E-7
5.33E-7
4.07E-7
3.39E-7
5.49E-7
5.27E-7
2.67E-7
7.34E-7
3.37E-7
3.35E-7
3.52E-7
6.54E-7
5.01E-7
4.08E-7
2.67E-7
5.82E-7
2.27E-7
3.37E-7
2.76E-7
4.1E-7
3.11E-7
3.09E-7
5.94E-7
6.11E-7
2.85E-7
3.5E-7
3.34E-7
3.69E-7
2.71E-7
4.82E-7
3.74E-7
5.37E-7
2.81E-7
2.9E-7
4.15E-7
5.2E-7
3.46E-7
4.78E-7
5.47E-7
5.99E-7
3.28E-7
5.59E-7
4.14E-7
3.87E-7
7.63E-7
3.26E-7
5.6E-7
7.93E-7
2.48E-7
5.49E-7
4.25E-7
2.87E-7
3.26E-7
6.17E-7
2.29E-7
5.69E-7
2.65E-7
4.28E-7
3.53E-7
7.33E-7
2.95E-7
5.99E-7
3.08E-7
3.09E-7
6.07E-7
1.203E-6
3.85E-7
3.81E-7
6.27E-7
2.6E-7
3.76E-7
3.95E-7
3.82E-7
2.7E-7
8.15E-7
4.42E-7
4.25E-7
5.39E-7
3.0E-7
4.1E-7
2.29E-7
3.22E-7
4.12E-7
3.71E-7
3.04E-7
3.99E-7
2.8E-7
3.28E-7
4.03E-7
3.52E-7
5.55E-7
3.15E-7
2.37E-7
3.51E-7
2.9E-7
4.68E-7
6.21E-7
5.27E-7
5.65E-7
3.74E-7
3.42E-7
3.04E-7
9.15E-7
3.21E-7
6.04E-7
3.71E-7
5.61E-7
5.7E-7
4.2E-7
3.2E-7
5.88E-7
2.23E-7
3.18E-7
5.17E-7
2.33E-7
5.79E-7
4.15E-7
4.2E-7
4.31E-7
5.02E-7
4.57E-7
4.12E-7
4.76E-7
4.44E-7
2.54E-7
4.45E-7
2.35E-7
3.99E-7
4.41E-7
3.06E-7
2.46E-7
4.92E-7
3.71E-7
3.79E-7
7.52E-7
2.43E-7
3.07E-7
6.83E-7
6.83E-7
2.4E-7
5.21E-7
3.31E-7
3.64E-7
1.025E-6
5.12E-7
5.44E-7
3.42E-7
7.41E-7
2.87E-7
3.55E-7
2.89E-7
3.93E-7
2.37E-7
3.32E-7
6.63E-7
2.77E-7
3.73E-7
2.86E-7
5.57E-7
5.04E-7
2.95E-7
5.89E-7
5.78E-7
4.63E-7
4.41E-7
3.17E-7
4.11E-7
5.48E-7
2.63E-7
3.2E-7
3.94E-7
4.02E-7
6.67E-7
3.41E-7
3.04E-7
3.25E-7
3.85E-7
3.65E-7
3.26E-7
6.19E-7
4.41E-7
5.14E-7
3.18E-7
6.78E-7
3.08E-7
5.66E-7
4.81E-7
2.82E-7
4.01E-7
2.2E-7
2.63E-7
5.13E-7
4.4E-7
3.96E-7
2.77E-7
7.19E-7
8.03E-7
3.47E-7
5.25E-7
2.79E-7
3.47E-7
6.29E-7
3.89E-7
3.67E-7
4.04E-7
3.17E-7
5.67E-7
2.94E-7
4.18E-7
2.88E-7
3.66E-7
2.76E-7
3.99E-7
2.95E-7
2.66E-7
4.08E-7
2.32E-7
3.02E-7
2.77E-7
4.94E-7
7.66E-7
2.35E-7
3.34E-7
3.4E-7
3.49E-7
3.37E-7
4.47E-7
3.5E-7
5.0E-7
3.23E-7
4.29E-7
4.39E-7
5.04E-7
3.0E-7
3.35E-7
3.68E-7
4.06E-7
3.56E-7
3.54E-7
5.21E-7
4.45E-7
3.69E-7
5.31E-7
4.98E-7
2.44E-7
2.9E-7
3.3E-7
7.92E-7
3.37E-7
6.11E-7
5.19E-7
2.79E-7
8.29E-7
2.7E-7
3.94E-7
4.96E-7
3.55E-7
3.68E-7
3.51E-7
4.07E-7
4.73E-7
5.02E-7
2.38E-7
4.6E-7
2.26E-7
4.09E-7
2.87E-7
2.88E-7
4.07E-7
4.8E-7
2.99E-7
4.35E-7
3.97E-7
3.57E-7
5.81E-7
2.28E-7
5.04E-7
5.97E-7
4.18E-7
2.91E-7
2.2E-7
4.13E-7
8.58E-7
7.3E-7
2.96E-7
2.75E-7
4.42E-7
2.72E-7
4.59E-7
4.05E-7
2.16E-7
3.45E-7
5.13E-7
4.14E-7
3.51E-7
8.43E-7
3.51E-7
6.25E-7
2.71E-7
4.28E-7
3.19E-7
4.14E-7
3.26E-7
5.78E-7
3.62E-7
9.92E-7
2.83E-7
3.82E-7
4.09E-7
2.43E-7
3.47E-7
4.91E-7
2.14E-7
7.48E-7
4.44E-7
3.04E-7
3.62E-7
6.11E-7
7.24E-7
5.66E-7
5.9E-7
4.62E-7
2.13E-7
3.9E-7
3.27E-7
5.26E-7
4.89E-7
2.99E-7
3.43E-7
7.45E-7
3.14E-7
3.5E-7
2.9E-7
3.93E-7
2.32E-7
3.3E-7
4.65E-7
3.51E-7
4.15E-7
5.58E-7
4.36E-7
3.01E-7
3.29E-7
8.33E-7
2.33E-7
5.57E-7
3.22E-7
4.89E-7
2.9E-7
6.36E-7
8.85E-7
3.61E-7
2.99E-7
2.89E-7
3.92E-7
9.37E-7
5.79E-7
5.12E-7
2.96E-7
5.0E-7
3.72E-7
3.18E-7
3.76E-7
4.65E-7
3.09E-7
4.94E-7
3.56E-7
3.6E-7
2.43E-7
3.62E-7
2.83E-7
3.13E-7
3.29E-7
5.01E-7
2.58E-7
2.99E-7
4.44E-7
2.53E-7
3.96E-7
2.56E-7
3.41E-7
4.48E-7
4.59E-7
2.8E-7
4.92E-7
3.45E-7
2.94E-7
5.12E-7
3.78E-7
2.15E-7
4.37E-7
3.55E-7
5.42E-7
3.56E-7
3.94E-7
5.24E-7
4.47E-7
5.48E-7
5.32E-7
3.82E-7
4.88E-7
2.54E-7
3.34E-7
3.88E-7
2.8E-7
4.45E-7
5.81E-7
2.19E-7
5.06E-7
3.67E-7
5.81E-7
4.05E-7
2.47E-7
4.78E-7
5.38E-7
6.15E-7
3.05E-7
4.77E-7
5.22E-7
4.06E-7
2.25E-7
4.24E-7
4.61E-7
2.67E-7
6.94E-7
3.5E-7
5.18E-7
2.46E-7
3.3E-7
6.68E-7
3.17E-7
9.93E-7
5.21E-7
4.65E-7
5.02E-7
3.46E-7
4.57E-7
7.7E-7
3.89E-7
2.79E-7
3.0E-7
8.85E-7
6.93E-7
5.7E-7
4.0E-7
3.06E-7
3.89E-7
4.29E-7
8.0E-7
2.75E-7
2.58E-7
6.88E-7
4.19E-7
3.91E-7
2.92E-7
3.09E-7
4.39E-7
3.3E-7
5.18E-7
4.19E-7
3.57E-7
4.35E-7
1.181E-6
3.62E-7
5.24E-7
4.37E-7
3.19E-7
4.14E-7
5.89E-7
2.52E-7
3.58E-7
3.03E-7
3.53E-7
6.15E-7
5.26E-7
4.3E-7
6.58E-7
4.87E-7
5.39E-7
5.94E-7
3.51E-7
3.05E-7
3.76E-7
2.35E-7
5.32E-7
5.66E-7
4.23E-7
5.51E-7
3.24E-7
3.05E-7
5.68E-7
2.15E-7
3.15E-7
2.96E-7
6.83E-7
5.31E-7
3.29E-7
5.84E-7
7.73E-7
3.11E-7
6.49E-7
2.37E-7
3.12E-7
4.13E-7
2.19E-7
2.86E-7
5.61E-7
3.21E-7
5.36E-7
2.29E-7
3.9E-7
4.27E-7
3.27E-7
4.08E-7
4.45E-7
2.6E-7
2.79E-7
3.33E-7
4.12E-7
4.32E-7
3.36E-7
3.27E-7
2.7E-7
3.77E-7
3.3E-7
6.07E-7
2.7E-7
3.41E-7
5.05E-7
2.77E-7
2.88E-7
4.93E-7
4.02E-7
6.9E-7
2.37E-7
4.28E-7
2.83E-7
3.44E-7
4.72E-7
3.29E-7
5.14E-7
3.4E-7
4.46E-7
9.22E-7
2.87E-7
2.59E-7
4.2E-7
6.79E-7
3.13E-7
2.89E-7
8.55E-7
4.13E-7
4.35E-7
2.37E-7
3.16E-7
3.39E-7
3.99E-7
5.94E-7
4.86E-7
6.4E-7
2.78E-7
5.17E-7
2.05E-7
2.79E-7
6.51E-7
2.97E-7
2.98E-7
1.124E-6
5.62E-7
2.92E-7
3.9E-7
3.66E-7
3.1E-7
5.33E-7
5.82E-7
5.12E-7
4.26E-7
2.74E-7
2.81E-7
6.03E-7
5.65E-7
4.43E-7
3.47E-7
4.67E-7
3.5E-7
4.63E-7
5.84E-7
3.64E-7
3.11E-7
4.01E-7
1.057E-6
5.35E-7
3.39E-7
3.41E-7
3.21E-7
5.05E-7
3.23E-7
6.41E-7
3.38E-7
2.72E-7
5.21E-7
3.36E-7
8.2E-7
2.34E-7
4.63E-7
2.35E-7
4.86E-7
3.04E-7
3.63E-7
4.75E-7
3.68E-7
2.9E-7
4.29E-7
4.68E-7
7.17E-7
3.1E-7
4.04E-7
2.31E-7
4.75E-7
2.81E-7
4.46E-7
2.77E-7
3.24E-7
5.86E-7
2.61E-7
2.95E-7
3.53E-7
4.32E-7
2.68E-7
4.48E-7
2.89E-7
3.49E-7
4.39E-7
3.31E-7
5.54E-7
2.22E-7
2.83E-7
3.38E-7
3.77E-7
2.78E-7
3.4E-7
3.59E-7
2.83E-7
6.41E-7
2.87E-7
3.81E-7
3.65E-7
3.96E-7
5.27E-7
3.71E-7
5.36E-7
4.25E-7
5.61E-7
2.84E-7
8.91E-7
2.69E-7
6.02E-7
3.24E-7
2.82E-7
5.5E-7
3.58E-7
3.5E-7
4.7E-7
3.9E-7
4.24E-7
5.38E-7
3.17E-7
4.33E-7
2.39E-7
3.07E-7
7.36E-7
7.41E-7
3.62E-7
4.01E-7
2.18E-7
3.52E-7
3.93E-7
3.3E-7
4.58E-7
2.94E-7
6.13E-7
5.82E-7
2.74E-7
3.19E-7
3.55E-7
3.0E-7
3.09E-7
4.84E-7
4.71E-7
2.85E-7
4.48E-7
4.83E-7
5.2E-7
5.85E-7
5.65E-7
3.67E-7
3.42E-7
6.1E-7
4.72E-7
4.93E-7
4.23E-7
4.55E-7
3.28E-7
4.02E-7
2.47E-7
4.87E-7
4.78E-7
2.95E-7
3.49E-7
5.7E-7
3.03E-7
5.89E-7
3.18E-7
4.31E-7
2.87E-7
4.12E-7
2.89E-7
3.85E-7
6.28E-7
2.68E-7
3.52E-7
4.23E-7
3.49E-7
3.45E-7
5.25E-7
5.09E-7
2.78E-7
3.12E-7
3.62E-7
3.07E-7
5.42E-7
2.7E-7
5.65E-7
5.52E-7
2.73E-7
3.64E-7
7.28E-7
3.23E-7
3.38E-7
4.37E-7
2.83E-7
2.76E-7
5.12E-7
5.8E-7
3.11E-7
3.64E-7
4.41E-7
3.52E-7
4.25E-7
3.06E-7
6.83E-7
3.0E-7
5.22E-7
3.78E-7
3.72E-7
3.02E-7
4.51E-7
2.9E-7
3.34E-7
4.26E-7
4.34E-7
1.329E-6
4.14E-7
3.27E-7
3.92E-7
7.36E-7
4.18E-7
5.36E-7
4.18E-7
2.9E-7
4.18E-7
3.99E-7
4.69E-7
3.17E-7
8.67E-7
3.81E-7
3.93E-7
3.6E-7
3.77E-7
3.51E-7
3.38E-7
6.84E-7
4.11E-7
3.14E-7
3.89E-7
2.42E-7
3.79E-7
1.058E-6
3.19E-7
4.82E-7
4.69E-7
7.74E-7
2.94E-7
3.15E-7
4.96E-7
4.61E-7
4.1E-7
4.57E-7
3.77E-7
3.97E-7
7.35E-7
2.53E-7
3.08E-7
5.85E-7
3.06E-7
7.79E-7
3.44E-7
3.15E-7
5.71E-7
2.83E-7
2.77E-7
6.81E-7
4.57E-7
5.58E-7
3.89E-7
4.06E-7
3.5E-7
2.82E-7
3.34E-7
4.96E-7
3.48E-7
4.2E-7
2.33E-7
3.17E-7
4.48E-7
6.87E-7
2.49E-7
2.86E-7
4.77E-7
4.91E-7
2.37E-7
3.22E-7
2.83E-7
4.08E-7
2.82E-7
3.51E-7
4.82E-7
2.35E-7
4.15E-7
3.89E-7
2.26E-7
3.46E-7
4.1E-7
4.35E-7
3.2E-7
4.17E-7
4.69E-7
3.36E-7
5.59E-7
2.34E-7
3.17E-7
3.64E-7
2.79E-7
3.99E-7
3.62E-7
3.74E-7
3.34E-7
4.02E-7
2.7E-7
2.63E-7
2.63E-7
5.55E-7
3.86E-7
5.26E-7
4.45E-7
2.83E-7
2.31E-7
3.48E-7
3.3E-7
5.82E-7
2.89E-7
2.78E-7
3.56E-7
2.3E-7
2.77E-7
4.93E-7
4.59E-7
3.2E-7
3.93E-7
2.79E-7
7.34E-7
3.48E-7
2.31E-7
3.28E-7
4.3E-7
3.27E-7
4.0E-7
3.23E-7
4.86E-7
3.06E-7
3.1E-7
4.09E-7
3.01E-7
7.02E-7
4.44E-7
3.47E-7
6.7E-7
7.22E-7
2.8E-7
3.32E-7
3.32E-7
5.59E-7
2.99E-7
4.44E-7
4.07E-7
3.48E-7
7.49E-7
2.55E-7
3.08E-7
3.34E-7
3.55E-7
4.46E-7
3.02E-7
8.28E-7
2.41E-7
2.94E-7
4.01E-7
3.46E-7
2.38E-7
2.92E-7
5.18E-7
5.18E-7
2.3E-7
4.85E-7
3.13E-7
3.07E-7
5.11E-7
4.59E-7
4.02E-7
4.0E-7
3.61E-7
3.38E-7
3.35E-7
2.77E-7
3.92E-7
2.18E-7
2.76E-7
8.08E-7
3.36E-7
4.8E-7
4.37E-7
6.52E-7
5.4E-7
2.28E-7
4.45E-7
4.95E-7
3.14E-7
2.45E-7
6.69E-7
2.31E-7
7.7E-7
3.58E-7
5.84E-7
3.53E-7
3.52E-7
5.22E-7
3.85E-7
3.65E-7
6.01E-7
4.64E-7
4.19E-7
3.34E-7
6.4E-7
3.43E-7
4.36E-7
3.88E-7
3.97E-7
2.52E-7
5.42E-7
3.27E-7
6.82E-7
2.2E-7
4.92E-7
4.26E-7
3.62E-7
4.84E-7
2.25E-7
5.21E-7
3.6E-7
2.99E-7
3.18E-7
3.71E-7
3.51E-7
3.23E-7
2.51E-7
4.44E-7
8.34E-7
3.02E-7
3.56E-7
3.21E-7
3.19E-7
4.7E-7
3.76E-7
5.4E-7
9.34E-7
3.24E-7
4.65E-7
2.47E-7
7.94E-7
5.25E-7
4.28E-7
4.71E-7
3.22E-7
3.31E-7
7.08E-7
4.99E-7
3.1E-7
6.54E-7
3.31E-7
4.25E-7
2.78E-7
4.26E-7
2.76E-7
5.3E-7
2.33E-7
3.13E-7
4.85E-7
3.46E-7
3.44E-7
4.14E-7
4.96E-7
4.73E-7
2.92E-7
3.2E-7
5.39E-7
4.08E-7
4.47E-7
2.75E-7
3.46E-7
2.62E-7
2.27E-7
4.1E-7
3.74E-7
3.05E-7
5.19E-7
6.02E-7
3.38E-7
6.46E-7
3.1E-7
3.48E-7
3.97E-7
3.07E-7
3.51E-7
4.09E-7
4.31E-7
5.3E-7
4.83E-7
2.67E-7
2.87E-7
3.34E-7
3.1E-7
4.13E-7
2.76E-7
6.25E-7
4.78E-7
4.52E-7
4.76E-7
2.28E-7
3.18E-7
4.55E-7
2.87E-7
3.27E-7
4.69E-7
5.54E-7
4.34E-7
3.4E-7
4.16E-7
4.39E-7
2.72E-7
3.26E-7
4.74E-7
3.29E-7
5.09E-7
4.1E-7
4.71E-7
3.12E-7
5.14E-7
2.76E-7
4.24E-7
2.81E-7
7.86E-7
4.11E-7
2.94E-7
3.09E-7
5.27E-7
3.01E-7
8.19E-7
3.31E-7
3.48E-7
6.48E-7
3.34E-7
5.1E-7
5.25E-7
5.52E-7
2.9E-7
2.92E-7
3.53E-7
3.26E-7
4.96E-7
2.71E-7
2.8E-7
3.18E-7
4.89E-7
2.37E-7
3.88E-7
4.27E-7
3.63E-7
5.53E-7
2.88E-7
4.62E-7
2.35E-7
7.66E-7
4.37E-7
3.32E-7
7.06E-7
3.12E-7
2.75E-7
2.71E-7
4.03E-7
2.36E-7
6.0E-7
3.22E-7
4.8E-7
2.7E-7
2.75E-7
5.55E-7
2.38E-7
3.78E-7
2.36E-7
3.38E-7
2.24E-7
2.35E-7
2.97E-7
5.65E-7
4.84E-7
4.97E-7
2.37E-7
4.12E-7
2.81E-7
2.93E-7
6.59E-7
6.27E-7
3.15E-7
3.34E-7
4.02E-7
6.9E-7
2.84E-7
3.34E-7
4.76E-7
3.42E-7
4.12E-7
2.77E-7
4.73E-7
3.15E-7
6.37E-7
5.22E-7
4.49E-7
2.54E-7
3.52E-7
4.36E-7
3.19E-7
3.85E-7
3.82E-7
5.16E-7
3.74E-7
3.71E-7
4.67E-7
3.17E-7
3.7E-7
3.07E-7
4.29E-7
4.49E-7
4.42E-7
3.82E-7
5.64E-7
3.13E-7
3.42E-7
4.14E-7
7.42E-7
2.83E-7
5.1E-7
2.82E-7
3.95E-7
2.89E-7
3.1E-7
3.53E-7
2.9E-7
8.18E-7
3.24E-7
3.46E-7
4.12E-7
3.53E-7
3.8E-7
1.01E-6
3.89E-7
4.15E-7
3.17E-7
4.13E-7
2.83E-7
2.77E-7
2.59E-7
3.68E-7
4.25E-7
2.3E-7
3.11E-7
4.13E-7
2.34E-7
3.07E-7
6.94E-7
2.82E-7
3.72E-7
6.36E-7
3.98E-7
4.29E-7
5.9E-7
4.81E-7
3.41E-7
2.37E-7
4.29E-7
2.84E-7
2.9E-7
3.77E-7
2.35E-7
7.48E-7
3.59E-7
3.24E-7
4.76E-7
3.95E-7
2.9E-7
6.42E-7
3.87E-7
3.37E-7
4.57E-7
2.78E-7
2.99E-7
5.04E-7
2.84E-7
4.9E-7
4.19E-7
3.18E-7
3.18E-7
3.39E-7
4.02E-7
3.45E-7
4.81E-7
4.7E-7
4.75E-7
4.36E-7
4.75E-7
4.41E-7
3.23E-7
2.97E-7
2.81E-7
4.19E-7
2.66E-7
5.67E-7
4.89E-7
2.38E-7
4.24E-7
3.82E-7
5.06E-7
3.33E-7
5.44E-7
2.39E-7
5.2E-7
4.8E-7
5.7E-7
5.22E-7
3.82E-7
3.95E-7
5.51E-7
3.83E-7
2.7E-7
3.98E-7
4.48E-7
4.07E-7
3.75E-7
3.34E-7
4.8E-7
3.64E-7
3.9E-7
3.67E-7
2.29E-7
6.4E-7
2.27E-7
4.82E-7
3.54E-7
6.88E-7
6.64E-7
2.69E-7
3.19E-7
4.04E-7
3.74E-7
3.28E-7
3.7E-7
2.89E-7
3.47E-7
3.74E-7
8.05E-7
2.51E-7
7.18E-7
5.58E-7
3.92E-7
3.32E-7
6.21E-7
4.46E-7
3.12E-7
4.85E-7
3.78E-7
4.2E-7
3.39E-7
3.19E-7
2.73E-7
3.36E-7
4.35E-7
2.58E-7
3.88E-7
3.23E-7
4.79E-7
2.91E-7
4.47E-7
4.74E-7
2.35E-7
7.66E-7
7.0E-7
6.5E-7
2.55E-7
4.55E-7
2.38E-7
4.82E-7
5.1E-7
2.9E-7
3.8E-7
3.03E-7
2.93E-7
3.55E-7
3.59E-7
3.85E-7
2.22E-7
3.18E-7
3.7E-7
4.98E-7
4.24E-7
3.15E-7
4.39E-7
3.82E-7
3.16E-7
2.87E-7
3.49E-7
5.05E-7
3.42E-7
2.88E-7
4.66E-7
2.54E-7
4.74E-7
7.92E-7
2.57E-7
7.24E-7
3.99E-7
3.55E-7
4.25E-7
3.44E-7
2.68E-7
5.43E-7
2.18E-7
4.44E-7
3.38E-7
4.83E-7
3.28E-7
7.65E-7
4.25E-7
2.09E-7
2.68E-7
6.06E-7
3.63E-7
2.18E-7
3.13E-7
3.59E-7
4.6E-7
3.33E-7
3.29E-7
3.57E-7
5.62E-7
6.28E-7
4.65E-7
4.67E-7
2.71E-7
3.11E-7
4.16E-7
2.28E-7
4.64E-7
2.93E-7
3.18E-7
2.89E-7
3.48E-7
3.94E-7
3.84E-7
2.08E-7
3.34E-7
3.74E-7
2.65E-7
6.17E-7
2.35E-7
4.01E-7
1.162E-6
3.21E-7
1.131E-6
3.11E-7
3.06E-7
4.7E-7
2.12E-7
5.92E-7
5.33E-7
3.72E-7
2.9E-7
2.95E-7
1.061E-6
4.71E-7
4.41E-7
5.49E-7
3.39E-7
3.79E-7
4.52E-7
4.63E-7
3.4E-7
6.03E-7
4.71E-7
7.03E-7
3.72E-7
6.9E-7
3.0E-7
4.23E-7
3.73E-7
3.1E-7
7.8E-7
4.73E-7
4.51E-7
3.8E-7
4.98E-7
5.28E-7
2.42E-7
3.8E-7
3.27E-7
6.39E-7
2.85E-7
4.8E-7
4.81E-7
2.85E-7
4.25E-7
7.3E-7
2.83E-7
3.73E-7
4.29E-7
6.28E-7
5.65E-7
5.36E-7
3.54E-7
3.02E-7
3.25E-7
3.39E-7
5.99E-7
3.48E-7
7.8E-7
4.81E-7
2.72E-7
5.15E-7
3.27E-7
2.89E-7
4.16E-7
4.37E-7
3.06E-7
4.34E-7
2.87E-7
3.45E-7
3.52E-7
3.39E-7
9.39E-7
9.13E-7
5.52E-7
2.34E-7
6.12E-7
5.86E-7
3.09E-7
4.02E-7
3.43E-7
2.92E-7
7.46E-7
4.29E-7
2.76E-7
6.62E-7
2.93E-7
3.05E-7
9.29E-7
4.23E-7
4.63E-7
3.75E-7
4.6E-7
4.03E-7
5.23E-7
3.43E-7
9.09E-7
3.96E-7
4.22E-7
9.69E-7
4.46E-7
5.99E-7
3.57E-7
4.66E-7
4.66E-7
2.64E-7
7.32E-7
3.47E-7
4.76E-7
2.39E-7
3.84E-7
3.32E-7
4.29E-7
3.39E-7
4.68E-7
5.72E-7
3.19E-7
4.08E-7
3.22E-7
3.55E-7
4.45E-7
2.82E-7
4.7E-7
2.9E-7
4.22E-7
4.74E-7
2.89E-7
2.35E-7
3.96E-7
3.65E-7
3.32E-7
3.4E-7
3.27E-7
9.88E-7
4.53E-7
2.9E-7
2.96E-7
4.13E-7
2.36E-7
5.02E-7
3.21E-7
3.63E-7
3.77E-7
3.11E-7
6.2E-7
2.87E-7
3.5E-7
4.13E-7
2.32E-7
3.7E-7
3.25E-7
2.2E-7
3.25E-7
3.8E-7
5.42E-7
2.93E-7
5.36E-7
4.35E-7
4.01E-7
2.38E-7
3.58E-7
9.67E-7
8.91E-7
3.4E-7
4.35E-7
3.68E-7
3.29E-7
3.43E-7
4.39E-7
2.79E-7
4.94E-7
4.85E-7
2.84E-7
4.96E-7
2.7E-7
6.58E-7
2.64E-7
5.74E-7
3.12E-7
3.82E-7
2.8E-7
5.47E-7
4.34E-7
3.94E-7
5.58E-7
3.64E-7
3.13E-7
4.22E-7
3.13E-7
3.43E-7
3.33E-7
3.57E-7
3.19E-7
3.2E-7
4.2E-7
5.28E-7
6.46E-7
3.82E-7
6.26E-7
2.25E-7
5.89E-7
3.52E-7
3.77E-7
6.12E-7
5.7E-7
3.31E-7
3.22E-7
9.2E-7
4.61E-7
3.45E-7
4.48E-7
2.2E-7
4.09E-7
4.1E-7
5.17E-7
4.15E-7
3.15E-7
2.72E-7
4.2E-7
3.51E-7
4.37E-7
4.63E-7
3.65E-7
3.62E-7
3.87E-7
3.31E-7
3.62E-7
3.62E-7
2.68E-7
4.88E-7
3.07E-7
3.18E-7
2.91E-7
8.53E-7
6.01E-7
3.21E-7
4.57E-7
1.008E-6
4.12E-7
4.41E-7
5.16E-7
3.1E-7
5.97E-7
3.65E-7
4.14E-7
2.52E-7
4.2E-7
2.81E-7
6.66E-7
4.47E-7
2.22E-7
5.77E-7
3.99E-7
2.11E-7
4.47E-7
3.25E-7
4.86E-7
2.82E-7
4.05E-7
6.83E-7
3.23E-7
5.91E-7
3.58E-7
3.77E-7
4.85E-7
5.51E-7
2.7E-7
6.58E-7
4.6E-7
3.18E-7
4.41E-7
5.04E-7
2.95E-7
3.26E-7
4.11E-7
4.03E-7
3.57E-7
2.83E-7
4.96E-7
2.12E-7
1.009E-6
3.34E-7
4.48E-7
6.1E-7
3.15E-7
4.7E-7
3.06E-7
3.8E-7
3.66E-7
6.0E-7
3.46E-7
3.12E-7
5.39E-7
3.79E-7
3.67E-7
2.93E-7
3.14E-7
3.77E-7
2.27E-7
4.52E-7
2.2E-7
4.22E-7
3.2E-7
4.06E-7
2.95E-7
4.15E-7
2.54E-7
7.27E-7
2.88E-7
3.18E-7
8.26E-7
3.37E-7
2.2E-7
3.33E-7
4.62E-7
2.44E-7
3.77E-7
6.01E-7
3.43E-7
3.21E-7
5.07E-7
4.78E-7
6.36E-7
7.17E-7
5.31E-7
4.83E-7
3.8E-7
3.84E-7
4.78E-7
3.97E-7
3.85E-7
3.23E-7
4.03E-7
2.89E-7
3.95E-7
2.51E-7
3.68E-7
4.49E-7
3.85E-7
3.34E-7
3.82E-7
2.79E-7
8.21E-7
4.68E-7
3.18E-7
6.54E-7
3.9E-7
2.82E-7
3.34E-7
3.35E-7
3.25E-7
3.16E-7
4.65E-7
2.49E-7
2.97E-7
6.7E-7
2.82E-7
3.78E-7
2.89E-7
3.3E-7
3.03E-7
4.36E-7
3.23E-7
3.03E-7
2.3E-7
2.66E-7
4.65E-7
2.36E-7
2.92E-7
3.17E-7
4.14E-7
3.04E-7
9.0E-7
4.34E-7
4.41E-7
4.51E-7
3.27E-7
3.19E-7
3.64E-7
2.88E-7
3.13E-7
1.64E-6
3.63E-7
5.68E-7
2.87E-7
3.27E-7
5.02E-7
4.39E-7
3.05E-7
4.21E-7
7.04E-7
5.68E-7
3.32E-7
3.34E-7
4.0E-7
4.4E-7
4.57E-7
3.39E-7
3.16E-7
2.99E-7
5.1E-7
3.62E-7
3.34E-7
3.35E-7
4.35E-7
4.87E-7
2.84E-7
4.41E-7
5.46E-7
2.97E-7
3.11E-7
2.7E-7
2.83E-7
2.82E-7
2.97E-7
3.84E-7
7.63E-7
5.68E-7
4.62E-7
2.98E-7
3.24E-7
3.36E-7
3.03E-7
2.91E-7
3.8E-7
3.14E-7
5.04E-7
4.97E-7
3.06E-7
3.67E-7
3.53E-7
2.8E-7
7.55E-7
3.62E-7
4.21E-7
4.81E-7
4.26E-7
3.86E-7
4.1E-7
3.73E-7
2.84E-7
2.85E-7
3.91E-7
4.08E-7
2.98E-7
3.49E-7
3.95E-7
3.83E-7
3.59E-7
3.86E-7
5.45E-7
2.99E-7
2.99E-7
2.79E-7
3.1E-7
4.57E-7
2.91E-7
2.89E-7
3.41E-7
3.84E-7
4.06E-7
2.23E-7
3.32E-7
2.8E-7
3.36E-7
3.48E-7
3.36E-7
3.75E-7
2.72E-7
3.25E-7
5.63E-7
2.44E-7
4.32E-7
2.82E-7
4.11E-7
4.19E-7
3.32E-7
3.72E-7
3.23E-7
7.62E-7
2.36E-7
7.34E-7
3.22E-7
3.8E-7
4.46E-7
3.89E-7
6.35E-7
3.69E-7
2.95E-7
2.85E-7
3.39E-7
4.47E-7
3.97E-7
3.21E-7
3.57E-7
3.04E-7
3.05E-7
3.74E-7
2.93E-7
6.97E-7
4.28E-7
4.38E-7
3.44E-7
3.52E-7
4.33E-7
3.83E-7
4.25E-7
4.02E-7
6.41E-7
2.56E-7
4.26E-7
5.52E-7
2.96E-7
3.67E-7
4.03E-7
3.9E-7
3.03E-7
6.39E-7
7.06E-7
6.9E-7
4.62E-7
7.9E-7
5.02E-7
3.78E-7
4.4E-7
3.84E-7
4.13E-7
3.35E-7
3.96E-7
4.14E-7
6.12E-7
4.41E-7
6.57E-7
2.99E-7
2.98E-7
4.07E-7
4.45E-7
3.46E-7
5.06E-7
2.45E-7
2.88E-7
5.14E-7
4.22E-7
3.21E-7
6.52E-7
3.0E-7
4.71E-7
3.87E-7
3.33E-7
3.96E-7
4.03E-7
2.42E-7
3.12E-7
4.15E-7
3.21E-7
4.23E-7
3.03E-7
3.61E-7
4.71E-7
4.16E-7
3.95E-7
2.41E-7
3.75E-7
3.89E-7
2.4E-7
7.0E-7
3.24E-7
3.88E-7
9.33E-7
3.98E-7
4.06E-7
3.12E-7
5.18E-7
2.88E-7
4.43E-7
5.85E-7
2.38E-7
4.57E-7
4.47E-7
2.84E-7
2.92E-7
3.61E-7
2.66E-7
6.46E-7
4.01E-7
4.97E-7
2.39E-7
4.29E-7
4.46E-7
9.18E-7
3.26E-7
4.56E-7
2.6E-7
3.75E-7
4.26E-7
3.66E-7
3.85E-7
2.98E-7
4.0E-7
4.1E-7
4.14E-7
2.96E-7
4.51E-7
4.0E-7
3.23E-7
3.54E-7
4.16E-7
3.55E-7
6.35E-7
3.33E-7
3.59E-7
4.11E-7
3.12E-7
3.59E-7
4.39E-7
3.21E-7
3.0E-7
4.85E-7
4.04E-7
4.44E-7
2.88E-7
9.82E-7
3.02E-7
3.33E-7
3.49E-7
3.38E-7
2.82E-7
4.37E-7
3.62E-7
3.18E-7
3.02E-7
2.73E-7
3.12E-7
6.02E-7
3.79E-7
3.58E-7
2.35E-7
4.55E-7
2.82E-7
4.13E-7
2.34E-7
2.77E-7
4.13E-7
5.6E-7
2.79E-7
4.05E-7
3.27E-7
2.39E-7
3.56E-7
4.71E-7
3.61E-7
6.34E-7
3.22E-7
3.65E-7
3.17E-7
4.18E-7
2.34E-7
2.93E-7
4.42E-7
4.27E-7
3.86E-7
3.61E-7
4.41E-7
4.21E-7
3.03E-7
5.55E-7
3.13E-7
3.05E-7
3.89E-7
6.39E-7
2.75E-7
3.38E-7
5.79E-7
2.83E-7
2.95E-7
4.33E-7
3.09E-7
5.79E-7
3.54E-7
3.6E-7
2.38E-7
3.06E-7
4.16E-7
2.99E-7
4.95E-7
2.34E-7
5.84E-7
2.33E-7
4.71E-7
2.23E-7
2.78E-7
3.44E-7
4.19E-7
2.22E-7
3.18E-7
2.98E-7
3.44E-7
4.49E-7
2.35E-7
3.66E-7
4.78E-7
2.81E-7
3.18E-7
2.17E-7
3.59E-7
3.13E-7
3.41E-7
2.48E-7
6.58E-7
5.16E-7
3.95E-7
3.44E-7
3.17E-7
3.32E-7
4.53E-7
4.58E-7
3.1E-7
3.01E-7
4.27E-7
2.15E-7
3.37E-7
5.28E-7
6.86E-7
3.01E-7
6.55E-7
2.36E-7
4.11E-7
6.34E-7
2.93E-7
4.19E-7
3.04E-7
2.89E-7
9.98E-7
2.96E-7
4.68E-7
3.38E-7
2.98E-7
3.89E-7
4.17E-7
2.9E-7
6.31E-7
2.18E-7
2.66E-7
2.92E-7
3.11E-7
3.74E-7
5.24E-7
4.04E-7
2.79E-7
4.22E-7
4.14E-7
2.21E-7
3.79E-7
4.25E-7
5.26E-7
3.74E-7
3.96E-7
2.92E-7
3.56E-7
3.82E-7
3.34E-7
2.79E-7
2.8E-7
3.52E-7
3.61E-7
3.55E-7
5.01E-7
4.09E-7
2.42E-7
4.53E-7
3.75E-7
3.68E-7
4.03E-7
3.63E-7
3.62E-7
3.45E-7
3.42E-7
4.43E-7
2.25E-7
3.84E-7
3.32E-7
4.46E-7
3.84E-7
4.54E-7
5.42E-7
3.29E-7
3.53E-7
3.05E-7
4.01E-7
2.43E-7
4.11E-7
4.42E-7
4.08E-7
3.4E-7
5.89E-7
4.31E-7
5.85E-7
2.82E-7
7.36E-7
3.3E-7
2.41E-7
4.08E-7
5.71E-7
2.84E-7
4.01E-7
3.42E-7
5.9E-7
3.71E-7
3.37E-7
2.83E-7
3.13E-7
3.86E-7
3.02E-7
4.55E-7
3.72E-7
2.19E-7
5.8E-7
2.9E-7
3.57E-7
3.0E-7
4.12E-7
3.4E-7
3.5E-7
3.54E-7
3.03E-7
2.98E-7
4.57E-7
3.38E-7
2.73E-7
2.8E-7
3.31E-7
2.81E-7
3.52E-7
3.82E-7
3.62E-7
4.47E-7
3.21E-7
3.45E-7
2.83E-7
3.5E-7
7.12E-7
2.97E-7
5.27E-7
5.18E-7
3.34E-7
6.02E-7
3.54E-7
3.55E-7
2.73E-7
5.03E-7
3.23E-7
3.61E-7
4.63E-7
4.82E-7
3.2E-7
4.58E-7
4.21E-7
3.52E-7
3.16E-7
3.0E-7
3.3E-7
3.26E-7
4.65E-7
5.3E-7
3.54E-7
4.13E-7
5.67E-7
5.05E-7
3.36E-7
3.89E-7
3.43E-7
3.96E-7
2.43E-7
4.45E-7
4.13E-7
5.46E-7
3.72E-7
3.85E-7
4.11E-7
4.2E-7
6.9E-7
2.79E-7
3.25E-7
4.01E-7
3.97E-7
2.83E-7
4.65E-7
4.22E-7
3.46E-7
5.39E-7
6.14E-7
4.53E-7
4.29E-7
5.18E-7
3.47E-7
3.27E-7
6.7E-7
4.77E-7
3.65E-7
2.51E-7
4.42E-7
5.0E-7
4.09E-7
3.12E-7
4.41E-7
2.94E-7
4.17E-7
3.58E-7
3.71E-7
2.9E-7
7.26E-7
4.56E-7
2.7E-7
3.06E-7
3.93E-7
4.25E-7
2.83E-7
4.21E-7
6.25E-7
7.33E-7
2.83E-7
5.34E-7
6.96E-7
2.71E-7
2.83E-7
4.3E-7
2.98E-7
4.96E-7
4.04E-7
2.47E-7
3.67E-7
4.67E-7
5.96E-7
5.2E-7
4.02E-7
2.64E-7
4.26E-7
3.32E-7
2.82E-7
5.88E-7
3.23E-7
8.5E-7
4.35E-7
3.41E-7
5.97E-7
3.52E-7
4.78E-7
5.17E-7
8.31E-7
4.51E-7
3.34E-7
3.49E-7
7.91E-7
4.03E-7
3.85E-7
3.59E-7
4.25E-7
3.9E-7
5.24E-7
3.14E-7
4.63E-7
2.92E-7
3.92E-7
3.54E-7
3.19E-7
3.68E-7
5.86E-7
3.63E-7
2.39E-7
5.2E-7
2.89E-7
3.53E-7
3.76E-7
3.57E-7
2.29E-7
3.77E-7
2.94E-7
2.8E-7
3.47E-7
4.57E-7
4.06E-7
3.54E-7
3.43E-7
6.04E-7
2.19E-7
3.15E-7
8.09E-7
4.35E-7
3.54E-7
2.73E-7
3.17E-7
2.16E-7
4.31E-7
3.82E-7
8.02E-7
2.51E-7
3.83E-7
4.52E-7
3.33E-7
4.18E-7
3.71E-7
3.48E-7
2.98E-7
4.13E-7
4.26E-7
3.52E-7
4.05E-7
3.01E-7
4.48E-7
2.42E-7
4.37E-7
2.33E-7
3.74E-7
3.83E-7
4.03E-7
2.98E-7
5.92E-7
3.01E-7
2.28E-7
4.56E-7
2.95E-7
8.37E-7
3.02E-7
4.05E-7
2.23E-7
5.84E-7
3.79E-7
6.17E-7
3.45E-7
3.88E-7
2.94E-7
5.26E-7
2.46E-7
3.15E-7
3.93E-7
2.86E-7
5.3E-7
4.98E-7
8.3E-7
3.51E-7
3.47E-7
3.38E-7
6.43E-7
4.54E-7
8.62E-7
4.72E-7
3.99E-7
5.32E-7
3.42E-7
4.41E-7
4.07E-7
2.77E-7
2.89E-7
4.97E-7
2.89E-7
3.15E-7
5.57E-7
2.9E-7
7.14E-7
2.74E-7
3.99E-7
3.27E-7
3.45E-7
5.71E-7
2.73E-7
3.5E-7
1.511E-6
7.36E-7
1.597E-6
8.27E-7
4.65E-7
7.61E-7
8.53E-7
4.46E-7
1.155E-6
5.62E-7
8.49E-7
6.12E-7
8.19E-7
3.77E-7
8.5E-7
7.27E-7
4.08E-7
4.9E-7
9.68E-7
8.32E-7
4.87E-7
8.7E-7
7.16E-7
3.93E-7
6.7E-7
6.46E-7
3.97E-7
1.168E-6
7.87E-7
6.56E-7
6.86E-7
7.88E-7
5.87E-7
7.79E-7
4.92E-7
5.9E-7
7.11E-7
4.57E-7
5.67E-7
6.88E-7
6.11E-7
5.12E-7
5.37E-7
4.15E-7
5.78E-7
8.29E-7
7.65E-7
4.41E-7
8.09E-7
1.308E-6
4.82E-7
7.72E-7
5.31E-7
5.72E-7
7.7E-7
4.26E-7
5.13E-7
7.09E-7
3.78E-7
7.86E-7
9.17E-7
6.26E-7
6.53E-7
1.039E-6
8.69E-7
6.0E-7
6.6E-7
4.88E-7
8.8E-7
7.51E-7
3.52E-7
1.003E-6
5.35E-7
6.62E-7
9.51E-7
4.96E-7
6.43E-7
7.3E-7
5.85E-7
8.76E-7
2.155E-6
5.14E-7
6.94E-7
4.74E-7
7.62E-7
4.82E-7
9.43E-7
7.09E-7
8.39E-7
3.56E-7
8.7E-7
5.85E-7
5.47E-7
1.04E-6
5.41E-7
7.05E-7
7.44E-7
7.27E-7
4.62E-7
8.0E-7
4.17E-7
7.28E-7
1.008E-6
4.39E-7
8.96E-7
5.04E-7
6.47E-7
1.128E-6
6.99E-7
1.067E-6
6.34E-7
6.9E-7
6.94E-7
5.05E-7
7.08E-7
6.72E-7
1.014E-6
3.83E-7
8.91E-7
8.95E-7
3.83E-7
4.9E-7
7.46E-7
5.8E-7
5.84E-7
7.13E-7
4.66E-7
5.87E-7
5.16E-7
6.09E-7
1.103E-6
4.66E-7
7.34E-7
7.08E-7
7.28E-7
9.67E-7
6.08E-7
4.45E-7
5.65E-7
8.92E-7
5.91E-7
8.42E-7
8.95E-7
7.25E-7
4.03E-7
7.37E-7
5.73E-7
5.17E-7
9.15E-7
7.36E-7
3.8E-7
9.15E-7
6.29E-7
8.38E-7
9.61E-7
3.87E-7
1.021E-6
4.52E-7
1.193E-6
6.36E-7
5.8E-7
5.1E-7
9.31E-7
9.29E-7
5.19E-7
7.41E-7
6.99E-7
5.06E-7
9.59E-7
5.93E-7
8.11E-7
4.05E-7
8.6E-7
5.67E-7
5.36E-7
6.91E-7
5.39E-7
8.37E-7
6.82E-7
1.043E-6
5.49E-7
1.827E-6
7.9E-7
7.51E-7
1.115E-6
2.533E-6
6.09E-7
6.74E-7
1.072E-6
1.413E-6
5.55E-7
8.49E-7
3.79E-7
1.171E-6
4.21E-7
7.3E-7
1.25E-6
5.32E-7
6.84E-7
6.62E-7
5.83E-7
1.004E-6
6.72E-7
4.31E-7
7.68E-7
8.25E-7
6.94E-7
8.71E-7
5.59E-7
6.84E-7
3.25E-7
5.2E-7
1.361E-6
1.467E-6
6.58E-7
6.4E-7
7.19E-7
6.44E-7
4.94E-7
7.78E-7
4.09E-7
6.07E-7
5.38E-7
8.38E-7
6.78E-7
9.97E-7
5.53E-7
5.19E-7
9.41E-7
6.32E-7
5.06E-7
5.87E-7
5.72E-7
6.91E-7
6.26E-7
1.169E-6
4.99E-7
5.45E-7
1.344E-6
3.84E-7
5.31E-7
1.277E-6
5.4E-7
7.12E-7
5.38E-7
9.45E-7
5.7E-7
7.36E-7
8.11E-7
4.57E-7
1.165E-6
5.74E-7
1.416E-6
4.51E-7
7.84E-7
8.1E-7
3.98E-7
5.34E-7
6.48E-7
5.08E-7
1.069E-6
1.562E-6
5.64E-7
5.58E-7
6.7E-7
9.91E-7
3.64E-7
4.77E-7
6.16E-7
7.92E-7
3.9E-7
4.67E-7
1.028E-6
7.06E-7
8.27E-7
5.44E-7
6.33E-7
5.4E-7
7.29E-7
4.63E-7
6.2E-7
7.1E-7
8.88E-7
8.24E-7
6.28E-7
2.906E-6
6.18E-7
5.75E-7
1.548E-6
1.174E-6
7.74E-7
5.82E-7
5.42E-7
9.1786E-5
9.61E-7
4.34E-7
9.67E-7
4.0E-7
8.09E-7
4.64E-7
1.037E-6
5.76E-7
9.16E-7
9.27E-7
1.29E-6
9.32E-7
6.4E-7
1.253E-6
6.85E-7
5.65E-7
1.316E-6
1.094E-6
1.48E-6
5.68E-7
1.508E-6
8.99E-7
7.86E-7
1.005E-6
1.025E-6
8.43E-7
5.38E-7
1.01E-6
1.677E-6
4.91E-7
5.79E-7
8.76E-7
1.291E-6
4.54E-7
1.128E-6
1.261E-6
7.79E-7
1.685E-6
4.13E-7
7.45E-7
1.125E-6
4.25E-7
7.67E-7
1.586E-6
1.085E-6
5.863E-6
9.03E-7
1.055E-6
8.33E-7
6.97E-7
1.131E-6
6.98E-7
7.33E-7
6.42E-7
6.9E-7
4.83E-7
9.76E-7
5.72E-7
1.006E-6
1.157E-6
8.34E-7
7.37E-7
7.87E-7
1.202E-6
1.021E-6
6.41E-7
8.41E-7
6.23E-7
7.59E-7
6.71E-7
3.499E-5
6.68E-7
1.681E-6
8.64E-7
5.91E-7
5.44E-7
6.02E-7
8.18E-7
4.33E-7
1.167E-6
4.34E-7
1.238E-6
7.05E-7
6.29E-7
8.78E-7
5.36E-7
5.22E-7
1.08E-6
1.17E-6
3.18E-7
5.36E-7
3.002E-6
5.44E-7
6.05E-7
8.87E-7
5.0E-7
1.506E-6
8.53E-7
7.21E-7
4.94E-7
5.87E-7
4.39E-7
9.43E-7
1.041E-6
7.35E-7
7.86E-7
4.72E-7
6.25E-7
7.75E-7
4.82E-7
9.16E-7
3.73E-7
1.029E-6
7.63E-7
6.28E-7
6.04E-7
4.87E-7
5.16E-7
1.886E-6
3.46E-7
1.333E-6
8.19E-7
3.89E-7
4.1E-7
3.78E-7
5.81E-7
1.103E-6
6.83E-7
6.51E-7
9.92E-7
4.21E-7
1.121E-6
7.03E-7
4.98E-7
4.8E-7
7.8E-7
4.75E-7
3.22E-7
1.092E-6
7.21E-7
8.03E-7
9.66E-7
1.014E-6
6.93E-7
4.64E-7
1.514E-6
2.121E-6
1.136E-6
1.318E-6
8.61E-7
5.49E-7
1.313E-6
4.19E-7
5.32E-7
1.178E-6
6.03E-7
5.98E-7
5.71E-7
1.067E-6
4.37E-7
9.29E-7
5.75E-7
8.22E-7
1.293E-6
8.28E-7
7.51E-7
4.73E-7
8.6E-7
4.74E-7
1.684E-6
8.6E-7
1.391E-6
6.62E-7
8.35E-7
3.39E-7
5.45E-7
7.68E-7
7.84E-7
5.61E-7
1.124E-6
3.42E-7
8.55E-7
1.688E-6
3.97E-7
1.024E-6
4.84E-7
8.5E-7
6.73E-7
9.42E-7
4.73E-7
5.87E-7
1.005E-6
9.7E-7
2.026E-6
3.67E-7
1.286E-6
6.4E-7
7.65E-7
4.55E-7
8.91E-7
7.72E-7
8.69E-7
8.02E-7
1.076E-6
7.16E-7
5.75E-7
1.607E-6
3.5E-7
7.61E-7
4.73E-7
4.92E-7
4.42E-7
7.7E-7
4.21E-7
7.47E-7
4.73E-7
6.04E-7
3.5E-7
1.083E-6
5.04E-7
7.2E-7
7.19E-7
3.93E-7
9.9E-7
4.02E-7
4.75E-7
7.14E-7
5.94E-7
7.7E-7
3.1E-7
8.54E-7
3.41E-7
8.15E-7
1.272E-6
4.85E-7
1.05E-6
5.8E-7
5.1E-7
3.45E-7
4.54E-7
6.23E-7
4.01E-7
7.63E-7
4.02E-7
7.4E-7
7.33E-7
1.012E-6
4.01E-7
5.17E-7
1.148E-6
5.49E-7
4.54E-7
9.04E-7
4.61E-7
4.96E-7
5.49E-7
9.26E-7
5.9E-7
1.08E-6
1.07E-6
2.98E-7
1.238E-6
5.83E-7
4.7E-7
1.067E-6
8.08E-7
4.97E-7
9.25E-7
4.28E-7
5.39E-7
7.97E-7
8.51E-7
5.94E-7
4.82E-7
8.39E-7
4.53E-7
5.51E-7
5.03E-7
9.28E-7
5.81E-7
5.7E-7
5.87E-7
7.37E-7
7.61E-7
8.66E-7
7.08E-7
7.0E-7
1.121E-6
7.58E-7
7.97E-7
5.12E-7
5.75E-7
7.79E-7
5.64E-7
7.15E-7
4.81E-7
1.474E-6
9.7E-7
1.236E-6
3.42E-7
5.38E-7
3.438E-6
6.86E-7
3.08E-7
5.74E-7
6.13E-7
6.25E-7
5.81E-7
8.89E-7
6.12E-7
4.82E-7
1.377E-6
4.01E-7
4.38E-7
5.86E-7
3.32E-7
1.068E-6
7.61E-7
7.35E-7
7.08E-7
6.44E-7
1.035E-6
1.106E-6
4.62E-7
1.238E-6
6.67E-7
9.34E-7
6.07E-7
7.13E-7
5.09E-7
4.48E-7
4.71E-7
3.48E-7
1.204E-6
9.48E-7
2.86E-7
4.98E-7
5.58E-7
8.09E-7
1.613E-6
5.21E-7
4.62E-7
8.89E-7
7.31E-7
7.69E-7
5.52E-7
4.67E-7
4.74E-7
6.92E-7
5.06E-7
4.37E-7
6.27E-7
9.21E-7
3.32E-7
1.275E-6
4.73E-7
4.26E-7
4.62E-7
1.179E-6
8.49E-7
5.37E-7
1.362E-6
5.61E-7
6.44E-7
5.86E-7
7.91E-7
5.15E-7
1.149E-6
8.69E-7
6.18E-7
5.05E-7
9.54E-7
1.083E-6
5.26E-7
8.92E-7
8.75E-7
7.59E-7
4.75E-7
3.52E-7
7.2E-7
4.94E-7
4.14E-7
8.83E-7
6.38E-7
8.82E-7
7.94E-7
4.89E-7
4.82E-7
8.46E-7
3.71E-7
8.1E-7
1.002E-6
5.91E-7
9.11E-7
7.71E-7
8.72E-7
5.55E-7
7.61E-7
4.94E-7
6.81E-7
1.032E-6
3.54E-7
9.62E-7
5.09E-7
4.9E-7
1.729E-6
4.33E-7
7.52E-7
2.271E-6
1.422E-6
3.6E-7
7.49E-7
5.78E-7
5.69E-7
6.11E-7
6.49E-7
1.068E-6
2.89E-7
5.97E-7
7.26E-7
1.015E-6
7.33E-7
7.64E-7
7.2E-7
1.004E-6
1.159E-6
9.37E-7
1.062E-6
1.142E-6
9.06E-7
6.33E-7
4.84E-7
9.73E-7
1.005E-6
1.706E-6
1.081E-6
1.087E-6
1.49E-6
1.326E-6
1.035E-6
1.209E-6
9.97E-7
1.545E-6
6.73E-7
1.253E-6
6.7E-7
4.75E-7
4.38E-7
8.74E-7
1.123E-6
5.02E-7
4.39E-7
6.65E-7
3.56E-7
9.05E-7
6.13E-7
9.86E-7
1.499E-6
8.3E-7
7.03E-7
8.46E-7
1.594E-6
9.43E-7
8.34E-7
1.143E-6
4.7E-7
4.74E-7
6.17E-7
5.69E-7
5.54E-7
9.6E-7
1.214E-6
1.426E-6
5.59E-7
5.35E-7
9.37E-7
3.35E-7
1.466E-6
5.19E-7
6.53E-7
8.1E-7
4.63E-7
6.4E-7
3.5E-7
1.204E-6
3.08E-7
1.432E-6
1.105E-6
6.68E-7
5.2E-7
6.87E-7
4.0E-7
8.28E-7
1.485E-6
4.55E-7
5.32E-7
4.61E-7
1.384E-6
7.78E-7
8.86E-7
6.03E-7
6.85E-7
5.11E-7
4.53E-7
6.05E-7
3.17E-7
7.55E-7
1.578E-6
4.32E-7
8.19E-7
5.22E-7
7.75E-7
6.05E-7
8.13E-7
1.032E-6
9.28E-7
3.98E-7
7.58E-7
4.79E-7
6.65E-7
4.89E-7
7.93E-7
4.82E-7
3.43E-7
3.94E-7
5.0E-7
6.2E-7
7.0E-7
9.26E-7
4.59E-7
4.98E-7
6.65E-7
5.35E-7
3.56E-7
4.42E-7
6.08E-7
5.44E-7
4.59E-7
1.009E-6
1.16E-6
9.97E-7
6.7E-7
4.92E-7
7.63E-7
4.98E-7
4.24E-7
9.16E-7
2.98E-7
1.277E-6
7.89E-7
4.56E-7
7.56E-7
5.38E-7
3.66E-7
4.64E-7
6.54E-7
4.12E-7
6.43E-7
3.78E-7
7.97E-7
8.91E-7
5.41E-7
1.083E-6
8.9E-7
5.3E-7
9.94E-7
5.73E-7
5.0E-7
4.74E-7
4.49E-7
5.93E-7
1.202E-6
1.06E-6
3.64E-7
4.5E-7
4.47E-7
5.46E-7
4.76E-7
5.28E-7
5.15E-7
8.49E-7
4.89E-7
1.17E-6
5.85E-7
5.37E-7
6.68E-7
3.72E-7
4.04E-7
4.42E-7
1.016E-6
3.26E-7
5.54E-7
4.24E-7
1.331E-6
4.63E-7
6.84E-7
5.65E-7
8.0E-7
9.49E-7
4.69E-7
7.22E-7
3.35E-7
4.47E-7
1.116E-6
1.119E-6
4.19E-7
1.235E-6
1.062E-6
4.32E-7
8.86E-7
6.2E-7
6.37E-7
5.14E-7
5.45E-7
1.108E-6
1.299E-6
2.331E-6
1.048E-6
6.93E-7
4.82E-7
5.02E-7
5.9E-7
1.087E-6
9.25E-7
5.64E-7
1.033E-6
5.29E-7
7.69E-7
8.92E-7
5.5E-7
6.79E-7
5.26E-7
5.28E-7
6.25E-7
8.56E-7
7.45E-7
8.78E-7
3.5E-7
1.068E-6
9.1E-7
4.64E-7
5.49E-7
1.006E-6
3.45E-7
8.82E-7
7.31E-7
2.74E-7
1.015E-6
4.43E-7
9.57E-7
4.62E-7
5.86E-7
7.89E-7
4.8E-7
8.25E-7
1.017E-6
8.89E-7
5.42E-7
3.77E-7
8.28E-7
7.62E-7
3.28E-7
5.36E-7
4.9E-7
1.064E-6
4.02E-7
5.08E-7
9.52E-7
3.92E-7
4.16E-7
7.0E-7
3.87E-7
4.86E-7
6.16E-7
1.307E-6
5.8E-7
9.3E-7
5.91E-7
1.456E-6
5.34E-7
4.33E-7
1.293E-6
7.7E-7
9.29E-7
8.78E-7
5.03E-7
5.04E-7
4.98E-7
1.035E-6
3.75E-7
6.05E-7
6.32E-7
3.02E-7
1.3E-6
