1.9503E-5
3.42E-6
1.917E-6
2.887E-6
4.686E-6
3.026E-6
3.787E-6
1.684E-6
2.394E-6
3.788E-6
3.811E-6
2.613E-6
1.704E-6
2.163E-6
2.409E-6
3.636E-6
1.0036E-5
5.127E-6
2.324E-6
3.772E-6
2.683E-6
3.296E-6
3.3E-6
4.414E-6
3.35E-6
2.236E-6
3.404E-6
1.519E-6
3.89E-6
1.3042E-5
2.582E-6
4.426E-6
1.513E-6
2.735E-6
4.025E-6
4.08E-6
3.816E-6
2.143E-6
3.167E-6
2.539E-6
2.186E-6
2.721E-6
3.854E-6
3.643E-6
3.683E-6
2.979E-6
3.861E-6
3.934E-6
2.203E-6
4.193E-6
2.372E-6
3.236E-6
2.082E-6
2.773E-6
2.582E-6
2.423E-6
2.873E-6
2.8245E-5
3.605E-6
4.688E-6
4.017E-6
4.049E-6
3.433E-6
3.173E-6
4.823E-6
2.623E-6
3.815E-6
3.567E-6
2.019E-6
5.395E-6
1.749E-6
2.711E-6
3.662E-6
2.493E-6
3.102E-6
4.744E-6
3.787E-6
3.779E-6
1.669E-6
3.507E-6
2.928E-6
3.087E-6
4.884E-6
4.183E-6
2.72E-6
1.834E-6
2.139E-6
3.067E-6
1.508E-6
4.267E-6
3.347E-6
2.434E-6
4.448E-6
3.777E-6
2.783E-6
2.195E-6
2.858E-6
5.403E-6
2.628E-6
3.125E-6
3.332E-6
2.524E-6
4.099E-6
3.007E-6
2.293E-6
2.808E-6
2.247E-6
3.768E-6
4.547E-6
2.563E-6
2.717E-6
5.469E-6
2.695E-6
2.038E-6
4.105E-6
4.26E-6
2.232E-6
1.77E-6
3.199E-6
1.628E-6
1.823E-6
3.958E-6
2.801E-6
5.809E-6
3.508E-6
5.093E-6
3.19E-6
4.928E-6
2.496E-6
2.276E-6
3.226E-6
1.499E-6
4.164E-6
2.688E-6
2.636E-6
2.356E-6
2.73E-6
4.038E-6
2.894E-6
3.615E-6
5.317E-6
2.661E-6
3.877E-6
3.406E-6
1.621E-6
4.068E-6
4.62E-6
4.068E-6
2.736E-6
3.879E-6
3.566E-6
2.19E-6
5.145E-6
3.754E-6
2.873E-6
3.131E-6
3.233E-6
2.524E-6
3.172E-6
5.963E-6
3.395E-6
2.649E-6
4.169E-6
2.841E-6
2.66E-6
3.215E-6
2.532E-6
4.149E-6
5.339E-6
2.891E-6
4.035E-6
3.402E-6
2.632E-6
4.663E-6
3.901E-6
2.823E-6
1.781E-6
2.596E-6
5.188E-6
2.377E-6
2.856E-6
4.55E-6
2.332E-6
3.211E-6
3.273E-6
3.556E-6
1.738E-6
2.647E-6
2.996E-6
2.925E-6
3.324E-6
3.132E-6
4.499E-6
5.331E-6
3.354E-6
3.929E-6
3.551E-6
1.506E-6
2.268E-6
3.549E-6
2.836E-6
2.638E-6
2.537E-6
4.999E-6
2.485E-6
3.779E-6
2.475E-6
2.406E-6
2.893E-6
5.293E-6
3.347E-6
2.378E-6
2.097E-6
3.715E-6
2.508E-6
2.735E-6
2.98E-6
2.338E-6
4.118E-6
1.753E-6
2.783E-6
2.646E-6
2.992E-6
4.589E-6
1.853E-6
3.217E-6
4.168E-6
2.746E-6
3.176E-6
1.554E-6
3.475E-6
3.536E-6
2.462E-6
3.659E-6
1.567E-6
2.516E-6
3.479E-6
3.251E-6
4.992E-6
2.386E-6
3.351E-6
2.49E-6
3.505E-6
3.773E-6
4.122E-6
2.492E-6
2.64E-6
2.653E-6
3.507E-6
3.539E-6
1.76E-6
4.2E-6
3.243E-6
2.536E-6
2.264E-6
1.1681E-5
3.688E-6
2.518E-6
2.833E-6
2.661E-6
1.563E-6
3.774E-6
2.262E-6
2.489E-6
3.097E-6
4.325E-6
3.355E-6
4.812E-6
3.38E-6
4.112E-6
3.207E-6
2.397E-6
3.09E-6
5.22E-6
2.743E-6
2.375E-6
2.376E-6
3.61E-6
1.742E-6
3.034E-6
5.117E-6
4.928E-6
1.48E-6
3.974E-6
2.993E-6
3.393E-6
2.915E-6
3.374E-6
2.07E-6
3.365E-6
2.468E-6
2.487E-6
2.617E-6
3.037E-6
2.337E-6
4.177E-6
2.667E-6
4.43E-6
1.612E-6
3.896E-6
2.047E-6
4.272E-6
3.473E-6
1.766E-6
2.123E-6
3.583E-6
1.541E-6
2.669E-6
5.065E-6
4.875E-6
2.487E-6
4.875E-6
2.39E-6
3.129E-6
3.062E-6
1.7E-6
3.001E-6
2.348E-6
1.56E-6
3.81E-6
4.293E-6
2.87E-6
2.711E-6
4.086E-6
4.136E-6
3.67E-6
2.87E-6
4.114E-6
3.326E-6
2.822E-6
3.965E-6
2.359E-6
2.946E-6
5.046E-6
4.692E-6
3.257E-6
4.453E-6
4.235E-6
2.902E-6
2.636E-6
2.006E-6
2.174E-6
2.375E-6
3.169E-6
3.79E-6
1.866E-6
3.49E-6
3.971E-6
1.627E-6
3.418E-6
3.814E-6
1.671E-6
5.768E-6
2.527E-6
4.146E-6
4.535E-6
1.726E-6
2.914E-6
4.36E-6
3.515E-6
1.77E-6
2.467E-6
6.632E-6
2.588E-6
4.669E-6
2.7871E-5
8.231E-6
7.55E-7
1.562E-6
8.32E-7
8.05E-7
1.066E-6
1.093E-6
1.013E-6
1.173E-6
7.3E-7
8.01E-7
1.148E-6
9.09E-7
6.09E-7
5.81E-7
1.04E-6
7.99E-7
6.95E-7
1.15E-6
8.78E-7
8.17E-7
9.02E-7
1.102E-6
1.044E-6
8.0E-7
7.34E-7
3.967E-6
1.01E-6
6.11E-7
9.91E-7
9.34E-7
6.44E-7
8.8E-7
8.31E-7
9.49E-7
1.141E-6
7.2E-7
8.77E-7
9.76E-7
5.63E-7
7.11E-7
9.79E-7
7.29E-7
8.42E-7
9.44E-7
6.69E-7
7.61E-7
6.85E-7
6.87E-7
7.25E-7
1.039E-6
5.18E-7
1.089E-6
9.571E-6
1.045E-6
6.26E-7
7.79E-7
8.58E-7
1.181E-6
7.98E-7
8.58E-7
7.33E-7
4.86E-7
8.28E-7
9.55E-7
6.37E-7
9.04E-7
4.84E-7
5.31E-7
4.12E-7
5.21E-7
7.25E-7
5.37E-7
9.35E-7
5.62E-7
6.19E-7
8.18E-7
7.74E-7
4.77E-7
7.7E-7
9.31E-7
5.14E-7
5.42E-7
8.96E-7
4.17E-7
6.77E-7
8.84E-7
6.99E-7
6.55E-7
7.14E-7
4.2E-7
1.056E-6
6.29E-7
4.94E-7
8.3E-7
8.06E-7
6.08E-7
7.08E-7
5.5E-7
8.8E-7
7.07E-7
7.74E-7
5.99E-7
5.47E-7
1.314E-6
5.72E-7
6.32E-7
7.05E-7
4.77E-7
7.46E-7
5.37E-7
8.01E-7
1.033E-6
7.76E-7
4.95E-7
5.52E-7
4.6E-7
5.29E-7
6.82E-7
7.2E-7
6.79E-7
6.15E-7
7.09E-7
6.89E-7
5.13E-7
8.83E-7
4.96E-7
9.27E-7
7.27E-7
1.036E-6
5.04E-7
5.59E-7
8.18E-7
3.99E-7
6.0E-7
6.35E-7
6.25E-7
5.84E-7
1.724E-6
7.52E-7
7.89E-7
5.77E-7
7.16E-7
6.45E-7
4.87E-7
4.03E-7
8.7E-7
7.96E-7
5.73E-7
6.01E-7
7.87E-7
5.51E-7
6.86E-7
3.99E-7
8.47E-7
1.007E-6
5.17E-7
1.029E-6
9.15E-7
5.23E-7
4.86E-7
7.18E-7
5.6E-7
7.54E-7
6.13E-7
6.0E-7
7.4E-7
1.025E-6
6.01E-7
4.34E-7
7.59E-7
7.92E-7
6.27E-7
6.79E-7
1.089E-6
7.92E-7
4.17E-7
5.7E-7
5.19E-7
7.17E-7
6.12E-7
5.53E-7
8.62E-7
6.92E-7
6.19E-7
4.54E-7
7.87E-7
6.83E-7
9.38E-7
4.02E-7
8.73E-7
7.61E-7
9.67E-7
4.79E-7
5.73E-7
8.53E-7
1.021E-6
6.06E-7
5.48E-7
6.34E-7
1.127E-6
6.61E-7
7.52E-7
7.05E-7
9.89E-7
6.85E-7
8.99E-7
1.446E-6
1.052E-6
5.3E-7
4.72E-7
7.58E-7
7.53E-7
6.29E-7
6.96E-7
5.04E-7
7.87E-7
8.39E-7
6.02E-7
8.44E-7
1.101E-6
5.93E-7
7.71E-7
9.71E-7
7.5E-7
7.54E-7
8.24E-7
3.91E-7
1.094E-6
4.18E-7
7.23E-7
9.7E-7
4.19E-7
9.12E-7
6.89E-7
8.8E-7
6.9E-7
5.78E-7
1.234E-6
6.57E-7
6.25E-7
8.18E-7
5.57E-7
7.68E-7
8.62E-7
4.53E-7
5.91E-7
5.71E-7
8.61E-7
6.91E-7
8.84E-7
3.008E-6
6.16E-7
6.82E-7
7.42E-7
6.44E-7
1.229E-6
5.41E-7
6.88E-7
6.88E-7
6.18E-7
6.46E-7
6.35E-7
5.41E-7
8.04E-7
5.18E-7
5.59E-7
8.64E-7
6.48E-7
8.49E-7
6.99E-7
6.02E-7
9.54E-7
6.47E-7
5.0E-7
6.35E-7
1.107E-6
4.11E-7
6.95E-7
5.14E-7
5.71E-7
9.03E-7
1.269E-6
8.43E-7
9.11E-7
4.67E-7
7.24E-7
6.19E-7
7.56E-7
4.52E-7
9.83E-7
5.47E-7
5.37E-7
1.279E-6
7.83E-7
5.0E-7
6.78E-7
6.3E-7
1.03E-6
8.04E-7
1.443E-6
9.29E-7
8.38E-7
5.73E-7
5.04E-7
1.0E-6
7.11E-7
5.45E-7
9.32E-7
9.63E-7
7.68E-7
5.63E-7
8.84E-7
7.01E-7
6.92E-7
5.34E-7
5.66E-7
1.117E-6
1.163E-6
5.38E-7
6.96E-7
7.93E-7
4.87E-7
4.5E-7
1.07E-6
3.85E-7
6.13E-7
6.26E-7
6.69E-7
8.02E-7
6.78E-7
5.04E-7
9.24E-7
5.41E-7
6.21E-7
7.32E-7
1.216E-6
7.76E-7
5.79E-7
4.97E-7
3.88E-7
6.3E-7
7.66E-7
6.39E-7
4.76E-7
7.47E-7
6.02E-7
6.39E-7
1.04E-6
5.17E-7
8.54E-7
4.25E-7
5.86E-7
7.15E-7
6.91E-7
5.46E-7
6.58E-7
4.03E-7
6.97E-7
8.45E-7
2.837E-6
6.07E-7
6.83E-7
5.05E-7
6.76E-7
5.87E-7
9.48E-7
7.13E-7
6.21E-7
7.6E-7
5.37E-7
5.04E-7
5.44E-7
5.93E-7
5.83E-7
1.037E-6
5.93E-7
6.0E-7
8.12E-7
7.08E-7
5.41E-7
1.131E-6
4.45E-7
6.26E-7
9.26E-7
3.76E-7
1.409E-6
8.25E-7
5.86E-7
7.19E-7
1.097E-6
6.84E-7
8.05E-7
7.04E-7
9.43E-7
4.86E-7
7.71E-7
4.57E-7
7.87E-7
8.7E-7
5.32E-7
5.16E-7
8.35E-7
5.89E-7
7.97E-7
6.9E-7
3.81E-7
5.53E-7
1.144E-6
7.77E-7
4.1E-7
6.62E-7
5.35E-7
7.79E-7
6.27E-7
9.44E-7
9.95E-7
6.83E-7
1.151E-6
5.84E-7
6.41E-7
5.22E-7
8.75E-7
4.34E-7
6.45E-7
1.066E-6
5.06E-7
6.0E-7
5.5E-7
6.45E-7
8.92E-7
6.44E-7
5.68E-7
9.12E-7
7.58E-7
7.59E-7
5.45E-7
6.54E-7
7.7E-7
5.06E-7
4.47E-7
7.56E-7
7.66E-7
9.33E-7
5.29E-7
5.66E-7
5.84E-7
7.76E-7
6.1E-7
4.82E-7
7.45E-7
5.73E-7
6.81E-7
5.89E-7
5.93E-7
5.81E-7
7.11E-7
7.84E-7
5.22E-7
8.91E-7
5.01E-7
4.97E-7
1.045E-6
5.84E-7
5.44E-7
5.74E-7
7.5E-7
1.008E-6
6.41E-7
7.64E-7
2.02E-6
6.0E-7
5.2E-7
6.61E-7
7.5E-7
6.67E-7
5.55E-7
9.1E-7
5.11E-7
8.99E-7
5.34E-7
1.08E-6
4.91E-7
7.62E-7
6.0E-7
4.78E-7
8.08E-7
4.14E-7
6.37E-7
5.04E-7
6.42E-7
1.4E-6
4.05E-7
6.24E-7
4.88E-7
6.25E-7
5.79E-7
7.83E-7
6.91E-7
7.97E-7
5.79E-7
7.71E-7
6.38E-7
5.51E-7
5.78E-7
6.56E-7
8.18E-7
5.7E-7
6.58E-7
6.68E-7
9.25E-7
8.9E-7
6.71E-7
1.01E-6
7.09E-7
4.59E-7
5.2E-7
5.12E-7
5.36E-7
5.16E-7
9.39E-7
9.08E-7
4.62E-7
1.018E-6
5.43E-7
6.37E-7
6.06E-7
7.92E-7
8.74E-7
7.51E-7
6.9E-7
7.08E-7
8.09E-7
4.68E-7
7.7E-7
4.34E-7
7.54E-7
5.01E-7
4.79E-7
7.74E-7
6.05E-7
5.9E-7
9.57E-7
8.56E-7
5.65E-7
8.36E-7
3.71E-7
8.16E-7
7.19E-7
9.09E-7
6.48E-7
4.33E-7
5.85E-7
9.14E-7
1.43E-6
5.69E-7
5.57E-7
7.76E-7
6.42E-7
8.18E-7
7.98E-7
3.88E-7
5.16E-7
6.05E-7
6.57E-7
5.08E-7
8.82E-7
6.02E-7
1.069E-6
4.64E-7
7.81E-7
5.68E-7
5.71E-7
5.23E-7
5.5E-7
6.18E-7
1.205E-6
5.28E-7
7.78E-7
9.0E-7
4.03E-7
5.93E-7
6.44E-7
4.31E-7
1.213E-6
7.17E-7
7.97E-7
8.56E-7
3.189E-6
1.07E-6
7.98E-7
6.33E-7
8.35E-7
3.59E-7
7.22E-7
6.35E-7
1.055E-6
6.0E-7
5.62E-7
8.4E-7
8.16E-7
6.91E-7
4.88E-7
5.6E-7
5.22E-7
5.06E-7
7.09E-7
7.38E-7
4.31E-7
6.27E-7
7.93E-7
7.46E-7
5.38E-7
1.296E-6
1.229E-6
5.95E-7
1.471E-6
9.13E-7
1.031E-6
5.95E-7
1.058E-6
6.91E-7
7.55E-7
6.16E-7
5.45E-7
7.85E-7
8.04E-7
5.58E-7
9.14E-7
6.01E-7
7.32E-7
1.001E-6
6.42E-7
8.47E-7
9.83E-7
6.08E-7
8.86E-7
5.78E-7
7.55E-7
7.56E-7
5.96E-7
4.63E-7
6.54E-7
7.2E-7
9.48E-7
5.62E-7
5.9E-7
1.177E-6
4.76E-7
8.5E-7
5.64E-7
6.0E-7
8.06E-7
4.45E-7
4.87E-7
8.6E-7
6.05E-7
