2.354E-6
1.329E-6
7.97E-7
9.54E-7
2.415E-6
1.928E-6
1.524E-6
4.57E-7
6.6E-7
1.731E-6
8.91E-7
5.94E-7
3.81E-7
5.07E-7
3.95E-7
8.85E-7
6.55E-7
1.121E-6
3.57E-7
7.61E-7
5.95E-7
6.24E-7
1.031E-6
7.93E-7
6.09E-7
3.51E-7
5.34E-7
2.67E-7
1.002E-6
8.74E-7
7.18E-7
9.82E-7
2.47E-7
6.93E-7
5.29E-7
6.38E-7
6.69E-7
3.54E-7
4.39E-7
5.48E-7
4.35E-7
4.08E-7
6.68E-7
4.22E-7
7.14E-7
5.8E-7
1.851E-6
6.31E-7
3.83E-7
9.58E-7
3.47E-7
4.9E-7
3.35E-7
7.25E-7
4.49E-7
3.29E-7
4.01E-7
7.15E-7
3.76E-7
6.34E-7
8.37E-7
4.49E-7
6.31E-7
5.36E-7
6.24E-7
4.31E-7
6.2E-7
8.08E-7
3.01E-7
4.92E-7
2.87E-7
6.81E-7
8.82E-7
3.34E-7
3.65E-7
7.94E-7
4.52E-7
8.29E-7
2.72E-7
4.81E-7
3.86E-7
5.7E-7
5.49E-7
8.7E-7
4.35E-7
2.88E-7
3.53E-7
4.43E-7
2.81E-7
5.21E-7
5.66E-7
4.04E-7
1.038E-6
5.7E-7
3.59E-7
3.5E-7
4.21E-7
6.0E-7
4.01E-7
3.59E-7
5.06E-7
3.2E-7
7.21E-7
3.64E-7
3.31E-7
7.42E-7
3.34E-7
8.02E-7
6.56E-7
3.65E-7
5.78E-7
6.62E-7
3.27E-7
3.06E-7
7.7E-7
6.41E-7
4.41E-7
2.95E-7
5.6E-7
3.58E-7
2.72E-7
6.26E-7
4.01E-7
1.038E-6
4.26E-7
5.98E-7
8.49E-7
2.71E-7
4.38E-7
3.38E-7
4.48E-7
2.7E-7
5.56E-7
4.69E-7
3.39E-7
3.57E-7
5.33E-7
4.9E-7
3.58E-7
4.28E-7
4.46E-7
3.72E-7
4.47E-7
5.4E-7
3.06E-7
8.08E-7
5.75E-7
5.32E-7
4.07E-7
5.7E-7
4.02E-7
4.0E-7
1.702E-6
4.7E-7
5.37E-7
6.69E-7
5.26E-7
5.71E-7
6.48E-7
5.6E-7
3.56E-7
3.12E-7
7.05E-7
3.75E-7
3.52E-7
5.74E-7
3.58E-7
4.54E-7
6.82E-7
4.72E-7
4.85E-7
4.03E-7
3.47E-7
4.55E-7
5.36E-7
4.05E-7
2.95E-7
4.05E-7
7.6E-7
3.46E-7
3.75E-7
5.87E-7
3.91E-7
6.56E-7
6.1E-7
5.26E-7
2.78E-7
4.48E-7
4.19E-7
3.92E-7
3.91E-7
3.95E-7
7.97E-7
9.01E-7
3.21E-7
4.75E-7
5.79E-7
2.71E-7
3.17E-7
4.6E-7
4.08E-7
4.96E-7
3.19E-7
8.03E-7
4.77E-7
5.16E-7
3.3E-7
3.32E-7
5.44E-7
6.28E-7
4.03E-7
3.42E-7
3.31E-7
4.58E-7
3.91E-7
3.75E-7
6.75E-7
3.56E-7
4.99E-7
2.69E-7
5.92E-7
3.58E-7
3.42E-7
5.53E-7
2.7E-7
5.7E-7
4.49E-7
4.68E-7
4.7E-7
2.61E-7
6.25E-7
4.38E-7
4.21E-7
7.06E-7
3.25E-7
3.24E-7
4.32E-7
4.57E-7
6.84E-7
3.62E-7
4.36E-7
3.63E-7
4.8E-7
4.91E-7
6.96E-7
3.07E-7
6.82E-7
6.51E-7
4.51E-7
4.99E-7
2.84E-7
5.66E-7
3.47E-7
3.7E-7
3.15E-7
4.04E-7
4.88E-7
3.31E-7
4.01E-7
3.96E-7
2.8E-7
6.18E-7
9.96E-7
4.96E-7
4.66E-7
6.68E-7
4.25E-7
5.18E-7
4.2E-7
5.5E-7
3.52E-7
4.83E-7
6.26E-7
7.86E-7
3.71E-7
3.34E-7
4.32E-7
7.39E-7
2.86E-7
4.05E-7
4.7E-7
8.67E-7
2.94E-7
9.34E-7
4.69E-7
4.5E-7
5.04E-7
4.1E-7
3.27E-7
4.54E-7
3.96E-7
4.78E-7
3.44E-7
5.99E-7
3.47E-7
3.19E-7
4.68E-7
4.86E-7
2.84E-7
5.48E-7
3.32E-7
6.07E-7
6.12E-7
2.82E-7
3.45E-7
4.73E-7
2.75E-7
3.56E-7
5.77E-7
4.28E-7
3.76E-7
9.21E-7
3.31E-7
4.55E-7
6.3E-7
2.87E-7
3.93E-7
3.87E-7
3.17E-7
4.68E-7
5.49E-7
4.02E-7
4.27E-7
5.94E-7
3.5E-7
7.3E-7
3.9E-7
8.34E-7
4.22E-7
3.85E-7
4.78E-7
3.38E-7
5.89E-7
6.32E-7
5.02E-7
3.76E-7
3.72E-7
4.86E-7
5.29E-7
3.85E-7
2.8E-7
2.98E-7
3.25E-7
3.58E-7
4.44E-7
2.85E-7
4.1E-7
5.26E-7
2.69E-7
3.67E-7
5.04E-7
3.0E-7
5.56E-7
3.45E-7
7.11E-7
5.54E-7
2.99E-7
3.67E-7
6.43E-7
5.52E-7
2.94E-7
3.7E-7
4.23E-7
3.17E-7
5.08E-7
6.23E-7
6.67E-7
2.71E-7
5.23E-7
1.113E-6
3.83E-7
4.9E-7
4.62E-7
1.267E-6
4.42E-7
3.17E-7
3.56E-7
4.42E-7
6.07E-7
3.2E-7
3.07E-7
4.89E-7
3.48E-7
3.64E-7
6.35E-7
3.9E-7
3.87E-7
4.78E-7
4.12E-7
4.4E-7
4.28E-7
3.74E-7
1.015E-6
4.75E-7
2.94E-7
4.72E-7
4.53E-7
3.05E-7
4.99E-7
3.72E-7
4.63E-7
5.61E-7
3.55E-7
5.21E-7
6.21E-7
2.94E-7
3.52E-7
5.56E-7
3.46E-7
3.57E-7
5.69E-7
3.54E-7
3.64E-7
3.62E-7
3.31E-7
3.85E-7
3.96E-7
2.99E-7
6.52E-7
3.59E-7
4.74E-7
3.66E-7
3.95E-7
4.7E-7
5.49E-7
4.28E-7
4.79E-7
5.57E-7
3.21E-7
4.02E-7
6.15E-7
5.61E-7
5.28E-7
3.34E-7
5.69E-7
2.91E-7
3.66E-7
5.63E-7
3.5E-7
5.18E-7
3.69E-7
3.91E-7
4.43E-7
4.44E-7
3.27E-7
3.74E-7
4.26E-7
3.13E-7
3.07E-7
5.1E-7
2.78E-7
5.03E-7
5.5E-7
3.95E-7
4.03E-7
4.81E-7
2.69E-7
4.07E-7
3.88E-7
3.26E-7
4.65E-7
4.06E-7
3.58E-7
3.18E-7
3.56E-7
5.58E-7
4.61E-7
4.98E-7
3.59E-7
4.73E-7
5.6E-7
4.49E-7
4.05E-7
4.41E-7
3.64E-7
4.65E-7
1.144E-6
6.29E-7
7.04E-7
4.8E-7
3.4E-7
4.82E-7
3.51E-7
3.65E-7
4.17E-7
4.88E-7
3.88E-7
3.82E-7
7.78E-7
5.53E-7
3.73E-7
4.57E-7
3.4E-7
6.09E-7
4.29E-7
5.34E-7
3.5E-7
3.28E-7
4.52E-7
4.82E-7
3.68E-7
3.99E-7
5.63E-7
3.7E-7
3.69E-7
4.53E-7
5.83E-7
3.66E-7
4.29E-7
3.95E-7
4.21E-7
2.93E-7
1.117E-6
8.16E-7
5.66E-7
5.23E-7
6.39E-7
4.74E-7
8.29E-7
3.49E-7
4.48E-7
6.25E-7
3.06E-7
6.77E-7
6.02E-7
3.34E-7
3.46E-7
4.47E-7
3.65E-7
4.93E-7
4.3E-7
3.63E-7
6.32E-7
5.87E-7
6.76E-7
3.1E-7
4.19E-7
6.32E-7
4.07E-7
5.13E-7
5.77E-7
6.02E-7
2.73E-7
3.74E-7
3.47E-7
4.56E-7
4.58E-7
3.42E-7
4.33E-7
4.09E-7
4.03E-7
3.44E-7
4.92E-7
4.16E-7
4.64E-7
2.72E-7
4.26E-7
3.65E-7
4.21E-7
3.28E-7
3.46E-7
3.63E-7
7.67E-7
3.68E-7
3.18E-7
6.52E-7
5.85E-7
3.97E-7
4.5E-7
4.56E-7
4.8E-7
3.67E-7
5.73E-7
8.92E-7
4.51E-7
3.27E-7
3.28E-7
4.21E-7
4.27E-7
3.95E-7
4.72E-7
3.5E-7
4.01E-7
4.7E-7
9.78E-7
5.33E-7
7.23E-7
3.65E-7
3.97E-7
3.99E-7
4.87E-7
4.29E-7
5.01E-7
2.75E-7
5.83E-7
2.92E-7
4.38E-7
4.46E-7
3.36E-7
4.41E-7
4.58E-7
4.31E-7
4.57E-7
3.92E-7
4.92E-7
4.5E-7
3.71E-7
4.86E-7
3.4E-7
5.11E-7
5.92E-7
2.87E-7
3.63E-7
3.84E-7
4.53E-7
4.88E-7
5.41E-7
6.36E-7
3.9E-7
5.23E-7
3.82E-7
3.74E-7
7.41E-7
3.52E-7
3.95E-7
5.15E-7
3.52E-7
3.81E-7
3.86E-7
3.94E-7
5.79E-7
3.51E-7
3.45E-7
5.0E-7
3.85E-7
5.2E-7
3.77E-7
4.71E-7
4.98E-7
5.02E-7
3.42E-7
6.38E-7
6.77E-7
3.12E-7
4.75E-7
3.28E-7
3.98E-7
4.37E-7
7.56E-7
4.65E-7
4.85E-7
3.56E-7
4.82E-7
3.14E-7
4.3E-7
3.59E-7
4.41E-7
4.02E-7
3.7E-7
6.98E-7
6.85E-7
3.24E-7
4.47E-7
5.01E-7
4.5E-7
3.47E-7
5.99E-7
4.27E-7
6.34E-7
3.55E-7
5.0E-7
5.13E-7
4.98E-7
3.91E-7
4.79E-7
6.57E-7
4.68E-7
3.97E-7
4.99E-7
4.64E-7
4.43E-7
3.73E-7
3.6E-7
6.09E-7
7.62E-7
2.87E-7
3.58E-7
4.72E-7
3.39E-7
3.48E-7
2.7697E-5
6.25E-7
8.44E-7
4.7E-7
6.94E-7
5.66E-7
6.62E-7
3.61E-7
5.09E-7
3.92E-7
3.49E-7
4.63E-7
1.156E-6
6.01E-7
3.99E-7
6.38E-7
3.19E-7
4.19E-7
4.62E-7
4.55E-7
3.28E-7
7.4E-7
3.95E-7
4.48E-7
6.07E-7
3.41E-7
4.99E-7
3.09E-7
3.82E-7
4.24E-7
4.18E-7
3.59E-7
4.54E-7
2.67E-7
3.62E-7
4.53E-7
3.49E-7
3.85E-7
3.82E-7
2.81E-7
4.34E-7
3.66E-7
5.31E-7
5.19E-7
6.7E-7
5.04E-7
3.69E-7
3.72E-7
3.72E-7
5.72E-7
3.91E-7
7.02E-7
4.16E-7
5.61E-7
5.79E-7
4.95E-7
3.57E-7
7.81E-7
3.06E-7
3.91E-7
5.85E-7
2.95E-7
9.74E-7
4.83E-7
3.66E-7
4.58E-7
5.02E-7
4.85E-7
4.28E-7
4.16E-7
5.45E-7
3.19E-7
4.58E-7
2.7E-7
4.32E-7
5.87E-7
3.36E-7
3.11E-7
4.78E-7
3.91E-7
4.27E-7
4.41E-7
2.82E-7
3.54E-7
7.68E-7
8.48E-7
3.24E-7
4.92E-7
3.62E-7
4.27E-7
5.13E-7
5.17E-7
5.47E-7
4.02E-7
6.23E-7
3.32E-7
4.14E-7
4.64E-7
5.0E-7
2.98E-7
3.69E-7
7.16E-7
3.34E-7
4.17E-7
4.2E-7
6.87E-7
1.001E-6
3.62E-7
5.95E-7
1.043E-6
4.8E-7
5.02E-7
3.77E-7
5.08E-7
5.3E-7
3.21E-7
3.5E-7
5.84E-7
4.25E-7
6.24E-7
3.56E-7
3.21E-7
3.67E-7
4.34E-7
3.48E-7
3.45E-7
4.93E-7
3.4E-7
4.75E-7
3.52E-7
4.4E-7
3.75E-7
5.16E-7
4.7E-7
3.68E-7
5.95E-7
3.09E-7
3.25E-7
7.06E-7
3.66E-7
5.77E-7
3.28E-7
4.91E-7
9.49E-7
4.51E-7
6.82E-7
3.23E-7
4.33E-7
3.59E-7
3.87E-7
3.87E-7
3.97E-7
3.6E-7
5.62E-7
3.5E-7
5.02E-7
3.69E-7
4.14E-7
3.26E-7
7.65E-7
3.54E-7
2.96E-7
4.61E-7
2.59E-7
3.47E-7
3.21E-7
5.36E-7
6.91E-7
2.86E-7
3.57E-7
3.39E-7
3.22E-7
3.54E-7
4.97E-7
4.09E-7
4.78E-7
3.64E-7
4.52E-7
3.74E-7
5.44E-7
3.22E-7
3.73E-7
4.51E-7
3.34E-7
4.0E-7
4.15E-7
4.85E-7
4.11E-7
4.14E-7
9.77E-7
3.77E-7
2.65E-7
3.35E-7
3.12E-7
3.59E-7
3.17E-7
4.78E-7
5.57E-7
3.28E-7
6.12E-7
3.03E-7
3.52E-7
6.06E-7
4.15E-7
4.03E-7
3.9E-7
3.6E-7
5.87E-7
4.2E-7
2.72E-7
6.57E-7
2.57E-7
4.94E-7
3.16E-7
3.3E-7
9.71E-7
4.25E-7
3.42E-7
4.96E-7
4.8E-7
3.42E-7
6.34E-7
2.64E-7
5.33E-7
4.38E-7
4.78E-7
3.56E-7
2.91E-7
4.4E-7
6.66E-7
9.29E-7
3.57E-7
3.2E-7
5.23E-7
3.45E-7
5.61E-7
4.83E-7
2.71E-7
3.4E-7
3.38E-7
4.28E-7
3.33E-7
4.73E-7
3.96E-7
5.66E-7
2.98E-7
4.66E-7
3.41E-7
4.05E-7
3.91E-7
3.96E-7
3.24E-7
7.44E-7
3.24E-7
4.19E-7
4.47E-7
2.74E-7
3.86E-7
3.92E-7
2.59E-7
5.97E-7
5.33E-7
3.63E-7
4.04E-7
5.14E-7
5.88E-7
4.74E-7
4.51E-7
4.59E-7
2.63E-7
4.68E-7
3.75E-7
5.11E-7
3.84E-7
3.72E-7
4.42E-7
4.64E-7
3.42E-7
3.9E-7
3.81E-7
5.84E-7
3.1E-7
3.7E-7
6.41E-7
2.73E-7
4.26E-7
4.15E-7
4.88E-7
3.64E-7
3.79E-7
7.84E-7
2.52E-7
3.95E-7
3.41E-7
4.41E-7
3.83E-7
5.96E-7
7.22E-7
3.66E-7
7.22E-7
3.25E-7
3.69E-7
4.26E-7
4.06E-7
5.58E-7
3.68E-7
4.45E-7
4.28E-7
2.96E-7
4.25E-7
6.05E-7
3.5E-7
4.74E-7
3.69E-7
4.18E-7
3.19E-7
3.7E-7
3.09E-7
4.02E-7
3.7E-7
6.84E-7
3.18E-7
3.2E-7
6.35E-7
2.92E-7
4.4E-7
3.01E-7
3.65E-7
4.19E-7
8.38E-7
3.24E-7
5.01E-7
3.75E-7
3.28E-7
6.08E-7
4.45E-7
3.2E-7
3.96E-7
3.87E-7
4.69E-7
3.86E-7
3.56E-7
5.04E-7
5.9E-7
4.24E-7
6.53E-7
4.3E-7
5.7E-7
3.0E-7
3.86E-7
3.54E-7
2.86E-7
4.01E-7
4.55E-7
2.68E-7
3.96E-7
3.62E-7
6.52E-7
4.9E-7
3.08E-7
4.88E-7
5.29E-7
5.37E-7
3.76E-7
4.53E-7
5.7E-7
4.82E-7
3.06E-7
5.26E-7
4.32E-7
3.42E-7
4.07E-7
3.34E-7
5.43E-7
3.12E-7
3.69E-7
5.41E-7
3.4E-7
7.22E-7
5.92E-7
4.99E-7
3.83E-7
3.83E-7
4.86E-7
7.21E-7
4.56E-7
3.38E-7
3.67E-7
5.24E-7
5.36E-7
4.91E-7
4.45E-7
3.36E-7
4.49E-7
5.41E-7
8.87E-7
3.17E-7
3.26E-7
5.29E-7
5.03E-7
4.74E-7
3.29E-7
3.71E-7
4.51E-7
3.31E-7
5.39E-7
4.03E-7
3.38E-7
3.88E-7
3.43E-7
3.62E-7
5.03E-7
4.49E-7
3.37E-7
4.16E-7
6.14E-7
2.71E-7
3.38E-7
3.58E-7
3.19E-7
6.5E-7
2.83E-7
4.52E-7
4.02E-7
5.15E-7
5.96E-7
3.31E-7
5.54E-7
3.59E-7
4.13E-7
2.81E-7
5.77E-7
5.5E-7
4.62E-7
8.17E-7
3.78E-7
3.55E-7
9.63E-7
3.03E-7
3.69E-7
3.66E-7
5.4E-7
4.9E-7
3.88E-7
5.68E-7
8.36E-7
3.74E-7
5.8E-7
3.0E-7
5.61E-7
4.76E-7
2.78E-7
3.31E-7
5.93E-7
3.68E-7
4.81E-7
2.74E-7
3.46E-7
4.91E-7
3.56E-7
3.68E-7
4.37E-7
2.7E-7
3.19E-7
3.42E-7
4.42E-7
5.01E-7
3.42E-7
3.33E-7
3.3E-7
3.49E-7
3.63E-7
5.19E-7
2.73E-7
3.81E-7
4.83E-7
3.44E-7
3.38E-7
4.0E-7
4.96E-7
6.53E-7
2.7E-7
4.32E-7
3.09E-7
4.11E-7
5.17E-7
3.65E-7
3.69E-7
3.65E-7
4.61E-7
5.86E-7
3.4E-7
3.64E-7
5.72E-7
4.34E-7
3.37E-7
3.33E-7
5.01E-7
4.18E-7
4.11E-7
2.62E-7
3.99E-7
3.25E-7
3.91E-7
5.41E-7
5.75E-7
5.87E-7
3.39E-7
5.99E-7
2.53E-7
3.15E-7
7.76E-7
3.52E-7
3.68E-7
6.63E-7
5.78E-7
3.34E-7
3.56E-7
3.54E-7
3.62E-7
5.28E-7
4.43E-7
5.2E-7
4.53E-7
2.75E-7
3.23E-7
4.52E-7
4.7E-7
5.31E-7
3.69E-7
3.94E-7
4.38E-7
6.5E-7
5.62E-7
4.1E-7
3.62E-7
4.18E-7
6.36E-7
4.81E-7
4.2E-7
3.7E-7
3.61E-7
6.48E-7
3.31E-7
5.07E-7
3.27E-7
3.16E-7
1.075E-6
4.03E-7
6.52E-7
2.71E-7
5.88E-7
3.12E-7
4.8E-7
3.82E-7
4.5E-7
3.73E-7
5.26E-7
3.39E-7
4.29E-7
4.4E-7
5.69E-7
3.8E-7
3.44E-7
2.66E-7
4.0E-7
3.48E-7
3.69E-7
3.4E-7
3.54E-7
5.48E-7
2.73E-7
3.6E-7
3.46E-7
4.68E-7
2.69E-7
4.37E-7
3.31E-7
3.89E-7
4.33E-7
3.31E-7
4.1E-7
2.54E-7
3.56E-7
3.94E-7
3.96E-7
3.16E-7
4.14E-7
4.28E-7
3.23E-7
5.79E-7
3.41E-7
4.53E-7
4.3E-7
4.1E-7
5.21E-7
3.92E-7
5.91E-7
4.51E-7
5.11E-7
3.01E-7
5.23E-7
2.59E-7
5.76E-7
3.92E-7
3.18E-7
6.39E-7
4.01E-7
3.29E-7
4.07E-7
4.66E-7
3.29E-7
4.26E-7
3.8E-7
4.28E-7
2.65E-7
3.56E-7
5.87E-7
3.93E-7
3.93E-7
4.37E-7
2.61E-7
3.76E-7
4.14E-7
3.57E-7
5.68E-7
3.38E-7
6.7E-7
7.24E-7
2.69E-7
3.58E-7
3.7E-7
3.55E-7
3.2E-7
5.25E-7
4.47E-7
3.28E-7
4.9E-7
4.27E-7
7.23E-7
4.83E-7
7.12E-7
3.79E-7
4.07E-7
4.01E-7
5.35E-7
6.41E-7
4.74E-7
4.93E-7
3.42E-7
3.75E-7
3.21E-7
4.82E-7
4.02E-7
3.51E-7
3.86E-7
1.08E-6
3.75E-7
4.58E-7
3.79E-7
4.89E-7
4.96E-7
4.29E-7
3.78E-7
4.07E-7
5.28E-7
2.83E-7
4.41E-7
3.63E-7
3.88E-7
4.29E-7
6.49E-7
5.8E-7
3.65E-7
3.85E-7
4.0E-7
3.14E-7
5.89E-7
3.43E-7
5.19E-7
5.83E-7
3.06E-7
5.05E-7
5.53E-7
3.83E-7
4.35E-7
4.39E-7
3.29E-7
3.61E-7
6.4E-7
4.56E-7
3.51E-7
4.16E-7
4.88E-7
4.06E-7
4.54E-7
3.66E-7
4.35E-7
3.56E-7
6.02E-7
4.55E-7
4.13E-7
4.79E-7
4.49E-7
3.99E-7
4.95E-7
4.98E-7
1.688E-6
4.27E-7
4.22E-7
3.35E-7
3.99E-7
7.83E-7
4.61E-7
4.62E-7
4.95E-7
2.57E-7
3.89E-7
3.31E-7
4.61E-7
3.77E-7
4.65E-7
4.55E-7
4.32E-7
3.72E-7
6.9E-7
4.4E-7
3.31E-7
7.3E-7
3.61E-7
3.79E-7
4.7E-7
3.07E-7
4.33E-7
4.91E-7
3.19E-7
4.23E-7
5.79E-7
4.76E-7
3.38E-7
5.26E-7
4.6E-7
5.68E-7
3.37E-7
3.84E-7
3.82E-7
4.75E-7
6.95E-7
3.14E-7
4.47E-7
4.81E-7
3.34E-7
7.19E-7
5.19E-7
3.6E-7
6.65E-7
3.12E-7
3.46E-7
6.68E-7
4.54E-7
6.63E-7
3.65E-7
3.97E-7
3.56E-7
3.29E-7
3.41E-7
5.21E-7
8.42E-7
5.15E-7
2.72E-7
3.23E-7
5.26E-7
4.39E-7
2.81E-7
3.58E-7
4.27E-7
4.84E-7
3.05E-7
4.31E-7
3.57E-7
4.78E-7
3.2E-7
3.95E-7
4.68E-7
3.08E-7
4.19E-7
6.15E-7
2.65E-7
3.22E-7
4.59E-7
4.28E-7
5.08E-7
4.39E-7
4.92E-7
3.93E-7
5.56E-7
2.79E-7
3.78E-7
3.76E-7
3.22E-7
4.79E-7
4.29E-7
4.18E-7
3.89E-7
4.34E-7
3.42E-7
3.06E-7
3.18E-7
6.72E-7
4.0E-7
4.28E-7
8.9E-7
3.32E-7
4.56E-7
1.191E-6
7.33E-7
8.35E-7
5.68E-7
5.36E-7
7.0E-7
4.57E-7
5.51E-7
7.41E-7
6.61E-7
6.45E-7
7.86E-7
5.19E-7
5.92E-7
6.15E-7
5.88E-7
6.73E-7
7.91E-7
7.01E-7
9.94E-7
6.33E-7
8.73E-7
5.81E-7
5.69E-7
1.119E-6
5.64E-7
1.017E-6
9.85E-7
5.9E-7
1.275E-6
1.17E-6
6.22E-7
6.43E-7
6.27E-7
5.43E-7
5.93E-7
7.78E-7
8.96E-7
5.57E-7
1.43E-6
4.8E-7
6.33E-7
5.69E-7
5.71E-7
8.89E-7
8.36E-7
9.2E-7
4.49E-7
5.31E-7
9.11E-7
7.27E-7
5.41E-7
6.41E-7
8.99E-7
9.41E-7
4.9E-7
7.6E-7
4.97E-7
6.08E-7
8.92E-7
1.047E-6
8.87E-7
6.79E-7
6.72E-7
5.3E-7
4.92E-7
5.07E-7
6.68E-7
3.74E-7
2.223E-6
9.6E-7
5.68E-7
7.92E-7
9.73E-7
1.232E-6
8.92E-7
4.51E-7
9.4E-7
9.81E-7
6.25E-7
4.47E-7
1.036E-6
4.27E-7
1.131E-6
6.83E-7
8.76E-7
6.28E-7
7.21E-7
1.088E-6
6.69E-7
5.47E-7
1.109E-6
9.86E-7
1.062E-6
6.12E-7
6.49E-7
6.1E-7
7.02E-7
6.49E-7
7.2E-7
4.6E-7
6.99E-7
5.7E-7
8.45E-7
5.16E-7
1.164E-6
8.03E-7
6.76E-7
8.8E-7
4.82E-7
8.25E-7
9.55E-7
5.61E-7
8.63E-7
6.47E-7
5.49E-7
1.072E-6
4.07E-7
8.69E-7
4.83E-7
4.97E-7
5.94E-7
6.08E-7
6.42E-7
9.58E-7
7.22E-7
1.056E-6
1.293E-6
7.55E-7
8.46E-7
4.82E-7
1.329E-6
1.132E-6
9.04E-7
6.12E-7
6.48E-7
7.8E-7
1.093E-6
1.038E-6
5.83E-7
1.359E-6
1.137E-6
9.14E-7
6.08E-7
7.22E-7
6.11E-7
1.244E-6
5.08E-7
6.93E-7
7.54E-7
6.07E-7
6.28E-7
9.82E-7
8.27E-7
1.079E-6
6.09E-7
5.69E-7
1.006E-6
9.92E-7
7.34E-7
5.23E-7
6.8E-7
6.11E-7
4.42E-7
9.17E-7
6.91E-7
6.16E-7
1.06E-6
4.52E-7
5.89E-7
7.48E-7
6.18E-7
9.44E-7
8.93E-7
6.63E-7
5.77E-7
8.04E-7
2.129E-6
8.94E-7
5.04E-7
4.61E-7
5.82E-7
5.89E-7
6.27E-7
6.27E-7
5.34E-7
1.203E-6
8.53E-7
7.96E-7
9.22E-7
4.41E-7
6.0E-7
7.78E-7
6.01E-7
6.55E-7
1.077E-6
7.73E-7
7.4E-7
7.86E-7
7.4E-7
6.89E-7
4.66E-7
5.76E-7
7.67E-7
6.28E-7
9.26E-7
5.69E-7
1.138E-6
5.85E-7
9.44E-7
5.34E-7
6.82E-7
5.1E-7
9.86E-7
7.89E-7
5.74E-7
6.21E-7
1.019E-6
6.29E-7
6.41E-7
6.08E-7
7.54E-7
9.43E-7
5.92E-7
9.21E-7
9.12E-7
9.63E-7
5.88E-7
5.79E-7
7.49E-7
6.01E-7
1.442E-6
6.15E-7
5.3E-7
5.76E-7
9.89E-7
4.77E-7
8.17E-7
7.59E-7
6.27E-7
1.262E-6
6.97E-7
8.57E-7
5.03E-7
1.099E-6
9.5E-7
8.73E-7
1.16E-6
6.47E-7
4.6E-7
5.41E-7
7.82E-7
4.83E-7
1.303E-6
5.99E-7
1.204E-6
5.66E-7
6.93E-7
9.94E-7
5.24E-7
8.95E-7
4.59E-7
8.1E-7
4.43E-7
4.27E-7
6.22E-7
1.286E-6
8.6E-7
1.196E-6
4.74E-7
9.53E-7
5.49E-7
5.25E-7
1.053E-6
8.1E-7
4.89E-7
6.08E-7
9.65E-7
9.91E-7
4.89E-7
5.98E-7
1.055E-6
8.7E-7
8.49E-7
5.9E-7
1.014E-6
6.85E-7
5.56E-7
1.571E-6
1.209E-6
5.3E-7
6.42E-7
8.75E-7
6.09E-7
5.93E-7
7.94E-7
9.97E-7
5.82E-7
8.04E-7
8.11E-7
4.98E-7
8.68E-7
6.35E-7
9.45E-7
8.41E-7
1.013E-6
6.08E-7
1.02E-6
6.44E-7
8.34E-7
9.75E-7
1.905E-6
5.7E-7
9.32E-7
5.46E-7
9.23E-7
6.14E-7
8.61E-7
6.61E-7
5.63E-7
9.13E-7
8.89E-7
6.48E-7
6.39E-7
6.43E-7
7.83E-7
1.033E-6
6.99E-7
8.52E-7
6.31E-7
1.222E-6
5.8E-7
5.31E-7
5.39E-7
7.59E-7
9.95E-7
3.75E-7
6.18E-7
9.57E-7
4.07E-7
5.2E-7
1.228E-6
4.75E-7
7.56E-7
1.149E-6
9.08E-7
7.11E-7
1.023E-6
6.6E-7
7.0E-7
3.46E-7
9.38E-7
4.4E-7
5.38E-7
6.61E-7
3.54E-7
1.507E-6
7.02E-7
4.91E-7
9.04E-7
7.93E-7
5.54E-7
8.56E-7
7.81E-7
5.98E-7
9.14E-7
4.55E-7
5.5E-7
6.85E-7
5.0E-7
9.45E-7
8.6E-7
5.57E-7
5.88E-7
8.45E-7
6.5E-7
5.69E-7
8.25E-7
5.95E-7
8.12E-7
4.83E-7
7.33E-7
5.84E-7
6.52E-7
5.52E-7
5.5E-7
6.36E-7
4.99E-7
8.48E-7
6.77E-7
4.11E-7
5.91E-7
7.45E-7
1.116E-6
4.5E-7
7.04E-7
4.3E-7
1.9E-6
8.96E-7
1.196E-6
8.9E-7
7.12E-7
6.95E-7
9.11E-7
8.56E-7
4.38E-7
6.8E-7
8.22E-7
5.63E-7
5.6E-7
5.49E-7
8.45E-7
5.53E-7
6.95E-7
8.74E-7
4.33E-7
1.113E-6
4.51E-7
7.23E-7
6.77E-7
8.1E-7
9.62E-7
4.95E-7
6.07E-7
7.25E-7
7.15E-7
6.19E-7
8.15E-7
5.36E-7
7.14E-7
7.4E-7
8.65E-7
4.4E-7
4.95E-7
1.017E-6
8.72E-7
7.05E-7
1.261E-6
5.53E-7
5.94E-7
8.94E-7
5.76E-7
9.42E-7
5.47E-7
3.84E-7
5.93E-7
6.14E-7
7.09E-7
3.97E-7
6.65E-7
6.43E-7
8.61E-7
5.1E-7
6.65E-7
1.054E-6
4.09E-7
1.187E-6
1.371E-6
1.337E-6
4.85E-7
9.73E-7
4.63E-7
7.62E-7
1.008E-6
5.37E-7
1.153E-6
5.88E-7
7.67E-7
5.44E-7
7.3E-7
8.53E-7
4.21E-7
5.73E-7
7.12E-7
1.163E-6
5.88E-7
5.85E-7
1.007E-6
5.14E-7
5.92E-7
5.48E-7
6.51E-7
8.55E-7
6.05E-7
4.72E-7
9.1E-7
4.34E-7
8.65E-7
1.1E-6
3.84E-7
9.1E-7
5.92E-7
6.23E-7
7.43E-7
5.58E-7
7.65E-7
9.64E-7
3.84E-7
1.063E-6
5.42E-7
7.99E-7
5.31E-7
1.351E-6
3.057E-6
4.1E-7
6.73E-7
1.196E-6
7.12E-7
4.22E-7
6.74E-7
6.26E-7
8.15E-7
5.5E-7
7.05E-7
6.71E-7
7.33E-7
1.077E-6
1.208E-6
8.85E-7
4.85E-7
5.81E-7
6.09E-7
4.1E-7
6.6E-7
5.03E-7
5.56E-7
5.22E-7
6.02E-7
6.09E-7
6.78E-7
3.65E-7
5.17E-7
6.11E-7
4.2E-7
1.096E-6
4.11E-7
7.03E-7
1.108E-6
5.47E-7
6.88E-7
4.76E-7
6.37E-7
6.76E-7
