5.976E-6
2.115E-6
1.483E-6
1.326E-6
1.112E-6
1.294E-6
9.77E-7
1.837E-6
1.077E-6
6.84E-7
7.26E-7
8.04E-7
8.93E-7
1.277E-6
1.404E-6
1.083E-6
1.057E-6
1.006E-6
1.168E-6
9.83E-7
1.228E-6
8.21E-7
1.127E-6
6.06E-7
1.052E-6
1.345E-6
5.71E-7
7.95E-7
1.072E-6
8.74E-7
1.853E-6
1.259E-6
1.399E-6
7.89E-7
6.37E-7
1.382E-6
7.37E-7
8.4E-7
9.78E-7
6.23E-7
1.035E-6
1.332E-6
7.01E-7
1.242E-6
9.5E-7
8.19E-7
9.62E-7
1.057E-6
1.17E-6
4.529E-6
8.05E-7
1.045E-6
5.1E-7
7.94E-7
1.075E-6
7.14E-7
1.215E-6
9.77E-7
9.17E-7
1.3E-6
7.72E-7
5.97E-7
1.148E-6
1.263E-6
6.94E-7
7.24E-7
8.6E-7
1.537E-6
9.69E-7
1.17E-6
1.131E-6
8.2E-7
2.92E-6
8.94E-7
8.27E-7
1.238E-6
1.234E-6
8.12E-7
6.63E-7
1.271E-6
1.433E-6
5.48E-7
6.72E-7
1.075E-6
1.081E-6
9.21E-7
5.03E-7
1.007E-6
1.155E-6
5.45E-7
4.93E-7
7.34E-7
1.242E-6
8.61E-7
1.142E-6
8.34E-7
1.186E-6
5.35E-7
7.55E-7
1.25E-6
6.9E-7
9.29E-7
5.11E-7
7.34E-7
7.33E-7
1.364E-6
6.92E-7
7.94E-7
1.075E-6
1.603E-6
8.17E-7
9.88E-7
7.1E-7
7.45E-7
7.62E-7
5.63E-7
1.652E-6
1.863E-6
6.37E-7
1.081E-6
8.79E-7
1.266E-6
1.017E-6
1.348E-6
1.041E-6
1.031E-6
1.102E-6
1.259E-6
8.68E-7
2.713E-6
8.32E-7
6.3E-7
6.53E-7
8.23E-7
6.62E-7
1.458E-6
5.78E-7
1.05E-6
1.22E-6
8.42E-7
1.151E-6
7.01E-7
7.65E-7
1.499E-6
9.25E-7
1.009E-6
1.22E-6
6.64E-7
8.48E-7
1.312E-6
8.41E-7
1.174E-6
1.179E-6
1.109E-6
6.54E-7
1.019E-6
7.74E-7
1.17E-6
7.09E-7
6.91E-7
1.187E-6
8.59E-7
6.14E-7
6.44E-7
1.321E-6
1.65E-6
7.49E-7
1.041E-6
9.3E-7
6.27E-7
9.07E-7
1.084E-6
7.82E-7
6.34E-7
1.388E-6
6.61E-7
1.104E-6
1.457E-6
7.04E-7
1.733E-6
7.3E-7
1.423E-6
1.265E-6
7.21E-7
7.29E-7
6.08E-7
1.823E-6
1.356E-6
7.58E-7
9.75E-7
8.21E-7
1.541E-6
1.086E-6
7.55E-7
1.7512E-5
6.11E-7
7.75E-7
1.51E-6
1.253E-6
5.36E-7
7.09E-7
1.647E-6
6.56E-7
1.384E-6
1.004E-6
1.143E-6
6.7E-7
6.42E-7
1.123E-6
1.072E-6
1.705E-6
7.13E-7
9.29E-7
1.628E-6
6.94E-7
1.639E-6
1.12E-6
1.453E-6
9.65E-7
1.484E-6
6.59E-7
1.723E-6
6.18E-7
1.698E-6
6.78E-7
6.02E-7
1.25E-6
6.42E-7
1.226E-6
5.84E-7
1.047E-6
1.009E-6
5.75E-7
1.071E-6
7.32E-7
1.246E-6
1.332E-6
1.159E-6
9.76E-7
1.269E-6
6.79E-7
1.144E-6
1.214E-6
6.39E-7
1.744E-6
8.0E-7
1.124E-6
9.28E-7
1.6E-6
7.12E-7
1.833E-6
5.5E-7
6.83E-7
1.32E-6
2.356E-6
1.252E-6
1.662E-6
1.414E-6
5.62E-7
1.435E-6
7.76E-7
1.25E-6
6.35E-7
1.093E-6
4.8E-7
9.02E-7
1.043E-6
1.622E-6
1.234E-6
8.33E-7
1.054E-6
1.212E-6
4.81E-7
7.69E-7
1.356E-6
1.187E-6
4.91E-7
1.273E-6
1.647E-6
1.633E-6
4.76E-7
1.185E-6
6.75E-7
2.612E-6
1.458E-6
7.6E-7
7.94E-7
1.603E-6
6.88E-7
1.437E-6
6.91E-7
1.613E-6
5.04E-7
1.412E-6
1.451E-6
9.44E-7
7.3E-7
1.206E-6
7.48E-7
1.286E-6
5.62E-7
1.538E-6
1.225E-6
6.05E-7
8.32E-7
1.418E-6
1.222E-6
6.99E-7
9.8E-7
1.031E-6
6.44E-7
8.76E-7
7.27E-7
7.52E-7
1.28E-6
1.338E-6
7.36E-7
1.201E-6
1.613E-6
1.639E-6
6.87E-7
9.25E-7
1.778E-6
7.98E-7
1.009E-6
1.387E-6
7.96E-7
1.333E-6
6.49E-7
8.45E-7
7.55E-7
7.11E-7
1.44E-6
1.142E-6
1.408E-6
1.705E-6
1.377E-6
1.067E-6
7.42E-7
9.05E-7
1.131E-6
8.5E-7
1.373E-6
9.98E-7
5.34E-7
1.412E-6
1.558E-6
5.6E-7
1.218E-6
1.28E-6
1.794E-6
7.28E-7
1.304E-6
3.791E-6
7.21E-7
7.54E-7
1.76E-6
1.442E-6
9.22E-7
7.91E-7
1.669E-6
7.15E-7
1.143E-6
5.78E-7
7.12E-7
1.427E-6
1.451E-6
8.0E-7
8.3E-7
1.018E-6
7.68E-7
1.096E-6
1.243E-6
7.81E-7
8.47E-7
1.045E-6
2.234E-6
1.86E-6
7.01E-7
9.77E-7
1.178E-6
7.54E-7
1.307E-6
6.1E-7
1.522E-6
6.93E-7
8.37E-7
8.97E-7
9.28E-7
1.346E-6
7.14E-7
1.29E-6
6.8E-7
5.99E-7
1.328E-6
1.09E-6
1.519E-6
7.25E-7
1.709E-6
7.72E-7
9.63E-7
1.022E-6
8.46E-7
1.269E-6
1.07E-6
1.657E-6
8.31E-7
1.645E-6
1.439E-6
6.56E-7
9.07E-7
6.0E-7
5.62E-7
1.336E-6
1.116E-6
5.49E-7
1.388E-6
1.309E-6
3.172E-6
1.106E-6
1.209E-6
1.502E-6
6.12E-7
1.072E-6
7.48E-7
7.39E-7
6.78E-7
9.63E-7
6.77E-7
8.96E-7
1.108E-6
7.99E-7
1.168E-6
6.99E-7
1.038E-6
5.65E-7
1.552E-6
8.63E-7
6.97E-7
9.66E-7
6.95E-7
1.484E-6
1.183E-6
1.468E-6
7.21E-7
1.026E-6
3.432E-6
1.111E-6
6.71E-7
1.324E-6
1.137E-6
9.65E-7
6.53E-7
6.04E-7
1.194E-6
5.12E-7
1.139E-6
1.18E-6
6.22E-7
1.26E-6
6.4E-7
1.25E-6
8.66E-7
6.63E-7
1.504E-6
5.37E-7
6.8E-7
8.67E-7
6.23E-7
1.325E-6
7.53E-7
9.92E-7
9.2E-7
1.369E-6
8.03E-7
7.39E-7
1.327E-6
1.425E-6
5.82E-7
7.7E-7
1.643E-6
7.22E-7
4.81E-7
7.26E-7
1.272E-6
1.205E-6
6.62E-7
1.343E-6
7.34E-7
7.37E-7
1.286E-6
8.51E-7
7.87E-7
1.212E-6
6.44E-7
5.29E-7
8.31E-7
5.62E-7
2.058E-6
1.538E-6
5.71E-7
1.629E-6
1.131E-6
1.236E-6
1.517E-6
1.623E-6
7.69E-7
7.41E-7
1.025E-6
7.61E-7
8.49E-7
4.73E-7
8.22E-7
1.461E-6
5.72E-7
1.255E-6
1.786E-6
8.42E-7
8.51E-7
1.472E-6
1.317E-6
1.237E-6
6.38E-7
1.689E-6
1.338E-6
5.44E-7
1.354E-6
7.35E-7
1.549E-6
5.34E-7
7.09E-7
1.181E-6
8.87E-7
1.239E-6
1.11E-6
1.241E-6
1.19E-6
7.27E-7
8.21E-7
1.353E-6
6.15E-7
7.41E-7
7.38E-7
9.04E-7
1.125E-6
1.024E-6
1.274E-6
8.58E-7
7.04E-7
1.34E-6
1.388E-6
5.7E-7
1.739E-6
5.63E-7
6.16E-7
7.1E-7
1.543E-6
1.497E-6
1.726E-6
5.98E-7
6.53E-7
1.284E-6
1.04E-6
1.251E-6
8.48E-7
1.369E-6
1.128E-6
7.84E-7
5.48E-7
8.36E-7
1.779E-6
6.53E-7
1.137E-6
1.254E-6
1.076E-6
1.283E-6
7.75E-7
1.375E-6
1.095E-6
7.37E-7
1.324E-6
1.398E-6
8.31E-7
1.565E-6
1.125E-6
9.19E-7
6.78E-7
6.34E-7
1.255E-6
7.97E-7
1.358E-6
1.215E-6
1.355E-6
6.21E-7
1.832E-6
7.45E-7
9.72E-7
1.344E-6
1.509E-6
1.027E-6
9.77E-7
1.659E-6
1.137E-6
6.3E-7
2.047E-6
7.45E-7
1.074E-6
6.09E-7
1.403E-6
8.73E-7
1.838E-6
7.77E-7
6.21E-7
1.75E-6
1.444E-6
6.34E-7
1.256E-6
2.529E-6
1.403E-6
1.177E-6
6.25E-7
1.245E-6
1.686E-6
6.84E-7
8.22E-7
1.175E-6
6.65E-7
7.86E-7
1.474E-6
5.94E-7
6.31E-7
7.46E-7
1.312E-6
1.121E-6
1.188E-6
5.24E-7
1.322E-6
6.37E-7
1.249E-6
5.08E-7
6.12E-7
1.016E-6
1.372E-6
7.62E-7
1.371E-6
8.83E-7
1.642E-6
1.705E-6
8.49E-7
9.68E-7
1.673E-6
7.01E-7
1.38E-6
1.115E-6
1.062E-6
8.67E-7
1.052E-6
1.08E-6
9.88E-7
8.41E-7
2.034E-6
1.821E-6
7.85E-7
8.16E-7
1.937E-6
1.192E-6
1.332E-6
1.898E-6
5.53E-7
6.58E-7
1.602E-6
7.85E-7
2.002E-6
9.1E-7
7.5E-7
1.169E-6
1.474E-6
7.98E-7
7.13E-7
1.205E-6
5.6E-7
6.99E-7
1.751E-6
1.266E-6
7.63E-7
8.48E-7
7.69E-7
1.866E-6
1.646E-6
1.104E-6
8.88E-7
1.256E-6
5.65E-7
1.637E-6
7.18E-7
6.31E-7
1.313E-6
5.82E-7
1.318E-6
7.52E-7
6.08E-7
1.429E-6
1.015E-6
1.795E-6
1.608E-6
8.01E-7
1.386E-6
5.87E-7
6.51E-7
1.325E-6
1.713E-6
7.59E-7
8.38E-7
1.308E-6
1.626E-6
4.98E-7
1.008E-6
9.75E-7
7.87E-7
1.281E-6
1.626E-6
5.6E-7
1.472E-6
7.68E-7
7.24E-7
9.21E-7
1.32E-6
1.109E-6
8.2E-7
2.877E-6
1.141E-6
8.68E-7
9.33E-7
1.538E-6
1.227E-6
1.411E-6
7.14E-7
1.016E-6
7.51E-7
1.291E-6
5.25E-7
6.97E-7
7.61E-7
1.396E-6
5.74E-7
8.27E-7
1.159E-6
5.93E-7
6.12E-7
1.129E-6
1.261E-6
8.51E-7
1.485E-6
5.65E-7
1.712E-6
1.227E-6
7.7E-7
1.0E-6
1.473E-6
1.013E-6
1.399E-6
5.66E-7
1.225E-6
1.098E-6
1.421E-6
6.31E-7
5.76E-7
1.418E-6
8.41E-7
1.386E-6
8.63E-7
1.488E-6
6.13E-7
8.6E-7
1.001E-6
1.156E-6
9.24E-7
1.373E-6
5.4E-7
8.14E-7
1.638E-6
7.89E-7
5.61E-7
9.61E-7
7.25E-7
7.96E-7
6.36E-7
6.14E-7
7.96E-7
8.14E-7
1.388E-6
6.83E-7
5.6E-7
1.482E-6
1.058E-6
1.327E-6
7.52E-7
1.195E-6
7.84E-7
6.79E-7
7.32E-7
1.133E-6
7.77E-7
7.08E-7
8.21E-7
7.52E-7
1.034E-6
1.158E-6
1.03E-6
1.1E-6
1.126E-6
7.24E-7
1.438E-6
1.276E-6
7.39E-7
1.984E-6
9.02E-7
6.33E-7
1.364E-6
4.89E-7
8.21E-7
7.75E-7
8.33E-7
6.52E-7
3.89E-6
1.164E-6
5.85E-7
1.551E-6
7.83E-7
1.64E-6
1.408E-6
1.055E-6
1.174E-6
9.62E-7
1.448E-6
2.124E-6
2.32E-6
8.87E-7
5.75E-7
6.9E-7
4.96E-7
1.104E-6
5.62E-7
5.29E-7
1.295E-6
1.793E-6
6.83E-7
8.44E-7
6.41E-7
1.72E-6
6.92E-7
9.69E-7
6.69E-7
9.75E-7
5.5E-7
9.68E-7
1.179E-6
7.58E-7
1.097E-6
4.91E-7
1.518E-6
4.73E-7
1.585E-6
5.78E-7
1.363E-6
5.05E-7
5.2E-7
1.387E-6
5.82E-7
5.17E-7
5.95E-7
1.248E-6
1.551E-6
7.13E-7
7.7E-7
1.347E-6
1.007E-6
4.87E-7
6.25E-7
7.26E-7
9.45E-7
8.47E-7
1.541E-6
8.33E-7
1.24E-6
5.54E-7
6.82E-7
1.877E-6
6.12E-7
8.9E-7
1.19E-6
8.07E-7
9.69E-7
9.77E-7
1.435E-6
7.65E-7
7.59E-7
7.59E-7
1.52E-6
7.53E-7
6.27E-7
1.039E-6
1.731E-6
6.15E-7
7.76E-7
9.57E-7
1.029E-6
1.253E-6
8.03E-7
1.234E-6
4.86E-7
1.189E-6
7.25E-7
1.622E-6
9.08E-7
1.188E-6
8.23E-7
7.79E-7
7.31E-7
5.75E-7
1.204E-6
6.54E-7
7.86E-7
5.91E-7
1.084E-6
5.45E-7
7.32E-7
7.11E-7
1.516E-6
5.23E-7
1.007E-6
1.424E-6
7.26E-7
1.395E-6
5.32E-7
1.76E-6
1.44E-6
5.39E-7
8.8E-7
1.474E-6
1.686E-6
7.12E-7
1.0E-6
1.281E-6
2.858E-6
8.69E-7
7.32E-7
1.184E-6
1.119E-6
1.969E-6
5.21E-7
1.766E-6
1.481E-6
7.63E-7
1.464E-6
5.89E-7
1.058E-6
9.93E-7
4.69E-7
1.095E-6
3.336E-6
5.6E-7
6.05E-7
8.39E-7
5.89E-7
1.047E-6
5.04E-7
5.82E-7
8.22E-7
1.667E-6
5.6E-7
8.98E-7
1.278E-6
5.15E-7
4.83E-7
8.77E-7
1.644E-6
1.626E-6
2.407E-6
1.0E-6
1.789E-6
1.222E-6
5.39E-7
7.02E-7
7.47E-7
2.201E-6
8.67E-7
7.49E-7
1.419E-6
5.31E-7
8.31E-7
1.673E-6
1.0E-6
1.442E-6
1.733E-6
9.47E-7
9.0E-7
2.026E-6
1.05E-6
6.35E-7
1.212E-6
6.16E-7
5.75E-7
9.5E-7
8.87E-7
1.473E-6
9.62E-7
2.071E-6
1.11E-6
7.81E-7
1.032E-6
7.64E-7
9.56E-7
6.31E-7
8.82E-7
1.034E-6
7.95E-7
8.83E-7
9.1E-7
1.064E-6
1.492E-6
7.04E-7
7.66E-7
1.532E-6
5.12E-7
1.028E-6
1.839E-6
4.77E-7
6.15E-7
8.85E-7
6.31E-7
7.27E-7
9.95E-7
1.338E-6
9.15E-7
1.317E-6
1.048E-6
1.322E-6
7.56E-7
1.859E-6
1.183E-6
6.86E-7
8.86E-7
8.33E-7
8.31E-7
1.292E-6
1.209E-6
7.57E-7
7.53E-7
1.491E-6
1.397E-6
3.553E-6
2.088E-6
1.392E-6
7.13E-7
7.61E-7
8.72E-7
6.65E-7
6.7E-7
1.68E-6
6.62E-7
7.08E-7
9.33E-7
1.569E-6
6.35E-7
1.361E-6
1.284E-6
6.13E-7
1.084E-6
6.6E-7
1.382E-6
1.63E-6
1.257E-6
5.74E-7
8.76E-7
1.563E-6
1.762E-6
8.9E-7
6.59E-7
1.186E-6
7.16E-7
1.454E-6
7.17E-7
7.69E-7
1.745E-6
7.05E-7
7.97E-7
7.7E-7
1.433E-6
4.96E-7
1.525E-6
1.484E-6
6.33E-7
8.54E-7
1.17E-6
5.14E-7
4.42E-6
9.09E-7
1.332E-6
7.29E-7
1.193E-6
9.76E-7
1.598E-6
5.48E-7
6.78E-7
1.789E-6
5.65E-7
7.08E-7
9.14E-7
7.58E-7
6.65E-7
8.15E-7
4.95E-7
5.77E-7
6.79E-7
1.753E-6
7.39E-7
1.161E-6
1.211E-6
6.3E-7
2.28E-6
5.44E-7
8.98E-7
1.424E-6
7.07E-7
7.69E-7
7.87E-7
8.9E-7
1.452E-6
9.06E-7
1.742E-6
7.74E-7
1.022E-6
1.472E-6
1.025E-6
5.03E-7
1.324E-6
8.12E-7
1.011E-6
6.14E-7
7.75E-7
8.75E-7
6.48E-7
1.208E-6
1.616E-6
7.17E-7
8.57E-7
1.567E-6
7.72E-7
1.082E-6
1.636E-6
6.43E-7
1.205E-6
7.21E-7
1.396E-6
6.11E-7
6.0E-7
1.511E-6
7.13E-7
2.644E-6
1.142E-6
7.8E-7
1.434E-6
7.45E-7
1.369E-6
1.711E-6
1.214E-6
7.66E-7
1.18E-6
4.34E-7
6.63E-7
1.187E-6
1.162E-6
5.58E-7
1.359E-6
6.19E-7
8.59E-7
9.32E-7
2.018E-6
5.57E-7
1.59E-6
1.277E-6
8.52E-7
1.115E-6
1.323E-6
4.95E-7
7.81E-7
1.603E-6
6.65E-7
7.94E-7
1.63E-6
5.2E-7
1.222E-6
8.3E-7
8.96E-7
1.192E-6
8.12E-7
1.959E-6
6.79E-7
1.301E-6
1.299E-6
7.24E-7
5.35E-7
9.83E-7
6.98E-7
1.301E-6
9.0E-7
7.38E-7
1.364E-6
4.9E-7
9.28E-7
1.394E-6
5.56E-7
6.13E-7
1.324E-6
7.09E-7
8.24E-7
5.63E-7
7.62E-7
5.2E-7
1.904E-6
8.87E-7
1.595E-6
8.68E-7
6.19E-7
7.95E-7
5.61E-7
1.323E-6
7.89E-7
6.02E-7
1.04E-6
1.097E-6
5.8E-7
1.365E-6
5.43E-7
7.51E-7
1.345E-6
7.75E-7
1.06E-6
1.598E-6
1.263E-6
9.14E-7
8.24E-7
1.164E-6
6.55E-7
9.04E-7
9.01E-7
4.84E-7
2.15E-6
1.663E-6
7.34E-7
8.72E-7
6.78E-7
9.01E-7
1.871E-6
1.492E-6
1.047E-6
6.12E-7
9.33E-7
6.76E-7
1.745E-6
9.15E-7
7.6E-7
7.82E-7
6.37E-7
3.287E-6
7.44E-7
1.087E-6
9.73E-7
8.18E-7
1.258E-6
5.92E-7
6.29E-7
1.67E-6
1.671E-6
6.44E-7
8.81E-7
1.618E-6
6.67E-7
8.43E-7
9.44E-7
1.703E-6
8.71E-7
7.13E-7
1.747E-6
6.72E-7
1.597E-6
1.919E-6
6.05E-7
1.522E-6
5.58E-7
5.69E-7
7.47E-7
4.68E-7
9.03E-7
7.41E-7
7.7E-7
1.974E-6
5.91E-7
6.82E-7
7.73E-7
1.465E-6
9.56E-7
6.09E-7
7.62E-7
8.66E-7
1.369E-6
1.591E-6
5.72E-7
1.3E-6
7.58E-7
1.299E-6
5.21E-7
1.771E-6
6.99E-7
1.007E-6
1.147E-6
9.21E-7
1.153E-6
8.42E-7
1.074E-6
9.31E-7
8.46E-7
1.124E-6
7.25E-7
1.19E-6
5.55E-7
1.342E-6
9.16E-7
6.85E-7
6.39E-7
8.42E-7
1.458E-6
8.75E-7
6.9E-7
1.252E-6
5.58E-7
6.01E-7
7.91E-7
5.74E-7
1.717E-6
6.05E-7
1.409E-6
7.22E-7
1.597E-6
9.24E-7
7.6E-7
1.147E-6
9.04E-7
6.41E-7
8.87E-7
1.097E-6
9.01E-7
8.58E-7
1.121E-6
1.347E-6
5.7E-7
6.16E-7
1.281E-6
8.72E-7
9.37E-7
9.27E-7
1.802E-6
9.65E-7
5.34E-7
1.232E-6
6.9E-7
1.296E-6
6.81E-7
2.04E-6
7.05E-7
8.26E-7
1.204E-6
8.88E-7
5.67E-7
1.296E-6
1.348E-6
5.41E-7
1.418E-6
4.78E-7
7.62E-7
1.082E-6
5.65E-7
5.75E-7
1.133E-6
5.22E-7
5.22E-7
6.64E-7
3.92E-7
7.23E-7
9.35E-7
6.94E-7
5.71E-7
1.424E-6
4.29E-7
6.83E-7
1.151E-6
6.55E-7
5.37E-7
5.0E-7
1.28E-6
1.366E-6
9.55E-7
1.144E-6
1.584E-6
6.14E-7
1.049E-6
5.7E-7
6.01E-7
1.944E-6
1.539E-6
7.49E-7
1.157E-6
7.21E-7
9.92E-7
4.59E-7
1.539E-6
5.0E-7
1.582E-6
6.14E-7
1.831E-6
7.55E-7
1.126E-6
6.39E-7
1.294E-6
6.67E-7
9.54E-7
6.79E-7
6.9E-7
9.2E-7
7.44E-7
1.992E-6
8.87E-7
6.74E-7
9.47E-7
8.51E-7
6.8E-7
1.447E-6
5.52E-7
5.99E-7
1.544E-6
5.95E-7
2.701E-6
1.957E-6
6.8E-7
1.19E-6
6.81E-7
1.394E-6
1.085E-6
1.618E-6
7.84E-7
7.97E-7
1.356E-6
5.65E-7
5.3E-7
8.21E-7
4.78E-7
5.56E-7
1.156E-6
1.422E-6
8.87E-7
8.26E-7
4.85E-7
8.02E-7
5.92E-7
1.385E-6
2.749E-6
1.695E-6
1.487E-6
1.486E-6
1.364E-6
7.67E-7
1.875E-6
1.249E-6
1.518E-6
1.638E-6
9.79E-7
8.03E-7
9.89E-7
5.08E-7
6.83E-7
1.37E-6
1.024E-6
1.5E-6
5.84E-7
6.71E-7
1.473E-6
6.83E-7
7.66E-7
1.284E-6
2.196E-6
5.53E-7
1.339E-6
1.652E-6
1.038E-6
1.214E-6
1.409E-6
4.75E-7
7.59E-7
9.91E-7
5.76E-7
1.233E-6
6.75E-7
1.159E-6
1.852E-6
1.218E-6
5.54E-7
1.326E-6
9.79E-7
1.927E-6
1.317E-6
1.861E-6
8.82E-7
9.5E-7
1.191E-6
7.23E-7
8.0E-7
1.754E-6
7.25E-7
1.198E-6
5.75E-7
7.02E-7
8.64E-7
9.33E-7
1.722E-6
1.096E-6
7.84E-7
1.36E-6
1.115E-6
2.007E-6
1.017E-6
1.465E-6
2.19E-6
1.842E-6
5.58E-7
7.86E-7
2.118E-6
1.745E-6
8.92E-7
9.97E-7
1.298E-6
9.64E-7
1.312E-6
8.64E-7
1.471E-6
9.5E-7
1.46E-6
1.529E-6
9.48E-7
1.403E-6
5.52E-7
7.31E-7
4.266E-6
7.89E-7
7.19E-7
1.999E-6
5.41E-7
7.58E-7
1.162E-6
1.328E-6
5.87E-7
8.95E-7
1.914E-6
7.87E-7
2.203E-6
9.45E-7
1.864E-6
1.667E-6
5.63E-7
7.65E-7
1.469E-6
6.28E-7
7.67E-7
1.296E-6
1.551E-6
2.223E-6
1.707E-6
7.21E-7
1.012E-6
1.046E-6
7.12E-7
1.469E-6
6.9E-7
7.84E-7
5.58E-7
9.22E-7
9.61E-7
6.67E-7
5.06E-7
9.38E-7
8.57E-7
1.377E-6
9.36E-7
1.718E-6
1.05E-6
1.06E-6
1.633E-6
5.89E-7
1.436E-6
1.236E-6
7.45E-7
1.39E-6
7.24E-7
1.259E-6
6.71E-7
1.395E-6
5.22E-7
1.5E-6
6.85E-7
1.004E-6
1.854E-6
2.072E-6
9.42E-7
6.73E-7
5.23E-7
7.53E-7
1.256E-6
9.14E-7
7.44E-7
1.661E-6
2.181E-6
1.113E-6
1.011E-6
1.533E-6
1.365E-6
9.37E-7
8.28E-7
2.469E-6
8.34E-7
1.482E-6
5.99E-7
1.96E-6
8.36E-7
1.825E-6
6.96E-7
7.32E-7
1.366E-6
5.47E-7
6.65E-7
1.542E-6
1.458E-6
6.94E-7
7.26E-7
1.644E-6
1.581E-6
1.808E-6
9.71E-7
1.124E-6
7.06E-7
9.52E-7
1.233E-6
9.75E-7
7.25E-7
1.323E-6
9.34E-7
8.19E-7
1.019E-6
2.387E-6
1.125E-6
8.87E-7
1.533E-6
7.99E-7
1.056E-6
1.441E-6
1.195E-6
6.24E-7
9.88E-7
1.876E-6
2.225E-6
1.34E-6
7.39E-7
1.383E-6
2.775E-6
6.57E-7
1.704E-6
1.417E-6
5.68E-7
7.8E-7
1.288E-6
1.598E-6
8.21E-7
9.09E-7
8.54E-7
1.329E-6
6.62E-7
5.71E-7
1.288E-6
6.71E-7
1.668E-6
9.79E-7
1.899E-6
7.35E-7
8.44E-7
7.91E-7
1.544E-6
7.18E-7
6.96E-7
8.11E-7
1.268E-6
8.24E-7
1.09E-6
7.34E-7
1.908E-6
9.85E-7
1.258E-6
9.65E-7
1.164E-6
2.276E-6
1.115E-6
1.569E-6
1.466E-6
5.94E-7
6.39E-7
1.673E-6
1.615E-6
1.349E-6
1.049E-6
8.26E-7
1.418E-6
7.35E-7
5.122E-6
7.97E-7
1.661E-6
4.96E-7
6.15E-7
8.26E-7
5.63E-7
8.65E-7
1.562E-6
1.879E-6
6.49E-7
1.711E-6
1.922E-6
7.81E-7
1.231E-6
1.885E-6
8.66E-7
1.297E-6
9.12E-7
7.84E-7
1.485E-6
1.637E-6
7.59E-7
1.391E-6
1.308E-6
1.307E-6
6.16E-7
1.021E-6
9.97E-7
1.94E-6
7.39E-7
1.481E-6
6.2E-7
7.51E-7
1.202E-6
8.94E-7
1.046E-6
9.93E-7
1.119E-6
1.091E-6
1.343E-6
1.931E-6
1.086E-6
7.85E-7
7.71E-7
1.577E-6
1.215E-6
1.085E-6
7.62E-7
2.33E-6
1.462E-6
1.462E-6
4.81E-7
1.596E-6
1.754E-6
6.37E-7
2.829E-6
5.83E-7
8.59E-7
5.12E-7
1.481E-6
1.839E-6
1.405E-6
6.23E-7
1.133E-6
1.12E-6
4.7E-7
1.93E-6
2.167E-6
9.43E-7
1.722E-6
6.09E-7
8.66E-7
1.179E-6
8.03E-7
1.112E-6
9.89E-7
1.412E-6
4.79E-7
1.19E-6
1.781E-6
1.02E-6
7.43E-7
1.324E-6
5.33E-7
8.59E-7
1.967E-6
9.24E-7
1.086E-6
7.35E-7
2.049E-6
1.398E-6
6.31E-7
1.884E-6
7.2E-7
1.125E-6
5.97E-7
1.335E-6
5.23E-7
1.531E-6
1.624E-6
5.28E-7
8.72E-7
9.6E-7
6.09E-7
8.39E-7
1.629E-6
8.17E-7
9.07E-7
1.557E-6
6.23E-7
2.268E-6
1.267E-6
7.2E-7
7.92E-7
5.47E-7
8.38E-7
1.645E-6
1.698E-6
1.159E-6
7.66E-7
7.59E-7
0.001049925
3.578E-6
3.975E-6
1.968E-6
1.449E-6
3.266E-6
1.191E-6
1.994E-6
2.143E-6
1.04E-6
1.484E-6
1.634E-6
8.12E-7
8.75E-7
1.889E-6
1.298E-6
6.38E-7
2.155E-6
8.22E-7
2.239E-6
1.068E-6
7.57E-7
2.79E-6
7.45E-7
9.21E-7
2.645E-6
1.344E-6
1.862E-6
1.031E-6
1.57E-6
1.611E-6
2.243E-6
9.3E-7
2.171E-6
6.84E-7
9.23E-7
1.276E-6
8.2E-7
1.074E-6
1.696E-6
9.46E-7
4.208E-6
1.031E-6
2.333E-6
1.1E-6
7.93E-7
1.116E-6
2.248E-6
1.253E-6
1.812E-6
9.13E-7
2.111E-6
8.93E-7
9.4E-7
9.69E-7
1.335E-6
7.27E-7
9.23E-7
1.024E-6
5.55E-7
1.561E-6
1.048E-6
2.475E-6
2.192E-6
9.48E-7
2.132E-6
8.87E-7
1.809E-6
7.05E-7
2.536E-6
8.33E-7
9.93E-7
2.018E-6
7.53E-7
2.229E-6
1.002E-6
1.989E-6
7.26E-7
8.55E-7
1.942E-6
1.318E-6
7.25E-7
2.124E-6
1.175E-6
5.97E-7
1.097E-6
1.603E-6
2.424E-6
6.74E-7
9.1E-7
1.247E-6
6.48E-7
7.36E-7
1.158E-6
5.76E-7
6.16E-7
6.6E-7
1.461E-6
1.129E-6
1.345E-6
1.624E-6
8.75E-7
1.084E-6
1.028E-6
7.27E-7
8.19E-7
1.368E-6
1.808E-6
1.981E-6
8.54E-7
1.75E-6
1.313E-6
2.704E-6
1.734E-6
1.457E-6
1.293E-6
6.5E-7
1.38E-6
2.337E-6
1.038E-6
7.62E-7
2.199E-6
8.36E-7
9.46E-7
2.151E-6
1.006E-6
8.29E-7
1.555E-6
1.82E-6
7.38E-7
1.945E-6
9.99E-7
8.82E-7
1.578E-6
1.808E-6
6.42E-7
2.013E-6
1.694E-6
1.195E-6
2.36E-6
8.78E-7
3.224E-6
8.02E-7
9.79E-7
1.015E-6
7.66E-7
8.34E-7
1.417E-6
1.516E-6
8.31E-7
2.417E-6
1.0E-6
1.17E-6
1.763E-6
9.75E-7
2.001E-6
8.8E-7
1.843E-6
1.234E-6
6.06E-7
1.287E-6
1.024E-6
7.92E-7
1.375E-6
1.852E-6
8.36E-7
1.488E-6
8.42E-7
1.647E-6
1.734E-6
7.59E-7
9.51E-7
1.708E-6
8.51E-7
1.484E-6
8.01E-7
1.222E-6
7.95E-7
2.214E-6
7.33E-7
9.02E-7
9.41E-7
6.17E-7
1.883E-6
7.95E-7
1.397E-6
1.035E-6
7.63E-7
1.263E-6
7.85E-7
1.02E-6
1.884E-6
9.79E-7
2.079E-6
8.95E-7
1.815E-6
8.37E-7
9.83E-7
1.991E-6
9.87E-7
1.355E-6
9.55E-7
9.05E-7
1.583E-6
1.084E-6
