5.652E-6
1.858E-6
1.574E-6
1.437E-6
1.153E-6
1.641E-6
1.057E-6
1.949E-6
9.3E-7
7.39E-7
9.44E-7
7.4E-7
9.16E-7
1.288E-6
1.26E-6
1.156E-6
8.8E-7
9.8E-7
9.29E-7
1.036E-6
1.284E-6
6.05E-7
1.046E-6
4.96E-7
9.7E-7
1.223E-6
7.55E-7
7.15E-7
9.43E-7
9.76E-7
1.498E-6
9.32E-7
1.342E-6
7.16E-7
6.27E-7
1.361E-6
7.27E-7
1.002E-6
8.73E-7
5.82E-7
8.98E-7
1.521E-6
6.5E-7
1.097E-6
9.48E-7
8.05E-7
1.013E-6
9.05E-7
1.452E-6
1.043E-6
7.28E-7
1.267E-6
4.89E-7
7.11E-7
1.083E-6
6.52E-7
1.142E-6
8.67E-7
7.71E-7
1.212E-6
7.24E-7
4.47E-7
1.211E-6
1.4E-6
4.454E-6
8.12E-7
7.85E-7
1.746E-6
9.88E-7
1.139E-6
1.276E-6
7.03E-7
4.059E-6
1.113E-6
7.89E-7
1.286E-6
1.548E-6
9.4E-7
7.41E-7
1.106E-6
1.586E-6
4.63E-7
6.9E-7
1.171E-6
1.328E-6
1.02E-6
4.48E-7
1.158E-6
1.091E-6
7.65E-7
5.75E-7
6.95E-7
1.211E-6
8.73E-7
1.358E-6
7.88E-7
1.124E-6
7.73E-7
6.71E-7
1.347E-6
6.24E-7
7.39E-7
3.79E-7
9.73E-7
7.36E-7
1.453E-6
5.58E-7
8.82E-7
1.119E-6
1.522E-6
7.59E-7
1.005E-6
6.29E-7
6.93E-7
7.23E-7
8.21E-7
1.714E-6
2.222E-6
5.42E-7
1.058E-6
9.32E-7
1.216E-6
4.37E-6
1.499E-6
1.233E-6
1.131E-6
1.3E-6
1.364E-6
9.49E-7
1.204E-6
8.25E-7
5.89E-7
4.69E-7
8.67E-7
6.16E-7
1.329E-6
4.38E-7
8.49E-7
9.87E-7
6.34E-7
9.73E-7
6.15E-7
7.34E-7
1.216E-6
1.608E-6
1.094E-6
1.256E-6
6.49E-7
7.78E-7
1.523E-6
8.33E-7
1.33E-6
1.279E-6
8.77E-7
5.12E-7
9.78E-7
5.67E-7
1.144E-6
5.82E-7
5.76E-7
1.067E-6
6.7E-7
5.64E-7
5.36E-7
1.397E-6
1.453E-6
7.02E-7
9.71E-7
1.132E-6
6.44E-7
7.28E-7
1.019E-6
8.58E-7
5.67E-7
1.18E-6
4.92E-7
1.085E-6
1.56E-6
5.39E-7
1.455E-6
6.25E-7
1.625E-6
1.151E-6
1.029E-6
5.86E-7
6.46E-7
1.485E-6
1.122E-6
6.72E-7
1.254E-6
7.5E-7
1.819E-6
7.5E-7
6.49E-7
1.45E-6
5.96E-7
1.788E-6
1.295E-6
1.126E-6
7.55E-7
6.27E-7
1.167E-6
8.0E-7
1.044E-6
1.057E-6
1.275E-6
6.09E-7
6.27E-7
1.329E-6
1.032E-6
4.514E-6
7.48E-7
7.13E-7
1.595E-6
6.71E-7
1.812E-6
1.143E-6
1.898E-6
7.28E-7
1.526E-6
5.03E-7
1.718E-6
6.65E-7
1.66E-6
8.76E-7
6.69E-7
1.453E-6
6.31E-7
1.429E-6
7.23E-7
1.195E-6
1.129E-6
5.99E-7
1.204E-6
4.58E-7
9.96E-7
1.104E-6
1.372E-6
6.45E-7
1.092E-6
5.79E-7
1.011E-6
9.05E-7
6.04E-7
1.527E-6
6.8E-7
1.032E-6
6.83E-7
1.406E-6
5.79E-7
1.198E-6
4.17E-7
6.66E-7
1.073E-6
1.108E-6
8.41E-7
1.239E-6
1.197E-6
6.45E-7
1.471E-6
9.27E-7
1.679E-6
7.33E-7
1.359E-6
8.0E-7
1.196E-6
1.216E-6
2.069E-6
1.151E-6
6.76E-7
9.17E-7
1.216E-6
4.59E-7
6.6E-7
1.237E-6
1.222E-6
4.8E-7
9.67E-7
1.525E-6
1.442E-6
5.7E-7
1.121E-6
5.7E-7
1.759E-6
1.018E-6
5.44E-7
6.93E-7
1.665E-6
5.79E-7
1.267E-6
8.5E-7
1.533E-6
7.04E-7
1.335E-6
1.701E-6
1.314E-6
8.45E-7
9.64E-7
7.73E-7
1.366E-6
5.47E-7
1.534E-6
1.161E-6
5.07E-7
7.63E-7
1.258E-6
1.265E-6
6.1E-7
1.163E-6
9.37E-7
5.02E-7
5.46E-7
4.73E-7
6.4E-7
1.028E-6
8.13E-7
4.08E-7
6.5E-7
8.88E-7
1.401E-6
3.39E-7
4.5E-7
8.57E-7
4.09E-7
6.37E-7
6.93E-7
3.82E-7
7.79E-7
3.34E-7
4.16E-7
3.84E-7
3.38E-7
7.48E-7
6.5E-7
7.32E-7
8.37E-7
7.63E-7
5.9E-7
3.47E-7
5.44E-7
6.72E-7
4.35E-7
7.31E-7
5.25E-7
2.89E-7
7.42E-7
7.86E-7
2.72E-7
6.79E-7
7.12E-7
8.89E-7
3.31E-7
6.63E-7
8.49E-7
3.63E-7
4.6E-7
9.04E-7
9.53E-7
4.42E-7
3.92E-7
9.3E-7
3.79E-7
6.42E-7
2.79E-7
3.69E-7
6.89E-7
8.46E-7
3.59E-7
4.26E-7
5.34E-7
3.74E-7
5.88E-7
6.69E-7
3.37E-7
3.8E-7
3.46E-7
5.85E-7
8.42E-7
3.45E-7
5.55E-7
6.16E-7
3.84E-7
7.1E-7
2.67E-7
8.65E-7
3.92E-7
4.3E-7
4.38E-7
4.82E-7
8.37E-7
3.52E-7
6.88E-7
3.59E-7
3.21E-7
7.67E-7
6.78E-7
8.4E-7
3.44E-7
7.86E-7
4.24E-7
3.6E-7
4.08E-7
3.44E-7
7.08E-7
4.05E-7
7.06E-7
4.35E-7
8.1E-7
1.061E-6
3.41E-7
6.01E-7
3.08E-7
3.2E-7
7.85E-7
6.11E-7
3.14E-7
7.48E-7
7.61E-7
6.14E-7
2.327E-6
7.27E-7
7.39E-7
3.37E-7
5.54E-7
3.92E-7
3.45E-7
4.01E-7
5.73E-7
3.82E-7
4.6E-7
7.17E-7
4.79E-7
6.88E-7
3.88E-7
5.67E-7
3.47E-7
8.3E-7
4.84E-7
3.49E-7
4.08E-7
3.82E-7
1.341E-6
6.88E-7
7.86E-7
3.72E-7
6.36E-7
8.08E-7
6.03E-7
4.12E-7
7.19E-7
6.49E-7
6.18E-7
4.59E-7
7.09E-7
6.62E-7
2.67E-7
5.98E-7
1.051E-6
3.07E-7
7.85E-7
3.52E-7
7.38E-7
4.47E-7
3.75E-7
8.62E-7
2.96E-7
3.19E-7
4.23E-7
3.11E-7
6.91E-7
3.45E-7
5.7E-7
4.42E-7
8.17E-7
4.22E-7
3.95E-7
7.09E-7
7.6E-7
3.4E-7
3.81E-7
9.23E-7
3.75E-7
2.61E-7
4.35E-7
6.66E-7
7.14E-7
3.42E-7
7.45E-7
1.129E-6
6.68E-7
1.51E-6
7.28E-7
6.69E-7
1.221E-6
6.39E-7
4.3E-7
6.65E-7
5.2E-7
6.02E-7
1.249E-6
1.284E-6
9.24E-7
6.37E-7
7.07E-7
9.53E-7
8.27E-7
4.04E-7
1.091E-6
1.371E-6
8.88E-7
7.54E-7
5.55E-7
6.32E-7
1.351E-6
4.48E-7
6.47E-7
1.04E-6
4.58E-7
4.92E-7
8.23E-7
7.55E-7
6.71E-7
3.78E-7
8.85E-7
8.8E-7
3.38E-7
8.26E-7
4.48E-7
2.221E-6
3.29E-7
4.13E-7
6.66E-7
5.17E-7
6.5E-7
6.11E-7
7.05E-7
6.58E-7
3.67E-7
5.94E-7
7.45E-7
3.03E-7
3.17E-7
3.7E-7
4.8E-7
5.0E-7
4.98E-7
7.02E-7
4.75E-7
3.5E-7
8.13E-7
7.89E-7
3.34E-7
9.5E-7
2.65E-7
3.83E-7
3.24E-7
8.86E-7
7.97E-7
1.051E-6
3.42E-7
3.88E-7
7.36E-7
6.41E-7
1.346E-6
4.53E-7
7.04E-7
5.99E-7
4.09E-7
2.78E-7
4.17E-7
7.1E-7
3.6E-7
6.23E-7
7.35E-7
6.32E-7
8.11E-7
4.76E-7
6.44E-7
6.87E-7
4.14E-7
7.43E-7
7.62E-7
4.25E-7
8.08E-7
6.48E-7
5.11E-7
3.59E-7
2.65E-7
7.93E-7
4.75E-7
6.84E-7
6.57E-7
7.14E-7
3.1E-7
9.54E-7
3.87E-7
5.17E-7
6.88E-7
8.13E-7
5.79E-7
6.25E-7
7.9E-7
6.69E-7
5.15E-7
1.007E-6
4.05E-7
6.99E-7
3.84E-7
7.91E-7
4.75E-7
9.29E-7
4.07E-7
3.58E-7
8.91E-7
7.11E-7
2.88E-7
6.71E-7
1.578E-6
9.21E-7
7.16E-7
2.96E-7
6.52E-7
9.0E-7
3.68E-7
3.58E-7
6.68E-7
3.59E-7
4.28E-7
7.19E-7
2.61E-7
3.25E-7
3.63E-7
7.72E-7
8.96E-7
6.74E-7
2.66E-7
7.27E-7
3.79E-7
7.46E-7
3.34E-7
3.07E-7
6.27E-7
6.9E-7
4.4E-7
7.89E-7
4.63E-7
8.33E-7
8.26E-7
4.03E-7
5.46E-7
8.72E-7
2.83E-7
7.18E-7
6.19E-7
5.85E-7
3.86E-7
5.94E-7
4.87E-7
5.66E-7
5.08E-7
1.034E-6
9.69E-7
3.26E-7
4.26E-7
8.78E-7
6.91E-7
7.39E-7
1.18E-6
2.81E-7
3.24E-7
9.76E-7
3.81E-7
1.046E-6
4.13E-7
3.6E-7
7.04E-7
1.53E-6
4.2E-7
3.58E-7
6.73E-7
2.9E-7
4.39E-7
9.04E-7
7.87E-7
4.61E-7
4.71E-7
4.78E-7
7.12E-7
8.7E-7
6.02E-7
3.59E-7
7.59E-7
3.21E-7
1.028E-6
4.27E-7
3.33E-7
6.8E-7
2.66E-7
6.01E-7
3.58E-7
3.12E-7
5.64E-7
5.47E-7
1.043E-6
9.2E-7
4.31E-7
7.24E-7
2.85E-7
3.22E-7
5.19E-7
8.71E-7
3.5E-7
3.5E-7
7.18E-7
8.16E-7
2.65E-7
4.35E-7
4.41E-7
5.23E-7
7.91E-7
1.075E-6
3.23E-7
8.55E-7
3.82E-7
3.78E-7
4.74E-7
7.17E-7
6.83E-7
3.98E-7
9.01E-7
5.98E-7
3.63E-7
4.71E-7
7.57E-7
5.45E-7
7.36E-7
3.72E-7
4.53E-7
3.45E-7
5.1E-7
2.7E-7
4.11E-7
4.24E-7
6.75E-7
3.75E-7
4.01E-7
7.19E-7
2.71E-7
3.12E-7
7.13E-7
7.17E-7
5.0E-7
7.29E-7
3.1E-7
9.27E-7
4.72E-7
3.73E-7
5.34E-7
1.323E-6
5.5E-7
8.4E-7
2.88E-7
6.29E-7
6.37E-7
8.11E-7
2.67E-7
3.43E-7
8.34E-7
4.71E-7
8.38E-7
4.79E-7
6.32E-7
3.15E-7
4.23E-7
7.19E-7
6.78E-7
5.54E-7
6.63E-7
3.71E-7
5.44E-7
1.123E-6
4.53E-7
2.66E-7
4.43E-7
3.64E-7
9.11E-7
3.24E-7
3.9E-7
4.58E-7
6.24E-7
7.71E-7
3.97E-7
2.97E-7
7.93E-7
6.32E-7
7.21E-7
4.01E-7
6.59E-7
4.4E-7
3.49E-7
4.06E-7
6.45E-7
3.8E-7
3.24E-7
4.64E-7
3.79E-7
5.47E-7
6.58E-7
7.15E-7
6.39E-7
6.39E-7
3.41E-7
9.1E-7
6.53E-7
3.63E-7
1.035E-6
4.96E-7
3.78E-7
6.74E-7
3.19E-7
4.23E-7
3.98E-7
4.38E-7
3.05E-7
7.6E-7
6.16E-7
3.23E-7
7.26E-7
4.9E-7
8.91E-7
7.91E-7
5.61E-7
5.69E-7
5.2E-7
5.67E-7
1.153E-6
3.96E-7
4.56E-7
3.17E-7
4.64E-7
2.64E-7
4.61E-7
2.44E-7
2.68E-7
6.49E-7
9.36E-7
2.88E-7
3.92E-7
3.62E-7
1.081E-6
3.58E-7
6.16E-7
3.3E-7
4.99E-7
2.88E-7
4.69E-7
4.91E-7
3.58E-7
6.13E-7
2.5E-7
6.77E-7
2.44E-7
8.88E-7
3.26E-7
8.02E-7
2.87E-7
3.46E-7
8.01E-7
3.51E-7
3.02E-7
3.17E-7
8.54E-7
1.018E-6
4.16E-7
3.61E-7
7.73E-7
6.61E-7
2.84E-7
3.61E-7
4.56E-7
5.48E-7
3.98E-7
7.2E-7
4.47E-7
6.23E-7
3.39E-7
3.51E-7
9.56E-7
2.72E-7
4.57E-7
5.93E-7
3.62E-7
5.0E-7
5.69E-7
8.22E-7
9.04E-7
3.84E-7
3.86E-7
8.0E-7
3.84E-7
3.48E-7
4.99E-7
7.61E-7
3.14E-7
4.02E-7
4.4E-7
5.22E-7
6.21E-7
4.01E-7
5.62E-7
2.89E-7
4.81E-7
3.8E-7
8.25E-7
4.05E-7
7.34E-7
4.33E-7
3.69E-7
4.03E-7
3.43E-7
6.78E-7
3.31E-7
4.11E-7
3.31E-7
4.72E-7
2.67E-7
4.78E-7
4.1E-7
6.1E-7
2.86E-7
5.92E-7
6.97E-7
4.01E-7
7.9E-7
2.94E-7
8.83E-7
7.57E-7
2.84E-7
4.2E-7
8.9E-7
9.31E-7
3.94E-7
4.39E-7
6.76E-7
5.56E-7
4.39E-7
3.56E-7
4.46E-7
6.18E-7
9.63E-7
2.94E-7
8.9E-7
8.03E-7
4.05E-7
8.16E-7
3.56E-7
5.73E-7
6.12E-7
3.55E-7
5.38E-7
9.48E-7
2.97E-7
3.13E-7
4.96E-7
3.88E-7
5.59E-7
2.65E-7
3.09E-7
4.39E-7
8.13E-7
3.13E-7
4.97E-7
6.54E-7
2.75E-7
2.66E-7
5.18E-7
9.1E-7
3.27E-7
7.75E-7
4.12E-7
9.09E-7
4.81E-7
2.6E-7
3.26E-7
3.14E-7
9.82E-7
3.87E-7
3.64E-7
5.59E-7
2.55E-7
3.94E-7
8.05E-7
3.52E-7
5.77E-7
7.99E-7
3.76E-7
3.74E-7
1.117E-6
3.78E-7
3.27E-7
1.364E-6
3.34E-7
3.51E-7
5.17E-7
3.93E-7
8.02E-7
5.81E-7
1.055E-6
6.26E-7
4.18E-7
6.07E-7
4.01E-7
5.83E-7
2.83E-7
7.1E-7
8.17E-7
4.05E-7
6.43E-7
5.89E-7
4.38E-7
8.39E-7
3.96E-7
3.94E-7
7.9E-7
3.0E-7
4.47E-7
9.21E-7
2.94E-7
3.33E-7
5.88E-7
4.07E-7
3.85E-7
5.15E-7
7.9E-7
4.75E-7
7.96E-7
4.92E-7
7.41E-7
5.31E-7
9.48E-7
4.83E-7
3.47E-7
4.25E-7
4.42E-7
4.76E-7
4.76E-7
6.07E-7
3.71E-7
3.94E-7
7.39E-7
9.78E-7
7.06E-7
1.092E-6
8.16E-7
3.52E-7
3.23E-7
4.78E-7
3.72E-7
3.61E-7
8.87E-7
3.82E-7
4.22E-7
4.77E-7
8.82E-7
3.89E-7
7.61E-7
6.18E-7
3.39E-7
7.08E-7
4.25E-7
6.9E-7
7.69E-7
5.81E-7
3.26E-7
4.09E-7
2.494E-6
1.149E-6
4.42E-7
3.94E-7
6.96E-7
4.07E-7
8.3E-7
6.61E-7
3.72E-7
1.058E-6
3.8E-7
4.31E-7
3.54E-7
8.02E-7
2.73E-7
8.07E-7
8.15E-7
3.06E-7
4.82E-7
5.84E-7
2.63E-7
2.251E-6
4.74E-7
8.45E-7
4.67E-7
7.99E-7
5.28E-7
9.87E-7
3.14E-7
4.01E-7
1.244E-6
2.88E-7
5.62E-7
1.027E-6
4.04E-7
3.86E-7
5.03E-7
3.01E-7
3.44E-7
3.68E-7
7.63E-7
3.5E-7
5.82E-7
4.37E-7
3.57E-7
1.05E-6
3.46E-7
4.63E-7
8.23E-7
3.51E-7
5.21E-7
3.25E-7
4.01E-7
9.8E-7
4.22E-7
7.05E-7
4.32E-7
5.52E-7
8.65E-7
6.21E-7
2.79E-7
8.91E-7
5.24E-7
5.63E-7
3.8E-7
3.92E-7
3.21E-7
3.26E-7
6.49E-7
1.574E-6
3.94E-7
5.25E-7
8.21E-7
4.31E-7
4.78E-7
7.95E-7
3.35E-7
6.45E-7
3.51E-7
6.87E-7
2.62E-7
3.23E-7
7.54E-7
3.19E-7
5.35E-7
4.3E-7
3.28E-7
5.86E-7
4.24E-7
6.83E-7
8.94E-7
5.97E-7
5.81E-7
8.44E-7
2.74E-7
4.41E-7
8.12E-7
8.0E-7
3.12E-7
8.36E-7
3.4E-7
4.04E-7
5.43E-7
9.91E-7
3.3E-7
7.53E-7
6.19E-7
3.86E-7
5.38E-7
6.27E-7
3.8E-7
3.83E-7
8.15E-7
2.94E-7
4.38E-7
7.36E-7
3.38E-7
5.42E-7
4.53E-7
3.31E-7
5.22E-7
2.73E-7
9.61E-7
3.56E-7
6.57E-7
6.5E-7
3.56E-7
2.51E-7
4.87E-7
3.89E-7
7.26E-7
4.42E-7
4.08E-7
8.0E-7
2.74E-7
4.66E-7
8.35E-7
3.47E-7
3.22E-7
7.97E-7
3.76E-7
9.46E-7
2.72E-7
3.98E-7
2.52E-7
1.057E-6
3.39E-7
8.21E-7
4.48E-7
3.32E-7
3.87E-7
2.33E-7
1.69E-6
4.91E-7
3.59E-7
4.31E-7
7.28E-7
3.73E-7
8.03E-7
4.75E-7
3.35E-7
7.59E-7
3.79E-7
5.2E-7
9.99E-7
7.48E-7
4.53E-7
3.49E-7
5.65E-7
3.8E-7
4.48E-7
6.58E-7
2.6E-7
9.49E-7
7.69E-7
4.31E-7
4.58E-7
3.94E-7
4.87E-7
1.196E-6
8.56E-7
7.44E-7
3.16E-7
4.69E-7
3.72E-7
9.62E-7
5.03E-7
3.47E-7
4.31E-7
2.99E-7
1.148E-6
3.49E-7
8.33E-7
5.01E-7
4.16E-7
7.4E-7
2.77E-7
3.11E-7
8.5E-7
8.84E-7
3.55E-7
4.14E-7
8.73E-7
4.06E-7
4.36E-7
5.2E-7
1.057E-6
4.82E-7
3.67E-7
8.84E-7
3.93E-7
9.54E-7
1.066E-6
2.91E-7
8.03E-7
3.64E-7
3.17E-7
4.93E-7
2.42E-7
5.11E-7
3.72E-7
4.41E-7
1.232E-6
2.77E-7
3.99E-7
4.68E-7
8.63E-7
5.75E-7
3.22E-7
4.07E-7
3.62E-7
7.51E-7
8.58E-7
3.07E-7
6.47E-7
4.63E-7
6.6E-7
2.69E-7
8.53E-7
3.25E-7
5.37E-7
5.91E-7
5.3E-7
1.135E-6
4.36E-7
5.58E-7
4.3E-7
4.95E-7
5.41E-7
3.69E-7
5.7E-7
2.95E-7
8.44E-7
4.83E-7
3.27E-7
3.56E-7
5.06E-7
8.44E-7
3.96E-7
4.58E-7
7.48E-7
3.12E-7
3.41E-7
4.75E-7
3.22E-7
9.35E-7
3.78E-7
1.156E-6
3.93E-7
7.88E-7
5.04E-7
7.06E-7
6.77E-7
4.74E-7
3.19E-7
4.61E-7
5.64E-7
5.87E-7
4.38E-7
5.79E-7
7.85E-7
2.78E-7
3.32E-7
6.7E-7
2.76E-7
3.97E-7
4.29E-7
9.48E-7
5.11E-7
2.56E-7
7.34E-7
3.99E-7
7.09E-7
3.13E-7
4.76E-7
4.42E-7
4.37E-7
7.93E-7
4.72E-7
3.91E-7
7.15E-7
8.45E-7
3.67E-7
7.68E-7
2.9E-7
3.09E-7
5.09E-7
3.34E-7
3.64E-7
6.77E-7
2.82E-7
3.05E-7
4.64E-7
2.98E-7
3.61E-7
6.46E-7
3.86E-7
3.84E-7
1.139E-6
2.54E-7
3.15E-7
6.78E-7
3.6E-7
3.33E-7
3.03E-7
7.16E-7
9.52E-7
5.78E-7
5.82E-7
9.25E-7
4.1E-7
6.21E-7
3.66E-7
3.81E-7
1.209E-6
1.329E-6
4.46E-7
6.03E-7
4.35E-7
5.83E-7
2.79E-7
1.079E-6
2.64E-7
1.103E-6
4.33E-7
9.73E-7
6.45E-7
5.23E-7
3.84E-7
1.456E-6
6.46E-7
5.88E-7
4.95E-7
4.45E-7
4.93E-7
4.24E-7
1.235E-6
5.19E-7
4.14E-7
4.62E-7
4.88E-7
3.29E-7
9.15E-7
2.57E-7
3.44E-7
7.96E-7
3.8E-7
3.13E-7
2.116E-6
3.51E-7
6.85E-7
4.58E-7
9.27E-7
4.8E-7
8.21E-7
3.85E-7
3.05E-7
7.38E-7
3.05E-7
3.13E-7
4.53E-7
2.37E-7
3.11E-7
5.27E-7
7.61E-7
3.94E-7
5.21E-7
2.61E-7
3.88E-7
3.37E-7
6.66E-7
4.39E-7
5.68E-7
5.96E-7
6.74E-7
4.53E-7
3.57E-7
3.89E-7
6.32E-7
7.51E-7
6.6E-7
4.3E-7
8.96E-7
5.5E-7
3.14E-7
3.44E-7
7.49E-7
3.6E-7
6.41E-7
3.02E-7
3.63E-7
8.04E-7
3.89E-7
5.43E-7
4.8E-7
1.117E-6
2.87E-7
5.18E-7
5.64E-7
4.05E-7
6.79E-7
7.34E-7
2.4E-7
4.16E-7
6.89E-7
2.7E-7
6.03E-7
3.43E-7
4.75E-7
9.63E-7
4.72E-7
2.89E-7
4.63E-7
3.63E-7
8.55E-7
4.85E-7
1.161E-6
5.42E-7
3.76E-7
5.67E-7
2.74E-7
3.05E-7
1.109E-6
3.21E-7
6.26E-7
2.78E-7
3.13E-7
4.19E-7
4.03E-7
1.317E-6
3.56E-7
3.73E-7
6.03E-7
4.55E-7
8.93E-7
3.86E-7
8.12E-7
1.066E-6
8.55E-7
2.67E-7
3.89E-7
2.178E-6
1.604E-6
6.13E-7
5.9E-7
1.158E-6
8.31E-7
7.69E-7
1.001E-6
1.231E-6
6.65E-7
1.041E-6
8.15E-7
7.96E-7
1.053E-6
3.06E-7
4.34E-7
9.89E-7
4.14E-7
3.45E-7
1.189E-6
3.09E-7
3.59E-7
7.38E-7
4.61E-7
3.03E-7
4.13E-7
1.091E-6
4.0E-7
1.01E-6
4.43E-7
8.68E-7
1.048E-6
3.1E-7
3.84E-7
7.97E-7
2.97E-7
3.96E-7
8.05E-7
8.58E-7
5.02E-7
8.91E-7
5.35E-7
4.68E-7
6.38E-7
4.07E-7
8.79E-7
3.68E-7
3.97E-7
2.52E-7
3.98E-7
3.97E-7
5.38E-7
2.61E-7
7.09E-7
4.24E-7
7.91E-7
3.99E-7
1.131E-6
5.23E-7
5.33E-7
9.53E-7
2.9E-7
6.5E-7
6.87E-7
3.81E-7
6.95E-7
3.76E-7
6.61E-7
3.63E-7
6.39E-7
2.63E-7
7.13E-7
3.43E-7
5.61E-7
1.034E-6
8.91E-7
6.04E-7
4.02E-7
2.59E-7
4.86E-7
6.66E-7
5.45E-7
4.19E-7
7.09E-7
1.094E-6
6.72E-7
5.39E-7
8.43E-7
4.54E-7
3.06E-7
4.59E-7
1.837E-6
4.41E-7
8.75E-7
3.29E-7
1.044E-6
3.5E-7
1.104E-6
4.02E-7
4.18E-7
7.91E-7
3.87E-7
3.22E-7
7.08E-7
6.15E-7
3.18E-7
3.34E-7
6.34E-7
5.33E-7
8.88E-7
3.89E-7
5.2E-7
2.75E-7
2.95E-7
4.87E-7
4.53E-7
3.56E-7
6.41E-7
4.21E-7
2.99E-7
4.69E-7
1.113E-6
5.36E-7
4.18E-7
5.95E-7
3.52E-7
5.36E-7
8.06E-7
5.44E-7
2.62E-7
4.12E-7
7.86E-7
1.147E-6
5.31E-7
3.82E-7
6.6E-7
6.11E-7
3.35E-7
8.41E-7
6.73E-7
2.77E-7
3.42E-7
5.13E-7
8.53E-7
3.76E-7
4.87E-7
3.99E-7
4.48E-7
2.71E-7
3.19E-7
4.75E-7
3.65E-7
9.14E-7
5.53E-7
1.031E-6
2.59E-7
3.74E-7
3.73E-7
6.84E-7
3.27E-7
3.72E-7
3.95E-7
7.05E-7
3.62E-7
4.92E-7
4.02E-7
8.84E-7
4.5E-7
4.59E-7
4.43E-7
4.89E-7
1.008E-6
5.84E-7
6.15E-7
8.27E-7
5.12E-7
3.46E-7
7.13E-7
7.15E-7
7.24E-7
4.35E-7
3.9E-7
6.7E-7
3.52E-7
1.037E-6
3.54E-7
7.83E-7
2.75E-7
3.23E-7
4.93E-7
3.04E-7
3.95E-7
1.214E-6
7.52E-7
3.44E-7
8.97E-7
9.39E-7
4.45E-7
5.47E-7
8.79E-7
4.45E-7
5.45E-7
4.47E-7
3.55E-7
7.91E-7
8.77E-7
3.19E-7
8.95E-7
6.47E-7
6.69E-7
3.4E-7
5.1E-7
4.07E-7
9.6E-7
3.9E-7
7.74E-7
2.97E-7
3.72E-7
5.93E-7
3.54E-7
4.66E-7
3.43E-7
3.75E-7
5.82E-7
6.59E-7
1.071E-6
5.67E-7
3.78E-7
3.75E-7
6.72E-7
5.19E-7
4.61E-7
3.84E-7
1.133E-6
5.9E-7
7.59E-7
2.92E-7
7.41E-7
8.44E-7
3.64E-7
4.76E-7
2.5E-7
3.94E-7
3.2E-7
7.59E-7
1.002E-6
8.8E-7
4.21E-7
6.34E-7
5.38E-7
2.92E-7
9.65E-7
8.31E-7
3.65E-7
9.74E-7
3.79E-7
4.08E-7
7.2E-7
4.87E-7
4.28E-7
5.05E-7
7.52E-7
2.95E-7
4.24E-7
6.46E-7
4.38E-7
3.56E-7
7.52E-7
2.84E-7
3.33E-7
9.69E-7
3.88E-7
4.57E-7
6.41E-7
1.031E-6
6.16E-7
3.55E-7
8.32E-7
3.65E-7
5.92E-7
3.56E-7
5.19E-7
2.49E-7
8.04E-7
7.42E-7
3.06E-7
3.62E-7
4.71E-7
3.36E-7
4.05E-7
7.43E-7
3.68E-7
3.93E-7
6.39E-7
2.96E-7
9.18E-7
1.117E-6
3.85E-7
3.77E-7
3.0E-7
4.23E-7
9.22E-7
1.04E-6
5.06E-7
3.45E-7
3.52E-7
3.2E-7
3.9E-7
6.66E-7
4.38E-7
3.3E-7
2.313E-6
4.61E-7
8.31E-7
7.34E-7
3.99E-7
5.74E-7
5.45E-7
2.83E-7
3.77E-7
6.66E-7
5.98E-7
3.2E-7
8.81E-7
3.49E-7
7.44E-7
3.59E-7
3.44E-7
9.12E-7
3.15E-7
3.3E-7
1.003E-6
6.53E-7
8.87E-7
4.5E-7
4.33E-7
5.1E-7
6.96E-7
3.86E-7
8.62E-7
2.99E-7
3.79E-7
5.2E-7
3.53E-7
4.08E-7
5.12E-7
3.56E-7
4.82E-7
3.28E-7
9.85E-7
4.29E-7
3.32E-7
4.28E-7
1.084E-6
4.51E-7
6.19E-7
3.45E-7
1.224E-6
4.19E-7
3.5E-7
5.53E-7
4.84E-7
2.71E-7
4.28E-7
5.31E-7
3.21E-7
4.65E-7
4.04E-7
1.026E-6
8.59E-7
3.89E-7
9.96E-7
3.16E-7
7.18E-7
2.68E-7
8.58E-7
3.33E-7
5.07E-7
7.99E-7
3.78E-7
1.017E-6
3.74E-7
8.06E-7
3.22E-7
4.1E-7
8.62E-7
4.87E-7
3.01E-7
8.08E-7
5.14E-7
3.21E-7
7.65E-7
4.45E-7
1.103E-6
2.78E-7
3.57E-7
4.49E-7
2.69E-7
3.08E-7
5.52E-7
8.09E-7
2.97E-7
3.11E-7
5.9E-7
4.86E-7
5.89E-7
4.25E-7
3.95E-7
7.46E-7
4.0E-7
3.33E-7
4.04E-7
5.99E-7
8.04E-7
9.65E-7
4.31E-7
7.58E-7
5.73E-7
1.058E-6
3.35E-7
5.83E-7
4.8E-7
3.26E-7
6.36E-7
1.11E-6
3.83E-7
3.11E-7
1.003E-6
4.02E-7
4.63E-7
8.51E-7
4.19E-7
3.79E-7
6.31E-7
8.44E-7
2.96E-7
8.61E-7
3.84E-7
3.73E-7
6.52E-7
6.56E-7
7.17E-7
7.62E-7
8.78E-7
5.79E-7
9.64E-7
4.07E-7
5.97E-7
3.54E-7
3.97E-7
5.13E-7
3.06E-7
3.53E-7
5.08E-7
4.98E-7
3.37E-7
1.004E-6
4.31E-7
5.48E-7
8.23E-7
3.91E-7
9.19E-7
3.79E-7
2.31E-6
5.91E-7
2.59E-7
4.16E-7
4.91E-7
3.63E-7
8.21E-7
7.66E-7
3.77E-7
5.1E-7
3.37E-7
4.81E-7
7.11E-7
3.35E-7
3.12E-7
8.22E-7
4.36E-7
6.53E-7
4.23E-7
4.4E-7
3.07E-7
9.5E-7
3.26E-7
3.87E-7
4.03E-7
2.45E-7
9.07E-7
2.91E-7
5.99E-7
3.75E-7
3.12E-7
4.58E-7
3.03E-7
3.64E-7
8.08E-7
4.15E-7
7.92E-7
3.77E-7
1.475E-6
4.16E-7
4.17E-7
2.082E-6
5.83E-7
6.94E-7
5.04E-7
4.51E-7
6.51E-7
5.05E-7
8.45E-7
3.91E-7
3.48E-7
5.22E-7
1.104E-6
4.18E-7
6.25E-7
4.94E-7
9.42E-7
3.1E-7
1.009E-6
3.09E-7
5.05E-7
4.88E-7
6.12E-7
9.11E-7
4.88E-7
4.39E-7
4.82E-7
4.05E-7
8.71E-7
6.05E-7
6.01E-7
4.59E-7
4.55E-7
9.95E-7
2.94E-7
5.16E-7
4.09E-7
4.06E-7
5.71E-7
7.96E-7
1.025E-6
1.006E-6
3.39E-7
9.63E-7
4.68E-7
4.09E-7
9.48E-7
3.8E-7
4.5E-7
4.04E-7
6.65E-7
3.32E-7
4.25E-7
6.96E-7
5.11E-7
3.69E-7
8.97E-7
5.48E-7
4.06E-7
8.21E-7
3.88E-7
6.58E-7
4.5E-7
4.9E-7
8.27E-7
8.7E-7
3.43E-7
6.18E-7
1.03E-6
3.84E-7
3.16E-7
8.68E-7
3.46E-7
5.18E-7
4.43E-7
3.67E-7
8.04E-7
4.09E-7
7.06E-7
3.22E-7
4.22E-7
2.232E-6
4.64E-7
4.64E-7
4.54E-7
3.63E-7
6.1E-7
3.56E-7
1.014E-6
5.6E-7
7.99E-7
4.02E-7
6.24E-7
3.92E-7
1.115E-6
2.77E-7
4.83E-7
3.49E-7
1.119E-6
3.47E-7
7.74E-7
4.06E-7
1.038E-6
2.82E-7
4.37E-7
3.6E-7
5.43E-7
9.81E-7
6.92E-7
3.5E-7
4.65E-7
7.97E-7
3.81E-7
6.85E-7
1.021E-6
2.94E-7
7.69E-7
7.63E-7
6.28E-7
4.86E-7
9.32E-7
4.35E-7
3.88E-7
7.07E-7
5.24E-7
3.29E-7
8.35E-7
4.39E-7
7.18E-7
7.33E-7
4.28E-7
7.32E-7
3.58E-7
7.47E-7
4.21E-7
3.42E-7
4.08E-7
2.46E-7
3.7E-7
7.06E-7
4.59E-7
3.73E-7
7.82E-7
4.26E-7
3.4E-7
3.98E-7
7.13E-7
2.54E-7
4.26E-7
7.36E-7
2.97E-7
4.05E-7
4.29E-7
7.88E-7
9.38E-7
4.17E-7
8.92E-7
4.01E-7
3.58E-7
3.94E-7
5.81E-7
9.8E-7
3.29E-7
3.28E-7
1.12E-6
3.4E-7
3.17E-7
3.35E-7
5.15E-7
2.63E-7
6.43E-7
9.62E-7
8.21E-7
4.05E-7
7.93E-7
3.26E-7
2.67E-7
3.61E-7
4.97E-7
2.76E-7
5.03E-7
5.1E-7
8.04E-7
5.03E-7
3.7E-7
3.42E-7
9.99E-7
3.91E-7
7.01E-7
6.71E-7
3.18E-7
4.51E-7
7.5E-7
1.061E-6
2.87E-7
3.66E-7
1.147E-6
2.8E-7
4.67E-7
8.13E-7
6.12E-7
5.23E-7
6.29E-7
4.04E-7
4.03E-7
4.29E-7
4.62E-7
3.49E-7
7.12E-7
1.259E-6
3.63E-7
7.05E-7
3.52E-7
8.43E-7
3.88E-7
3.54E-7
4.59E-7
4.41E-7
4.95E-7
3.43E-7
3.6E-7
3.16E-7
4.11E-7
7.46E-7
4.56E-7
4.63E-7
1.005E-6
3.88E-7
5.6E-7
8.45E-7
6.32E-7
3.38E-7
9.23E-7
2.89E-7
3.89E-7
4.43E-7
3.04E-7
3.67E-7
7.83E-7
3.87E-7
7.24E-7
3.83E-7
3.42E-7
5.6E-7
7.22E-7
2.92E-7
3.29E-7
6.9E-7
2.73E-7
4.09E-7
5.1E-7
8.65E-7
4.29E-7
4.49E-7
4.26E-7
1.034E-6
4.39E-7
3.38E-7
6.09E-7
2.71E-7
3.9E-7
6.97E-7
8.26E-7
4.37E-7
3.46E-7
5.85E-7
5.99E-7
6.05E-7
4.3E-7
3.88E-7
4.52E-7
7.46E-7
4.47E-7
7.98E-7
4.29E-7
9.47E-7
3.24E-7
8.02E-7
5.38E-7
3.6E-7
7.6E-7
6.93E-7
3.92E-7
6.49E-7
3.89E-7
9.67E-7
3.83E-7
3.25E-7
6.35E-7
3.35E-7
3.55E-7
4.38E-7
3.86E-7
5.3E-7
8.37E-7
4.48E-7
3.41E-7
5.12E-7
7.62E-7
3.97E-7
1.068E-6
3.39E-7
8.14E-7
9.22E-7
7.39E-7
5.09E-7
7.22E-7
9.43E-7
2.71E-7
8.69E-7
5.18E-7
4.6E-7
5.61E-7
7.83E-7
1.032E-6
3.91E-7
3.77E-7
4.69E-7
5.14E-7
7.84E-7
3.39E-7
5.95E-7
9.4E-7
5.0E-7
8.66E-7
3.9E-7
4.79E-7
8.7E-7
5.17E-7
4.28E-7
9.96E-7
4.24E-7
3.69E-7
4.01E-7
7.83E-7
3.82E-7
3.35E-7
3.82E-7
1.045E-6
3.92E-7
3.56E-7
7.48E-7
3.02E-7
7.68E-7
5.98E-7
8.67E-7
6.71E-7
4.26E-7
6.63E-7
3.32E-7
3.25E-7
9.24E-7
3.35E-7
4.29E-7
6.89E-7
7.37E-7
3.56E-7
3.53E-7
5.55E-7
3.64E-7
4.74E-7
7.16E-7
5.66E-7
9.1E-7
2.88E-7
3.83E-7
8.49E-7
3.56E-7
9.61E-7
3.6E-7
9.04E-7
3.72E-7
5.43E-7
8.99E-7
2.86E-7
3.24E-7
4.14E-7
4.23E-7
3.18E-7
5.51E-7
6.4E-7
1.037E-6
3.07E-7
6.35E-7
3.16E-7
4.8E-7
2.62E-7
3.61E-7
4.96E-7
3.35E-7
7.66E-7
2.95E-7
4.67E-7
3.91E-7
4.42E-7
4.21E-7
2.53E-7
5.64E-7
7.22E-7
9.96E-7
5.85E-7
3.85E-7
7.96E-7
3.04E-7
3.78E-7
3.37E-7
3.51E-7
5.53E-7
8.83E-7
5.2E-7
1.457E-6
1.332E-6
4.75E-7
8.21E-7
8.26E-7
1.007E-6
5.33E-7
1.344E-6
6.35E-7
6.22E-7
2.078E-6
7.22E-7
1.628E-6
4.38E-7
8.12E-7
1.345E-6
1.716E-6
6.75E-7
4.719E-6
6.82E-7
7.16E-7
8.28E-7
1.434E-6
1.011E-6
8.27E-7
6.85E-7
9.31E-7
7.89E-7
1.552E-6
7.03E-7
8.03E-7
5.45E-7
1.29E-6
9.67E-7
8.55E-7
1.616E-6
5.79E-7
1.222E-6
1.336E-6
9.74E-7
5.62E-7
4.59E-7
1.152E-6
3.48E-7
3.83E-7
1.359E-6
3.92E-7
3.52E-7
1.12E-6
4.0E-7
3.82E-7
6.17E-7
1.487E-6
3.91E-7
6.59E-7
3.7E-7
4.04E-7
3.12E-7
7.24E-7
2.81E-7
3.46E-7
3.54E-7
7.16E-7
3.78E-7
4.29E-7
2.58E-7
7.4E-7
9.7E-7
3.16E-7
5.45E-7
6.71E-7
8.84E-7
4.66E-7
3.26E-7
9.22E-7
3.22E-7
8.42E-7
2.68E-7
3.64E-7
8.91E-7
4.0E-7
8.27E-7
3.25E-7
5.32E-7
8.43E-7
9.44E-7
5.39E-7
1.048E-6
1.003E-6
3.56E-7
3.32E-7
9.01E-7
2.91E-7
4.74E-7
4.96E-7
9.2E-7
4.72E-7
8.21E-7
3.58E-7
3.15E-7
9.11E-7
3.91E-7
6.65E-7
7.94E-7
4.41E-7
4.1E-7
4.03E-7
6.89E-7
3.89E-7
4.52E-7
2.59E-7
1.363E-6
2.102E-6
5.2E-7
1.106E-6
1.55E-6
5.09E-7
4.83E-7
5.83E-7
8.25E-7
1.258E-6
6.46E-7
1.514E-6
9.62E-7
9.95E-7
8.76E-7
1.199E-6
5.14E-7
1.763E-6
4.414E-6
1.051E-6
8.0E-7
5.04E-7
1.272E-6
7.85E-7
5.07E-7
1.147E-6
1.208E-6
4.0E-7
4.27E-7
6.16E-7
7.68E-7
4.45E-7
4.14E-7
4.79E-7
3.96E-7
8.37E-7
1.154E-6
4.05E-7
5.87E-7
3.61E-7
7.22E-7
2.84E-7
4.0E-7
5.66E-7
7.49E-7
4.39E-7
8.25E-7
3.2E-7
8.39E-7
5.27E-7
4.39E-7
3.47E-7
1.119E-6
4.49E-7
5.51E-7
3.55E-7
1.034E-6
7.76E-7
3.07E-7
9.1E-7
8.98E-7
9.39E-7
3.63E-7
7.85E-7
4.43E-7
3.93E-7
3.9E-7
6.61E-7
2.95E-7
5.08E-7
4.55E-7
3.93E-7
5.27E-7
4.2E-7
7.77E-7
2.79E-7
3.62E-7
4.05E-7
1.363E-6
1.042E-6
3.92E-7
4.15E-7
5.26E-7
5.56E-7
7.33E-7
1.027E-6
3.25E-7
3.29E-7
4.72E-7
8.77E-7
9.56E-7
3.76E-7
4.2E-7
1.011E-6
8.88E-7
3.75E-7
7.38E-7
9.3E-7
1.811E-6
4.26E-7
3.5E-7
8.19E-7
8.88E-7
3.8E-7
4.07E-7
5.28E-7
5.82E-7
3.39E-7
2.98E-7
5.59E-7
1.006E-6
7.87E-7
3.41E-7
8.59E-7
2.95E-7
4.07E-7
4.98E-7
1.196E-6
9.24E-7
4.61E-7
3.57E-7
7.78E-7
9.64E-7
3.48E-7
1.011E-6
7.27E-7
6.86E-7
1.173E-6
6.82E-7
5.26E-7
5.38E-7
3.07E-7
6.37E-7
4.16E-7
3.51E-7
9.34E-7
6.11E-7
6.68E-7
8.76E-7
2.84E-7
3.74E-7
4.32E-7
5.6E-7
4.52E-7
3.53E-7
2.95E-7
9.18E-7
7.39E-7
3.45E-7
5.12E-7
3.14E-7
6.46E-7
4.02E-7
3.41E-7
1.022E-6
8.94E-7
3.01E-7
7.93E-7
4.05E-7
3.55E-7
7.02E-7
3.8E-7
6.75E-7
3.72E-7
6.58E-7
5.37E-7
3.54E-7
3.89E-7
1.4E-6
9.78E-7
2.86E-7
4.13E-7
4.65E-7
9.85E-7
3.85E-7
6.55E-7
6.92E-7
4.65E-7
6.67E-7
4.2E-7
1.042E-6
6.39E-7
3.63E-7
3.95E-7
8.53E-7
6.09E-7
3.02E-7
3.69E-7
5.6E-7
7.5E-7
5.96E-7
3.72E-7
7.44E-7
7.91E-7
4.93E-7
4.84E-7
6.16E-7
6.63E-7
2.76E-7
7.94E-7
1.176E-6
3.82E-7
5.08E-7
3.64E-7
3.42E-7
5.89E-7
4.45E-7
4.91E-7
1.35E-6
4.7E-7
8.74E-7
9.29E-7
8.42E-7
7.36E-7
2.84E-7
5.3E-7
4.45E-7
3.82E-7
4.13E-7
6.03E-7
5.72E-7
4.6E-7
8.51E-7
3.94E-7
8.1E-7
3.46E-7
4.0E-7
1.095E-6
3.7E-7
7.37E-7
5.6E-7
3.37E-7
9.83E-7
3.7725E-5
6.0501E-5
1.3555E-5
1.1362E-5
5.616E-6
2.131E-6
2.749E-5
5.346E-6
2.111E-6
3.576E-6
1.565E-6
5.578E-6
2.477E-6
1.886E-6
3.993E-6
3.71E-6
1.727E-6
5.361E-6
1.398E-6
3.52E-6
2.605E-6
5.526E-6
1.863E-6
4.621E-6
1.536E-6
2.266E-6
1.26E-6
2.729E-6
3.125E-6
3.409E-6
2.999E-6
1.813E-6
2.223E-6
2.722E-6
1.759E-6
2.482E-6
4.19E-6
1.071E-6
1.196E-6
2.272E-6
4.005E-6
1.061E-6
3.657E-6
3.53E-6
1.207E-6
3.59E-6
2.2E-6
1.542E-6
2.019E-6
1.136E-6
3.33E-6
2.067E-6
2.15E-6
1.678E-6
4.171E-6
1.779E-6
2.591E-6
3.11E-6
2.824E-6
1.287E-6
2.512E-6
3.438E-6
1.602E-6
1.685E-6
1.644E-6
2.887E-6
2.125E-6
2.452E-6
2.792E-6
1.684E-6
2.358E-6
2.853E-6
4.411E-6
2.387E-6
3.261E-6
2.235E-6
1.639E-6
3.279E-6
2.198E-6
1.498E-6
4.479E-6
2.369E-6
2.361E-6
2.666E-6
1.359E-6
3.301E-6
1.587E-6
4.517E-6
1.193E-6
3.726E-6
1.119E-6
1.528E-6
3.991E-6
2.123E-6
1.2311E-5
3.521E-6
3.31E-6
5.141E-6
4.835E-6
3.089E-6
5.172E-6
3.202E-6
3.365E-6
4.804E-6
7.134E-6
2.952E-6
3.279E-6
5.289E-6
3.345E-6
3.456E-6
4.499E-6
3.615E-6
2.655E-6
5.902E-6
4.148E-6
3.231E-6
6.976E-6
3.955E-6
7.615E-6
4.98E-6
6.514E-6
4.597E-6
2.013E-6
4.183E-6
5.093E-6
3.251E-6
3.432E-6
4.412E-6
8.289E-6
3.702E-6
5.334E-6
5.033E-6
4.508E-6
2.49E-6
3.372E-6
4.956E-6
3.718E-6
6.028E-6
4.427E-6
3.521E-6
5.286E-6
2.364E-6
3.378E-6
6.882E-6
4.008E-6
4.234E-6
4.191E-6
5.69E-6
3.307E-6
2.085E-6
2.442E-6
6.533E-6
3.663E-6
2.748E-6
3.756E-6
3.324E-6
5.951E-6
7.419E-6
2.408E-6
2.85E-6
4.639E-6
2.526E-6
5.78E-6
3.513E-6
2.705E-6
4.712E-6
3.484E-6
2.396E-6
4.225E-6
2.541E-6
4.431E-6
1.975E-6
4.092E-6
4.02E-6
4.627E-6
3.488E-6
6.264E-6
4.989E-6
3.333E-6
4.841E-6
4.551E-6
1.915E-6
5.942E-6
6.883E-6
3.592E-6
2.38E-6
4.332E-6
5.319E-6
4.217E-6
3.637E-6
1.738E-6
3.32E-6
4.546E-6
5.143E-6
3.359E-6
4.392E-6
1.907E-6
3.184E-6
4.665E-6
3.145E-6
4.783E-6
3.301E-6
2.052E-6
4.301E-6
1.22E-6
2.593E-6
4.437E-6
1.805E-6
3.364E-6
2.624E-6
1.727E-6
2.168E-6
1.071E-6
2.206E-6
4.054E-6
4.207E-6
3.839E-6
1.996E-6
1.818E-6
3.768E-6
1.614E-6
1.786E-6
2.053E-6
2.087E-6
1.4577E-5
4.497E-6
2.904E-6
1.443E-6
2.114E-6
1.084E-6
1.783E-6
3.51E-6
1.64E-6
2.106E-6
2.933E-6
1.742E-6
1.961E-6
3.224E-6
1.939E-6
2.762E-6
2.229E-6
2.225E-6
4.292E-6
3.18E-6
2.116E-6
1.758E-6
3.276E-6
3.585E-6
1.174E-6
2.551E-6
2.907E-6
1.118E-6
2.761E-6
3.767E-6
2.011E-6
2.425E-6
2.202E-6
3.677E-6
2.258E-6
2.41E-6
2.234E-6
3.841E-6
3.106E-6
2.082E-6
2.803E-6
2.968E-6
2.002E-6
2.634E-6
9.73E-7
2.572E-6
2.411E-6
2.935E-6
3.483E-6
1.642E-6
2.759E-6
1.828E-6
3.392E-6
1.161E-6
1.364E-6
2.117E-6
2.99E-6
1.739E-6
1.748E-6
2.618E-6
2.537E-6
1.86E-6
2.46E-6
9.26E-7
1.384E-6
3.259E-6
3.623E-6
9.91E-7
2.003E-6
2.246E-6
1.789E-6
2.964E-6
1.543E-6
2.667E-6
2.008E-6
1.853E-6
2.448E-6
2.843E-6
4.242E-6
2.542E-6
9.63E-7
2.477E-6
1.603E-6
1.374E-6
2.91E-6
8.97E-7
4.443E-6
1.523E-6
2.513E-6
3.0E-6
9.78E-7
1.549E-6
3.138E-6
1.095E-6
2.912E-6
1.394E-6
1.999E-6
1.865E-6
2.533E-6
1.542E-6
3.612E-6
2.106E-6
1.475E-6
2.654E-6
2.423E-6
9.71E-7
1.957E-6
2.708E-6
1.233E-6
2.53E-6
9.6E-7
1.391E-6
2.226E-6
2.954E-6
1.845E-6
3.174E-6
1.55E-6
2.29E-6
2.977E-6
1.727E-6
2.076E-6
1.824E-6
2.781E-6
1.174E-6
1.787E-6
4.91E-6
2.534E-6
2.579E-6
2.233E-6
1.157E-6
1.441E-6
2.805E-6
2.055E-6
1.094E-6
1.823E-6
3.007E-6
1.964E-6
1.484E-6
2.147E-6
1.74E-6
2.916E-6
1.495E-6
1.873E-6
3.413E-6
1.799E-6
4.379E-6
2.836E-6
2.246E-6
3.059E-6
2.886E-6
4.666E-6
3.254E-6
1.211E-6
3.104E-6
2.341E-6
1.637E-6
2.112E-6
2.664E-6
1.684E-6
1.866E-6
2.263E-6
9.4E-7
1.136E-6
2.382E-6
1.739E-6
3.268E-6
2.315E-6
2.183E-6
1.176E-6
3.896E-6
3.028E-6
2.307E-6
2.903E-6
1.061E-6
1.383E-6
6.146E-6
1.897E-6
1.112E-6
1.811E-6
3.543E-6
9.98E-7
3.002E-6
9.4E-7
2.535E-6
1.902E-6
2.006E-6
4.494E-6
2.93E-6
1.769E-6
5.52E-6
1.08E-6
1.373E-6
3.501E-6
2.057E-6
2.44E-6
1.612E-6
2.393E-6
3.28E-6
1.805E-6
2.607E-6
3.042E-6
2.017E-6
2.899E-6
1.535E-6
1.824E-6
4.549E-6
2.283E-6
2.391E-6
1.849E-6
3.676E-6
1.451E-6
2.155E-6
3.95E-6
3.141E-6
2.395E-6
2.584E-6
1.428E-6
2.104E-6
3.058E-6
3.323E-6
2.193E-6
2.486E-6
8.96E-7
2.119E-6
3.387E-6
1.046E-6
1.781E-6
2.188E-6
1.064E-6
1.815E-6
2.962E-6
2.536E-6
1.5E-6
2.868E-6
3.939E-6
9.37E-7
4.083E-6
1.665E-6
4.075E-6
4.266E-6
2.373E-6
1.115E-6
2.622E-6
2.786E-6
2.994E-6
1.198E-6
1.437E-6
2.557E-6
3.157E-6
2.682E-6
2.025E-6
2.414E-6
3.209E-6
2.966E-6
3.311E-6
2.916E-6
1.577E-6
3.451E-6
1.587E-6
1.338E-6
3.029E-6
1.948E-6
3.813E-6
3.298E-6
2.217E-6
1.774E-6
2.588E-6
1.113E-6
1.433E-6
1.715E-6
1.203E-6
1.355E-6
3.236E-6
2.98E-6
1.819E-6
1.092E-6
1.383E-6
3.953E-6
1.142E-6
2.655E-6
3.348E-6
2.236E-6
3.378E-6
1.106E-6
2.653E-6
3.101E-6
2.053E-6
1.488E-6
2.672E-6
1.93E-6
1.414E-6
3.398E-6
3.597E-6
1.101E-6
3.233E-6
2.078E-6
2.216E-6
1.407E-6
2.092E-6
3.3982E-5
2.682E-6
6.305E-6
5.696E-6
5.331E-6
6.528E-6
2.623E-6
2.37E-6
7.549E-6
1.692E-6
5.115E-6
4.76E-6
4.667E-6
1.867E-6
2.341E-6
4.4E-6
4.012E-6
5.644E-6
1.521E-6
5.849E-6
4.838E-6
7.819E-6
2.934E-6
5.119E-6
4.785E-6
4.017E-6
2.758E-6
2.476E-6
2.862E-6
2.568E-6
3.618E-6
3.295E-6
7.746E-6
6.54E-6
4.325E-6
4.016E-6
5.555E-6
2.764E-6
3.829E-6
1.545E-6
3.445E-6
2.727E-6
4.839E-6
4.433E-6
6.966E-6
3.385E-6
3.146E-6
3.377E-6
8.175E-6
2.612E-6
3.895E-6
2.036E-6
5.544E-6
5.073E-6
3.279E-6
6.49E-6
2.578E-6
2.396E-6
5.814E-6
2.738E-6
5.078E-6
1.791E-6
3.505E-6
4.687E-6
2.436E-6
4.541E-6
3.33E-6
4.35E-6
3.408E-6
2.649E-6
2.966E-6
2.646E-6
5.276E-6
5.671E-6
4.502E-6
2.952E-6
6.674E-6
2.104E-6
3.968E-6
7.641E-6
2.695E-6
2.611E-6
4.918E-6
3.39E-6
6.91E-6
3.057E-6
3.107E-6
2.774E-6
1.882E-6
3.482E-6
4.682E-6
4.077E-6
3.447E-6
3.578E-6
3.693E-6
2.342E-6
4.065E-6
2.866E-6
1.693E-6
5.56E-6
6.078E-6
2.657E-6
2.4E-6
3.688E-6
4.434E-6
6.534E-6
5.484E-6
4.384E-6
2.505E-6
3.51E-6
2.582E-6
3.952E-6
2.764E-6
4.208E-6
4.174E-6
2.708E-6
4.212E-6
4.401E-6
3.489E-6
4.746E-6
5.161E-6
3.971E-6
4.68E-6
2.043E-6
3.619E-6
2.463E-6
2.453E-6
4.382E-6
5.867E-6
3.496E-6
4.764E-6
1.598E-6
5.711E-6
2.244E-6
2.044E-6
2.629E-6
4.374E-6
2.234E-6
2.668E-6
3.865E-6
4.882E-6
4.095E-6
6.684E-6
2.431E-6
8.272E-6
3.649E-6
2.541E-6
5.539E-6
5.718E-6
2.188E-6
4.526E-6
3.891E-6
4.927E-6
4.64E-6
4.036E-6
2.518E-6
3.041E-6
2.068E-6
3.556E-6
2.076E-6
5.988E-6
4.008E-6
6.484E-6
3.533E-6
2.838E-6
1.771E-6
2.862E-6
7.268E-6
2.028E-6
2.368E-6
4.786E-6
5.124E-6
4.083E-6
3.659E-6
4.5E-6
5.928E-6
3.213E-6
4.195E-6
2.464E-6
5.599E-6
2.098E-6
4.466E-6
6.514E-6
4.106E-6
3.301E-6
5.607E-6
3.327E-6
2.854E-6
4.182E-6
2.005E-6
4.715E-6
5.451E-6
6.724E-6
3.366E-6
1.939E-6
3.214E-6
4.414E-6
3.955E-6
2.714E-6
3.96E-6
4.902E-6
4.653E-6
3.785E-6
3.04E-6
3.008E-6
4.037E-6
4.903E-6
3.462E-6
3.005E-6
6.733E-6
3.466E-6
3.148E-6
4.614E-6
3.789E-6
5.822E-6
2.963E-6
7.333E-6
7.506E-6
2.947E-6
3.708E-6
4.362E-6
2.182E-6
2.335E-6
6.141E-6
1.897E-6
3.83E-6
2.829E-6
3.245E-6
1.733E-6
3.565E-6
6.097E-6
2.19E-6
3.182E-6
5.839E-6
3.256E-6
3.812E-6
3.549E-6
4.491E-6
2.119E-6
3.762E-6
5.019E-6
2.779E-6
5.215E-6
2.461E-6
8.115E-6
3.646E-6
3.119E-6
5.946E-6
3.363E-6
5.565E-6
2.03E-6
3.125E-6
5.137E-6
6.187E-6
4.063E-6
6.716E-6
3.621E-6
3.589E-6
4.114E-6
3.549E-6
3.454E-6
2.91E-6
4.794E-6
2.801E-6
3.536E-6
4.428E-6
4.042E-6
2.78E-6
7.539E-6
5.462E-6
3.317E-6
2.962E-6
3.768E-6
6.757E-6
2.566E-6
4.788E-6
2.567E-6
3.38E-6
3.037E-6
3.528E-6
4.085E-6
2.889E-6
2.306E-6
3.764E-6
2.059E-6
3.22E-6
4.014E-6
1.497E-6
2.11E-6
1.568E-6
4.113E-6
3.269E-6
2.838E-6
1.814E-6
3.279E-6
1.108E-6
1.794E-6
2.823E-6
2.726E-6
2.774E-6
3.2E-6
3.287E-6
4.616E-6
3.351E-6
3.808E-6
2.015E-6
1.794E-6
1.338E-6
2.095E-6
3.146E-6
1.996E-6
1.483E-6
1.958E-6
1.713E-6
3.096E-6
1.228E-6
3.27E-6
3.242E-6
2.01E-6
1.763E-6
3.334E-6
1.68E-6
1.806E-6
2.172E-6
1.823E-6
2.321E-6
2.02E-6
3.89E-6
1.643E-6
3.502E-6
2.913E-6
1.182E-6
1.844E-6
2.001E-6
1.424E-6
1.964E-6
1.048E-6
3.47E-6
2.525E-6
3.723E-6
1.642E-6
2.819E-6
1.632E-6
1.096E-6
1.873E-6
3.549E-6
1.097E-6
1.762E-6
2.774E-6
1.339E-6
2.97E-6
3.22E-6
2.44E-6
2.677E-6
1.164E-6
3.053E-6
3.424E-6
3.746E-6
2.251E-6
3.401E-6
1.617E-6
2.87E-6
1.93E-6
3.311E-6
2.159E-6
2.493E-6
2.819E-6
2.813E-6
3.072E-6
2.031E-6
9.41E-7
3.117E-6
2.124E-6
1.786E-6
2.962E-6
3.374E-6
2.306E-6
1.863E-6
2.635E-6
1.955E-6
3.089E-6
1.833E-6
2.405E-6
1.427E-6
2.49E-6
2.285E-6
3.563E-6
1.479E-6
3.593E-6
2.557E-6
1.987E-6
2.09E-6
3.081E-6
2.521E-6
1.73E-6
2.915E-6
2.826E-6
1.888E-6
2.782E-6
1.569E-6
2.001E-6
1.447E-6
3.945E-6
2.46E-6
1.493E-6
3.01E-6
1.44E-6
3.003E-6
3.969E-6
3.577E-6
1.5E-6
2.597E-6
1.151E-6
1.847E-6
2.722E-6
1.659E-6
2.025E-6
1.138E-6
2.528E-6
1.408E-6
1.556E-6
1.957E-6
2.376E-6
2.264E-6
2.849E-6
1.572E-6
2.753E-6
3.06E-6
2.795E-6
2.332E-6
2.0E-6
2.466E-6
2.607E-6
2.416E-6
1.499E-6
1.352E-6
2.321E-6
2.047E-6
1.834E-6
2.818E-6
1.886E-6
1.214E-6
1.781E-6
3.277E-6
1.433E-6
2.134E-6
1.082E-6
2.937E-6
2.096E-6
3.566E-6
1.723E-6
1.414E-6
2.019E-6
2.991E-6
1.102E-6
2.608E-6
2.761E-6
3.872E-6
1.689E-6
2.575E-6
1.59E-6
1.504E-6
4.181E-6
2.016E-6
1.816E-6
1.555E-6
1.818E-6
2.91E-6
1.042E-6
1.725E-6
2.815E-6
1.512E-6
3.095E-6
2.221E-6
3.038E-6
1.823E-6
2.001E-6
1.904E-6
2.941E-6
1.8E-6
2.594E-6
2.001E-6
1.455E-6
2.843E-6
4.197E-6
2.111E-6
3.489E-6
1.538E-6
1.861E-6
2.288E-6
1.63E-6
2.32E-6
1.996E-6
2.492E-6
2.333E-6
3.145E-6
2.265E-6
2.571E-6
1.09E-6
2.598E-6
1.854E-6
3.001E-6
2.771E-6
9.28E-7
2.03E-6
1.914E-6
1.479E-6
3.097E-6
2.34E-6
1.842E-6
2.912E-6
1.171E-6
1.396E-6
2.592E-6
2.919E-6
3.303E-6
1.48E-6
3.312E-6
8.97E-7
2.847E-6
3.148E-6
1.985E-6
2.196E-6
1.563E-6
3.86E-6
1.461E-6
3.445E-6
9.65E-7
1.388E-6
3.711E-6
1.633E-6
2.348E-6
9.11E-7
3.217E-6
2.701E-6
1.523E-6
4.876E-6
3.856E-6
3.376E-6
1.517E-6
3.2E-6
1.807E-6
2.392E-6
9.67E-7
2.986E-6
1.13E-6
1.914E-6
2.459E-6
1.495E-6
4.657E-6
2.43E-6
3.135E-6
2.694E-6
3.869E-6
1.818E-6
3.769E-6
2.818E-6
3.955E-6
4.723E-6
3.749E-6
1.807E-6
2.755E-6
4.479E-6
4.015E-6
2.285E-6
1.792E-6
3.127E-6
2.236E-6
3.157E-6
2.594E-6
3.619E-6
2.229E-6
2.632E-6
2.056E-6
1.372E-6
2.682E-6
1.615E-6
2.491E-6
1.835E-6
1.948E-6
2.284E-6
2.447E-6
1.131E-6
2.208E-6
1.797E-6
2.74E-6
2.07E-6
2.209E-6
2.826E-6
1.166E-6
2.877E-6
3.046E-6
2.35E-6
1.692E-6
2.996E-6
2.079E-6
3.353E-6
2.339E-6
2.596E-6
1.797E-6
3.65E-6
1.926E-6
2.971E-6
1.421E-6
1.605E-6
2.618E-6
3.447E-6
2.045E-6
2.832E-6
1.51E-6
1.422E-6
2.424E-6
1.104E-6
3.266E-6
2.872E-6
1.938E-6
3.385E-6
2.113E-6
4.501E-6
9.87E-7
1.943E-6
2.044E-6
1.758E-6
3.139E-6
9.09E-7
2.468E-6
1.581E-6
1.95E-6
1.765E-6
3.027E-6
2.358E-6
3.014E-6
1.458E-6
1.84E-6
3.379E-6
1.954E-6
3.257E-6
2.642E-6
4.218E-6
1.869E-6
1.918E-6
4.252E-6
2.468E-6
1.805E-6
3.842E-6
2.272E-6
3.062E-6
3.257E-6
1.449E-6
2.338E-6
1.128E-6
3.468E-6
1.787E-6
2.957E-6
3.315E-6
2.328E-6
1.051E-6
1.874E-6
3.743E-6
1.513E-6
1.848E-6
2.866E-6
1.085E-6
2.275E-6
3.865E-6
2.388E-6
2.606E-6
2.874E-6
2.065E-6
3.262E-6
3.083E-6
1.851E-6
3.027E-6
3.985E-6
1.778E-6
3.508E-6
2.809E-6
3.042E-6
1.483E-6
2.835E-6
2.988E-6
1.567E-6
3.446E-6
3.191E-6
1.88E-6
4.218E-6
1.172E-6
2.786E-6
9.64E-7
3.509E-6
1.707E-6
2.062E-6
2.585E-6
1.426E-6
2.885E-6
1.06E-6
3.307E-6
2.406E-6
2.949E-6
1.886E-6
2.458E-6
1.464E-6
2.228E-6
2.906E-6
1.427E-6
1.999E-6
1.577E-6
1.776E-6
3.127E-6
1.976E-6
2.267E-6
2.053E-6
2.526E-6
1.368E-6
3.285E-6
1.56E-6
3.141E-6
2.796E-6
1.572E-6
3.703E-6
2.688E-6
1.949E-6
2.929E-6
1.764E-6
2.921E-6
3.6E-6
1.907E-6
2.416E-6
1.885E-6
2.125E-6
2.805E-6
4.493E-6
2.162E-6
2.781E-6
2.148E-6
2.105E-6
2.661E-6
2.209E-6
2.742E-6
2.631E-6
1.469E-6
2.153E-6
1.561E-6
2.726E-6
1.824E-6
2.734E-6
1.667E-6
1.123E-6
1.79E-6
3.279E-6
1.169E-6
1.78E-6
2.832E-6
1.82E-6
2.911E-6
1.463E-6
2.748E-6
2.436E-6
2.831E-6
3.77E-6
2.186E-6
4.003E-6
3.283E-6
1.611E-6
3.175E-6
1.645E-6
1.87E-6
2.017E-6
1.92E-6
1.012E-6
2.043E-6
2.13E-6
9.45E-7
1.992E-6
1.49E-6
1.369E-6
2.645E-6
1.982E-6
3.255E-6
