4.5833E-5
2.6657E-5
1.4579E-5
1.8229E-5
1.4753E-5
1.562E-5
1.3564E-5
2.1939E-5
4.689E-6
5.139E-6
6.955E-6
1.1872E-5
1.3246E-5
1.6275E-5
1.7866E-5
2.7856E-5
1.2123E-5
2.8167E-5
1.3338E-5
7.263E-6
9.866E-6
2.506E-6
8.388E-6
2.468E-6
6.844E-6
9.671E-6
2.483E-6
7.72E-6
1.9529E-5
9.896E-6
1.8471E-5
7.531E-6
1.8875E-5
3.847E-6
2.686E-6
1.0252E-5
3.438E-6
3.589E-6
7.122E-6
2.433E-6
3.443E-6
9.024E-6
1.8447E-5
2.1453E-5
1.102E-5
5.81E-6
6.815E-6
2.223E-5
1.1767E-5
6.473E-6
3.955E-6
8.369E-6
2.173E-6
3.027E-6
6.096E-6
2.935E-6
6.982E-6
5.936E-6
8.423E-6
9.006E-6
3.543E-6
2.5E-6
7.459E-6
7.45E-6
3.004E-6
3.154E-6
3.648E-6
8.522E-6
6.141E-6
1.682E-5
2.3221E-5
3.449E-6
6.729E-6
3.531E-6
2.973E-6
6.635E-6
7.721E-6
3.27E-6
2.883E-6
6.939E-6
8.268E-6
1.0032E-5
4.116E-6
7.979E-6
6.401E-6
3.917E-6
2.233E-6
5.909E-6
6.333E-6
2.069E-6
2.1E-6
2.554E-6
1.0964E-5
6.702E-6
2.7956E-5
5.246E-6
1.2607E-5
3.592E-6
4.958E-6
1.0082E-5
3.034E-6
3.267E-6
3.4666E-5
6.949E-6
1.038E-6
1.668E-5
1.16E-6
1.1E-6
1.4659E-5
7.017E-6
3.94E-6
5.836E-6
9.45E-7
9.32E-7
9.69E-7
8.2E-7
1.621E-5
9.498E-6
1.025E-6
4.821E-6
4.565E-6
5.03E-6
6.11E-6
7.58E-6
4.657E-6
9.605E-6
9.024E-6
8.562E-6
4.3E-6
5.183E-6
1.317E-6
1.191E-6
1.025E-6
1.085E-6
1.195E-6
6.298E-6
1.026E-6
5.328E-6
5.551E-6
1.222E-6
6.061E-6
1.873E-6
1.366E-6
7.968E-6
5.204E-6
4.84E-6
4.999E-6
1.359E-6
1.204E-6
6.061E-6
1.179E-6
4.96E-6
4.579E-6
7.507E-6
1.077E-6
5.565E-6
1.099E-6
1.445E-6
4.43E-6
1.252E-6
6.368E-6
1.312E-6
1.095E-6
1.097E-6
6.539E-6
7.822E-6
1.095E-6
4.67E-6
1.26E-6
1.029E-6
1.452E-6
8.006E-6
1.352E-6
1.045E-6
6.22E-6
1.0E-6
4.454E-6
4.962E-6
1.093E-6
5.246E-6
1.149E-6
4.558E-6
4.617E-6
1.086E-6
1.057E-6
1.0E-6
1.7859E-5
6.18E-6
2.036E-6
5.987E-6
1.266E-6
5.782E-6
1.093E-6
1.06E-6
5.005E-6
9.93E-7
1.019E-6
4.597E-6
4.205E-6
9.67E-7
3.048E-6
4.296E-6
1.085E-6
4.245E-6
3.948E-6
4.263E-6
1.273E-6
1.192E-6
4.996E-6
4.048E-6
5.647E-6
3.055E-6
1.258E-6
4.887E-6
1.118E-6
5.247E-6
4.001E-6
4.557E-6
1.168E-6
4.913E-6
1.005E-6
5.472E-6
1.056E-6
5.159E-6
1.038E-6
1.013E-6
5.618E-6
1.016E-6
5.015E-6
1.011E-6
4.298E-6
3.582E-6
9.99E-7
4.165E-6
1.0E-6
4.218E-6
4.523E-6
1.5738E-5
1.806E-6
5.557E-6
2.069E-6
7.01E-6
2.7332E-5
6.144E-6
9.896E-6
1.973E-6
8.188E-6
1.986E-6
8.885E-6
1.558E-6
8.495E-6
1.74E-6
2.187E-6
7.385E-6
9.952E-6
8.225E-6
1.2046E-5
2.8452E-5
2.139E-6
8.756E-6
2.129E-6
8.775E-6
2.386E-6
8.217E-6
1.641E-6
6.956E-6
8.156E-6
9.001E-6
8.171E-6
6.305E-6
7.573E-6
9.153E-6
1.71E-6
5.813E-6
8.127E-6
8.93E-6
1.677E-6
2.223E-6
7.939E-6
7.923E-6
4.532E-6
6.325E-6
1.676E-6
7.875E-6
5.336E-6
1.558E-6
1.829E-6
8.594E-6
1.716E-6
7.338E-6
1.764E-6
7.82E-6
1.493E-6
7.635E-6
8.169E-6
1.796E-6
1.575E-6
1.845E-6
1.551E-6
6.718E-6
1.402E-6
7.697E-6
6.411E-6
1.466E-6
1.6E-6
7.252E-6
6.792E-6
1.829E-6
2.175E-6
2.121E-6
1.509E-6
1.588E-6
1.625E-6
1.446E-6
6.783E-6
6.866E-6
1.515E-6
5.913E-6
8.758E-6
7.485E-6
1.603E-6
1.864E-6
7.723E-6
3.83E-6
1.955E-6
1.53E-5
1.826E-6
8.131E-6
3.3E-6
1.661E-6
1.532E-6
1.535E-6
7.826E-6
6.912E-6
8.394E-6
8.666E-6
7.511E-6
7.045E-6
1.685E-6
1.953E-6
7.576E-6
2.075E-6
8.163E-6
2.236E-6
1.448E-6
7.68E-6
7.025E-6
1.602E-6
6.032E-6
5.828E-6
5.1052E-5
1.791E-6
8.4E-6
2.3102E-5
1.697E-6
1.582E-6
2.5083E-5
6.055E-6
5.561E-6
2.005E-6
6.614E-6
1.771E-6
5.824E-6
1.73E-6
1.581E-6
1.7856E-5
6.067E-6
1.979E-6
5.259E-6
2.051E-6
9.039E-6
2.467E-6
5.904E-6
1.606E-6
1.639E-6
1.535E-6
2.7169E-5
6.306E-6
1.805E-6
5.459E-6
5.819E-6
1.748E-6
6.566E-6
1.8515E-5
9.931E-6
4.21E-6
1.335E-6
2.49E-6
2.332E-6
4.855E-6
1.208E-6
3.678E-6
1.185E-6
1.041E-6
3.688E-6
5.441E-6
3.472E-6
3.075E-6
3.771E-6
1.238E-6
1.134E-6
1.317E-6
1.12E-6
3.468E-6
1.188E-6
3.368E-6
1.171E-6
3.651E-6
3.736E-6
1.02E-6
3.066E-6
8.66E-7
8.91E-7
3.338E-6
3.047E-6
9.21E-7
3.511E-6
3.056E-6
3.052E-6
2.943E-6
3.141E-6
3.177E-6
9.0E-7
2.919E-6
9.22E-7
1.1348E-5
8.12E-7
3.371E-6
7.63E-7
2.848E-6
1.129E-6
9.63E-7
6.825E-6
1.243E-6
3.624E-6
6.85E-7
3.177E-6
7.91E-7
7.63E-7
8.21E-7
7.68E-7
3.122E-6
2.927E-6
3.147E-6
7.97E-7
3.636E-6
3.131E-6
2.878E-6
2.656E-6
6.496E-6
5.512E-6
1.76E-6
1.161E-6
1.129E-6
5.834E-6
1.187E-6
1.978E-5
6.087E-6
1.279E-6
5.911E-6
1.402E-6
6.5708E-5
1.754E-6
5.593E-6
6.26E-6
1.261E-6
1.061E-6
1.492E-6
1.275E-6
5.99E-6
1.386E-6
5.352E-6
1.935E-6
5.977E-6
1.485E-6
1.683E-6
6.188E-6
5.225E-6
1.308E-6
1.223E-6
1.0438E-5
1.99E-6
1.098E-6
1.091E-6
8.565E-6
6.287E-6
3.53E-6
6.551E-6
1.43E-6
5.067E-6
5.691E-6
1.442E-6
1.363E-6
5.759E-6
1.202E-6
1.285E-6
1.222E-6
9.11E-7
1.28E-6
5.678E-6
5.34E-7
3.355E-6
2.767E-6
2.769E-6
2.995E-6
6.537E-6
1.255E-6
1.337E-6
8.996E-6
1.468E-6
4.836E-6
2.071E-6
3.323E-6
1.3173E-5
1.585E-6
2.54E-6
9.666E-6
1.735E-6
1.524E-6
6.766E-6
6.454E-6
6.179E-6
1.374E-6
6.751E-6
6.034E-6
1.223E-6
5.778E-6
1.364E-6
6.867E-6
9.55E-7
1.234E-6
6.167E-6
1.884E-6
5.98E-6
6.001E-6
5.404E-6
5.312E-6
1.352E-6
1.835E-6
5.76E-6
1.305E-6
1.392E-6
1.255E-6
1.63E-6
6.392E-6
1.3E-6
5.861E-6
2.039E-6
1.015E-6
5.897E-6
5.977E-6
1.003E-6
6.199E-6
8.77E-7
1.098E-6
1.131E-6
6.666E-6
5.831E-6
6.488E-6
1.041E-6
1.374E-6
5.684E-6
5.312E-6
6.086E-6
1.704E-6
5.922E-6
8.785E-6
1.349E-6
7.68E-7
1.457E-6
6.432E-6
5.053E-6
4.988E-6
4.79E-6
4.762E-6
4.878E-6
1.142E-6
4.323E-6
7.406E-6
1.038E-6
5.376E-6
4.567E-6
4.756E-6
4.901E-6
4.196E-6
1.566E-6
1.202E-6
1.172E-6
5.748E-6
1.554E-6
4.827E-6
4.885E-6
5.845E-6
1.031E-6
6.445E-6
1.128E-6
1.467E-6
5.629E-6
5.409E-6
1.383E-6
1.837E-6
4.886E-6
6.541E-6
5.152E-6
9.697E-6
1.472E-6
1.976E-6
1.153E-6
5.543E-6
1.874E-6
5.983E-6
5.021E-6
1.338E-6
6.795E-6
6.134E-6
1.18E-6
5.861E-6
5.107E-6
5.693E-6
5.015E-6
9.73E-7
5.127E-6
6.22E-6
1.344E-6
1.947E-6
5.319E-6
1.345E-6
5.405E-6
5.711E-6
1.023E-6
1.358E-6
1.24E-6
5.711E-6
5.714E-6
6.067E-6
1.008E-6
5.488E-6
1.192E-6
9.154E-6
7.51E-7
1.479E-6
1.992E-6
6.298E-6
1.671E-6
6.027E-6
1.282E-6
5.865E-6
5.422E-6
1.165E-6
1.849E-6
6.878E-6
1.113E-6
3.7412E-5
8.608E-6
5.935E-6
1.729E-6
5.64E-6
1.599E-6
4.72E-6
1.124E-6
7.169E-6
6.172E-6
6.45E-7
7.88E-7
3.88E-6
7.198E-6
4.642E-6
4.635E-6
4.8E-7
6.67E-7
3.304E-6
5.81E-7
3.437E-6
6.72E-7
5.29E-7
2.981E-6
2.932E-6
7.69E-7
3.135E-6
3.234E-6
2.2009E-5
1.22E-6
6.405E-6
4.955E-6
4.543E-6
1.298E-6
1.306E-6
5.705E-6
6.066E-6
5.016E-6
1.399E-6
5.157E-6
9.13E-7
5.791E-6
1.02E-6
8.17E-7
5.851E-6
9.8E-7
6.406E-6
1.084E-6
1.006E-6
2.335E-6
1.755E-6
7.596E-6
6.573E-6
1.491E-6
6.015E-6
9.78E-7
9.24E-7
1.505E-6
6.722E-6
9.25E-7
1.187E-6
5.829E-6
5.87E-6
9.22E-7
1.96E-6
1.64E-6
1.101E-6
7.362E-6
6.142E-6
9.4E-7
6.172E-6
8.95E-7
8.55E-7
4.144E-6
5.609E-6
1.472E-6
1.233E-6
6.44E-6
1.665E-6
1.267E-6
5.134E-6
5.484E-6
1.712E-6
5.353E-6
1.08E-6
1.136E-6
9.98E-7
1.462E-6
8.95E-7
1.095E-6
1.172E-6
6.267E-6
8.75E-7
1.427E-6
5.444E-6
1.043E-6
9.68E-7
5.911E-6
5.447E-6
1.141E-6
6.721E-6
1.117E-6
5.897E-6
1.664E-6
9.62E-7
1.574E-6
5.567E-6
5.149E-6
5.58E-6
9.55E-7
7.545E-6
5.428E-6
5.624E-6
1.026E-6
9.75E-7
5.545E-6
5.904E-6
5.53E-6
1.671E-6
1.94E-6
1.048E-6
1.431E-6
1.613E-6
5.502E-6
1.202E-6
5.605E-6
9.75E-7
1.221E-6
6.466E-6
1.318E-6
1.007E-6
1.424E-6
8.94E-7
1.091E-6
8.42E-7
8.45E-7
7.123E-6
1.311E-6
6.052E-6
1.112E-6
1.235E-6
7.313E-6
8.784E-6
7.049E-6
1.196E-6
4.434E-6
3.794E-6
3.145E-6
1.134E-6
4.163E-6
9.47E-7
1.003E-6
3.391E-6
1.311E-6
1.366E-6
3.835E-6
1.148E-6
3.799E-6
3.596E-6
7.9E-7
7.351E-6
4.398E-6
1.193E-6
5.984E-6
1.304E-6
8.49E-7
5.419E-6
9.41E-7
1.305E-6
4.823E-6
1.262E-6
9.81E-7
5.192E-6
4.545E-6
9.47E-7
5.177E-6
4.636E-6
5.547E-6
4.596E-6
1.697E-6
1.786E-6
1.514E-6
5.321E-6
5.711E-6
1.338E-6
8.8E-7
6.92E-7
1.142E-6
6.11E-7
1.322E-6
8.05E-7
7.81E-7
5.206E-6
5.641E-6
7.94E-7
9.43E-7
8.2E-7
5.679E-6
4.199E-6
5.479E-6
1.145E-6
1.231E-6
7.93E-7
1.314E-6
1.711E-6
9.61E-7
1.428E-6
6.94E-7
1.753E-6
6.52E-7
6.064E-6
1.125E-6
5.602E-6
9.46E-7
7.66E-7
2.271E-6
4.614E-6
8.13E-7
8.36E-7
5.302E-6
5.342E-6
1.071E-6
1.542E-6
5.771E-6
4.861E-6
8.68E-7
8.97E-7
1.495E-6
1.526E-6
1.081E-6
5.733E-6
1.155E-6
1.555E-6
8.63E-7
9.35E-7
6.491E-6
8.47E-7
1.268E-6
5.099E-6
1.304E-6
1.488E-6
5.513E-6
5.412E-6
9.6E-7
1.8187E-5
1.1993E-5
1.4295E-5
1.388E-6
7.72E-7
1.822E-6
2.185E-6
1.013E-6
1.356E-6
1.344E-6
1.391E-6
1.2639E-5
1.396E-6
1.913E-6
7.59E-7
1.594E-6
1.037E-6
2.763E-6
1.284E-6
1.939E-6
1.119E-6
1.263E-6
9.62E-7
7.3E-7
1.856E-6
8.08E-7
1.173E-6
1.002E-6
1.322E-6
1.465E-6
1.539E-6
1.456E-6
2.143E-6
7.19E-7
1.68E-6
1.953E-6
1.032E-6
2.084E-6
7.23E-7
2.8E-6
2.562E-6
8.46E-7
1.587E-6
1.959E-6
2.205E-6
1.006E-6
1.267E-6
1.908E-6
1.635E-6
1.359E-6
1.043E-6
1.566E-6
1.4904E-5
2.594E-6
8.82E-7
2.052E-6
1.895E-6
1.206E-6
1.794E-6
8.91E-7
1.667E-6
1.517E-6
7.94E-7
1.397E-6
1.877E-6
6.77E-7
8.65E-7
1.414E-6
9.64E-7
1.842E-6
7.35E-7
7.28E-7
1.421E-6
1.968E-6
7.42E-7
1.454E-6
1.78E-6
8.1E-7
6.86E-7
1.561E-6
2.148E-6
8.2E-7
1.738E-6
1.193E-6
1.938E-6
1.245E-6
7.0E-7
8.24E-7
1.176E-6
2.694E-6
1.087E-6
1.061E-6
1.557E-6
6.83E-7
1.157E-6
2.042E-6
1.11E-6
1.636E-6
2.088E-6
1.109E-6
1.017E-6
2.357E-6
1.195E-6
8.92E-7
1.673E-6
7.33E-7
7.2E-7
1.247E-6
2.891E-6
2.253E-6
1.42E-5
5.323E-6
1.755E-6
8.72E-7
1.46E-6
1.289E-6
1.394E-6
8.6E-7
1.183E-6
1.482E-6
9.05E-7
1.058E-6
9.04E-7
1.34E-6
1.726E-6
9.65E-7
9.61E-7
