7.285E-6
2.646E-6
2.013E-6
2.57E-6
2.35E-6
2.508E-6
1.444E-6
2.862E-6
3.335E-6
2.364E-6
3.968E-6
1.724E-6
3.029E-6
3.213E-6
3.108E-6
3.695E-6
1.759E-6
1.809E-6
2.465E-6
2.895E-6
2.997E-6
2.031E-6
2.036E-6
1.75E-6
2.849E-6
2.855E-6
1.986E-6
2.916E-6
2.042E-6
2.098E-6
4.39E-6
2.911E-6
5.334E-6
3.448E-6
2.335E-6
3.759E-6
3.087E-6
3.535E-6
2.421E-6
2.113E-6
3.404E-6
3.792E-6
2.755E-6
2.653E-6
2.084E-6
2.253E-6
3.072E-6
2.391E-6
2.858E-6
2.573E-6
2.745E-6
1.983E-6
1.737E-6
4.652E-6
3.613E-6
2.585E-6
2.975E-6
2.242E-6
2.435E-6
3.075E-6
3.254E-6
2.394E-6
3.073E-6
3.657E-6
2.622E-6
2.951E-6
2.66E-6
3.433E-6
2.732E-6
2.883E-6
3.238E-6
4.952E-6
3.607E-6
3.772E-6
3.132E-6
3.696E-6
3.613E-6
3.11E-6
3.087E-6
3.64E-6
4.106E-6
1.482E-6
2.55E-6
3.066E-6
1.997E-6
5.034E-6
3.368E-6
2.249E-6
3.104E-6
1.651E-6
1.737E-6
2.395E-6
2.386E-6
2.488E-6
3.551E-6
3.134E-6
3.309E-6
2.009E-6
3.068E-6
4.046E-6
3.111E-6
3.388E-6
1.618E-6
3.216E-6
4.91E-6
3.566E-6
2.697E-6
3.158E-6
2.657E-6
4.796E-6
2.574E-6
2.805E-6
2.74E-6
3.355E-6
3.118E-6
2.364E-6
4.342E-6
3.692E-6
2.479E-6
3.416E-6
2.841E-6
5.51E-6
2.942E-6
5.158E-6
3.626E-6
3.436E-6
3.422E-6
3.752E-6
2.929E-6
3.463E-6
3.142E-6
2.549E-6
2.03E-6
3.489E-6
2.662E-6
4.273E-6
1.718E-6
3.235E-6
5.254E-6
3.029E-6
3.258E-6
3.129E-6
3.141E-6
4.142E-6
2.312E-6
3.303E-6
4.608E-6
2.519E-6
3.285E-6
3.569E-6
3.409E-6
4.327E-6
4.519E-6
3.034E-6
3.889E-6
4.189E-6
3.224E-6
6.097E-6
3.041E-6
2.779E-6
3.024E-6
3.789E-6
1.632E-6
2.6E-6
3.7E-6
4.53E-6
3.253E-6
3.674E-6
4.327E-6
4.409E-6
3.378E-6
3.054E-6
2.307E-6
2.341E-6
3.629E-6
1.871E-6
5.174E-6
4.584E-6
2.747E-6
3.651E-6
3.205E-6
3.256E-6
4.237E-6
2.822E-6
3.281E-6
5.09E-6
4.809E-6
3.939E-6
3.188E-6
2.988E-6
3.108E-6
3.39E-6
1.815E-6
2.986E-6
3.46E-6
3.454E-6
1.8406E-5
4.739E-6
3.497E-6
1.678E-6
2.773E-6
3.93E-6
4.79E-6
4.017E-6
3.197E-6
3.446E-6
2.759E-6
2.643E-6
6.896E-6
3.5E-6
4.303E-6
2.259E-6
3.849E-6
4.416E-6
3.086E-6
5.504E-6
3.342E-6
6.919E-6
3.519E-6
3.9E-6
2.005E-6
4.266E-6
2.809E-6
4.646E-6
3.078E-6
2.659E-6
4.655E-6
2.87E-6
3.981E-6
2.12E-6
3.614E-6
3.679E-6
2.703E-6
4.997E-6
2.103E-6
4.193E-6
3.845E-6
4.637E-6
3.631E-6
4.01E-6
3.003E-6
3.4E-6
3.4E-6
2.368E-6
4.812E-6
3.541E-6
4.007E-6
3.57E-6
4.577E-6
5.289E-6
4.261E-6
1.981E-6
3.282E-6
4.942E-6
4.283E-6
4.015E-6
4.318E-6
3.061E-6
1.727E-6
4.198E-6
4.236E-6
4.212E-6
2.874E-6
4.753E-6
1.884E-6
3.71E-6
2.635E-6
7.063E-6
3.833E-6
3.454E-6
3.915E-6
4.52E-6
1.988E-6
3.433E-6
4.138E-6
5.687E-6
1.861E-6
4.367E-6
6.719E-6
4.651E-6
2.079E-6
4.453E-6
2.827E-6
5.589E-6
3.087E-6
3.243E-6
3.426E-6
4.36E-6
2.655E-6
3.855E-6
3.08E-6
4.799E-6
2.078E-6
4.152E-6
3.511E-6
5.013E-6
2.977E-6
3.96E-6
3.2E-6
4.29E-6
2.109E-6
3.829E-6
3.036E-6
1.804E-6
3.539E-6
3.655E-6
3.723E-6
3.252E-6
5.129E-6
6.309E-6
2.879E-6
3.21E-6
2.994E-6
3.232E-6
4.317E-6
3.165E-6
2.734E-6
3.575E-6
4.118E-6
3.466E-6
1.879E-6
3.533E-6
4.705E-6
4.001E-6
4.116E-6
5.417E-6
3.019E-6
3.647E-6
2.097E-6
2.668E-6
2.828E-6
2.673E-6
3.737E-6
3.084E-6
3.297E-6
3.863E-6
4.507E-6
3.196E-6
2.634E-6
3.81E-6
3.192E-6
4.939E-6
4.272E-6
4.986E-6
2.059E-6
4.72E-6
4.503E-6
1.972E-6
4.187E-6
3.951E-6
4.994E-6
2.743E-6
3.459E-6
4.66E-6
2.747E-6
2.863E-6
6.551E-6
2.933E-6
3.385E-6
3.2E-6
5.023E-6
3.324E-6
2.799E-6
1.801E-6
2.458E-6
4.288E-6
5.019E-6
2.968E-6
3.327E-6
3.798E-6
3.343E-6
7.084E-6
3.541E-6
3.011E-6
3.301E-6
3.213E-6
3.402E-6
3.868E-6
2.629E-6
4.065E-6
3.291E-6
3.136E-6
5.692E-6
2.298E-6
4.22E-6
2.681E-6
5.229E-6
3.572E-6
4.834E-6
3.534E-6
2.951E-6
3.664E-6
2.901E-6
2.568E-6
5.099E-6
4.026E-6
3.726E-6
2.399E-6
4.652E-6
3.158E-6
4.388E-6
3.559E-6
2.797E-6
3.557E-6
3.294E-6
3.935E-6
3.575E-6
4.027E-6
5.532E-6
2.661E-6
3.276E-6
2.01E-6
2.487E-6
4.604E-6
3.112E-6
2.119E-6
5.819E-6
4.124E-6
3.585E-6
3.025E-6
6.632E-6
3.625E-6
2.429E-6
2.848E-6
2.917E-6
3.07E-6
2.738E-6
3.126E-6
2.764E-6
3.653E-6
4.491E-6
3.806E-6
5.771E-6
2.974E-6
3.479E-6
2.083E-6
4.695E-6
3.21E-6
3.254E-6
3.538E-6
2.945E-6
4.516E-6
3.478E-6
4.574E-6
3.103E-6
3.22E-6
4.865E-6
5.464E-6
2.393E-6
3.57E-6
4.626E-6
4.739E-6
2.77E-6
1.866E-6
4.969E-6
1.942E-6
4.609E-6
3.787E-6
2.159E-6
4.3E-6
2.678E-6
3.867E-6
3.54E-6
4.362E-6
5.011E-6
2.207E-6
2.47E-6
3.537E-6
2.64E-6
4.184E-6
2.803E-6
3.157E-6
3.732E-6
3.538E-6
3.134E-6
3.205E-6
5.416E-6
4.014E-6
3.311E-6
3.365E-6
5.834E-6
3.114E-6
2.039E-6
3.361E-6
4.806E-6
3.536E-6
2.285E-6
5.093E-6
3.242E-6
3.212E-6
3.02E-6
3.05E-6
4.719E-6
4.781E-6
2.566E-6
2.454E-6
3.673E-6
2.009E-6
3.087E-6
4.475E-6
2.288E-6
4.632E-6
3.373E-6
4.217E-6
4.161E-6
4.209E-6
3.722E-6
4.124E-6
3.867E-6
3.545E-6
2.821E-6
1.796E-6
3.504E-6
3.24E-6
1.9E-6
4.717E-6
6.049E-6
3.119E-6
3.052E-6
4.462E-6
3.771E-6
3.473E-6
3.736E-6
4.668E-6
3.758E-6
2.328E-6
3.658E-6
3.117E-6
5.912E-6
1.78E-6
3.397E-6
4.435E-6
3.671E-6
3.764E-6
4.059E-6
3.224E-6
2.564E-6
2.645E-6
5.497E-6
3.291E-6
1.981E-6
2.381E-6
2.735E-6
4.017E-6
3.782E-6
4.677E-6
3.669E-6
3.773E-6
3.047E-6
4.585E-6
5.419E-6
1.944E-6
5.816E-6
3.449E-6
2.691E-6
2.822E-6
4.892E-6
4.81E-6
4.69E-6
2.273E-6
2.549E-6
4.019E-6
2.977E-6
3.241E-6
3.713E-6
4.439E-6
3.391E-6
3.085E-6
1.887E-6
5.41E-6
4.464E-6
2.248E-6
4.512E-6
3.823E-6
3.874E-6
3.964E-6
2.551E-6
4.693E-6
3.658E-6
3.035E-6
5.186E-6
4.226E-6
3.374E-6
5.093E-6
3.571E-6
4.292E-6
2.894E-6
2.156E-6
3.857E-6
2.994E-6
3.94E-6
4.009E-6
4.301E-6
2.085E-6
6.282E-6
2.784E-6
3.142E-6
4.936E-6
4.088E-6
3.754E-6
4.063E-6
3.859E-6
2.965E-6
1.929E-6
4.483E-6
3.121E-6
8.885E-6
2.213E-6
3.448E-6
4.163E-6
3.911E-6
4.267E-6
2.1711E-5
7.524E-6
7.786E-6
2.089E-6
3.615E-6
3.447E-6
4.234E-6
3.581E-6
1.938E-6
3.631E-6
4.043E-6
2.52E-6
3.06E-6
3.489E-6
4.098E-6
3.637E-6
4.584E-6
1.709E-6
2.438E-6
2.793E-6
3.692E-6
3.457E-6
4.349E-6
1.657E-6
4.381E-6
2.553E-6
4.762E-6
1.556E-6
1.799E-6
4.396E-6
5.713E-6
3.304E-6
4.933E-6
3.599E-6
4.606E-6
5.337E-6
3.437E-6
3.468E-6
5.057E-6
1.713E-6
4.725E-6
3.573E-6
6.181E-6
3.404E-6
2.739E-6
4.415E-6
3.071E-6
4.515E-6
4.299E-6
4.092E-6
2.34E-6
3.438E-6
5.902E-6
4.571E-6
4.372E-6
5.22E-6
3.316E-6
2.54E-6
4.952E-6
2.943E-6
6.474E-6
3.706E-6
3.415E-6
4.94E-6
4.036E-6
3.298E-6
3.282E-6
3.568E-6
2.003E-6
2.47E-6
4.331E-6
5.212E-6
2.987E-6
3.825E-6
3.71E-6
4.044E-6
6.185E-6
3.998E-6
2.952E-6
3.633E-6
2.032E-6
5.449E-6
3.061E-6
2.408E-6
7.425E-6
2.304E-6
5.805E-6
2.846E-6
2.434E-6
5.125E-6
5.534E-6
6.334E-6
6.651E-6
3.988E-6
4.156E-6
2.125E-6
2.364E-6
5.94E-6
4.956E-6
2.94E-6
2.567E-6
3.148E-6
4.886E-6
1.908E-6
4.544E-6
3.817E-6
3.838E-6
5.399E-6
5.332E-6
1.965E-6
4.368E-6
2.892E-6
4.004E-6
4.129E-6
4.379E-6
4.742E-6
3.439E-6
5.322E-6
4.594E-6
3.455E-6
3.348E-6
4.602E-6
5.014E-6
6.251E-6
2.992E-6
4.52E-6
3.132E-6
4.347E-6
2.011E-6
2.595E-6
3.659E-6
4.123E-6
1.957E-6
3.503E-6
4.394E-6
2.147E-6
2.298E-6
3.235E-6
7.037E-6
2.964E-6
4.271E-6
1.971E-6
4.779E-6
3.333E-6
2.434E-6
4.465E-6
5.371E-6
3.76E-6
4.364E-6
2.162E-6
4.687E-6
3.49E-6
6.998E-6
1.921E-6
2.307E-6
4.757E-6
3.243E-6
4.299E-6
3.872E-6
6.796E-6
2.9E-6
3.145E-6
4.631E-6
3.552E-6
4.216E-6
5.657E-6
2.797E-6
4.079E-6
5.321E-6
3.534E-6
2.277E-6
4.162E-6
3.462E-6
4.047E-6
2.595E-6
2.52E-6
3.756E-6
3.449E-6
5.467E-6
3.012E-6
2.328E-6
5.021E-6
3.619E-6
4.353E-6
3.874E-6
4.09E-6
3.287E-6
2.824E-6
4.021E-6
4.637E-6
3.644E-6
2.894E-6
5.033E-6
3.443E-6
4.039E-6
4.888E-6
4.224E-6
4.266E-6
4.834E-6
2.836E-6
4.683E-6
4.902E-6
2.845E-6
5.312E-6
5.802E-6
2.998E-6
4.651E-6
1.984E-6
3.969E-6
3.471E-6
3.993E-6
2.479E-6
3.192E-6
2.921E-6
2.171E-6
5.267E-6
3.457E-6
4.19E-6
3.932E-6
6.267E-6
5.19E-6
4.634E-6
4.656E-6
5.007E-6
3.365E-6
3.557E-6
2.475E-6
3.052E-6
2.096E-6
4.001E-6
1.806E-6
1.995E-6
4.268E-6
7.339E-6
2.295E-6
3.506E-6
2.692E-6
4.511E-6
2.396E-6
3.237E-6
2.735E-6
4.045E-6
2.067E-6
4.278E-6
5.045E-6
3.379E-6
6.194E-6
3.468E-6
5.245E-6
1.743E-6
4.939E-6
2.635E-6
4.652E-6
2.117E-6
2.551E-6
6.226E-6
2.163E-6
2.004E-6
2.441E-6
4.502E-6
4.973E-6
2.97E-6
4.435E-6
4.388E-6
3.839E-6
2.058E-6
3.173E-6
3.605E-6
4.715E-6
3.575E-6
4.21E-6
3.467E-6
4.756E-6
1.895E-6
3.198E-6
5.061E-6
3.722E-6
3.988E-6
4.452E-6
3.579E-6
5.249E-6
4.707E-6
4.462E-6
3.39E-6
3.072E-6
3.69E-6
4.946E-6
3.463E-6
4.395E-6
4.405E-6
6.968E-6
2.565E-6
3.618E-6
4.326E-6
3.64E-6
3.965E-6
4.078E-6
5.493E-6
2.209E-6
5.992E-6
3.194E-6
5.106E-6
3.278E-6
4.533E-6
4.008E-6
3.314E-6
3.385E-6
2.669E-6
4.536E-6
3.616E-6
3.888E-6
2.839E-6
5.298E-6
2.382E-6
3.393E-6
3.056E-6
4.412E-6
1.975E-6
3.28E-6
4.708E-6
3.142E-6
5.001E-6
2.121E-6
5.744E-6
5.183E-6
2.254E-6
4.093E-6
5.654E-6
5.394E-6
3.242E-6
4.13E-6
4.72E-6
5.649E-6
4.058E-6
3.239E-6
4.149E-6
4.517E-6
4.671E-6
3.401E-6
6.268E-6
4.632E-6
3.024E-6
5.239E-6
2.433E-6
3.983E-6
4.041E-6
1.84E-6
4.536E-6
4.26E-6
2.027E-6
2.6E-6
4.587E-6
3.875E-6
5.46E-6
1.8E-6
2.62E-6
3.881E-6
5.218E-6
2.164E-6
3.271E-6
3.56E-6
2.148E-6
1.896E-6
4.366E-6
4.608E-6
2.636E-6
4.942E-6
4.92E-6
5.953E-6
3.765E-6
2.064E-6
2.779E-6
2.762E-6
6.014E-6
3.512E-6
3.088E-6
4.944E-6
1.766E-6
3.913E-6
4.571E-6
4.478E-6
5.935E-6
5.401E-6
2.622E-6
2.722E-6
5.115E-6
3.531E-6
2.924E-6
3.751E-6
2.041E-6
2.904E-6
3.072E-6
3.008E-6
4.501E-6
5.398E-6
5.301E-6
4.175E-6
3.415E-6
5.258E-6
3.394E-6
3.232E-6
2.313E-6
4.135E-6
5.099E-6
1.763E-6
3.333E-6
2.88E-6
3.73E-6
6.718E-6
3.579E-6
3.318E-6
5.995E-6
1.878E-6
3.917E-6
4.542E-6
2.43E-6
2.508E-6
3.817E-6
2.764E-6
3.332E-6
3.519E-6
4.47E-6
5.069E-6
4.533E-6
4.333E-6
3.902E-6
2.69E-6
4.883E-6
4.693E-6
3.117E-6
3.859E-6
4.064E-6
4.263E-6
4.848E-6
5.19E-6
3.734E-6
3.665E-6
5.277E-6
4.045E-6
4.335E-6
5.027E-6
4.371E-6
2.946E-6
2.441E-6
3.606E-6
3.384E-6
2.878E-6
4.968E-6
4.821E-6
2.495E-6
3.741E-6
4.515E-6
2.762E-6
4.892E-6
5.268E-6
2.566E-6
3.487E-6
3.038E-6
4.918E-6
4.293E-6
6.112E-6
1.788E-6
3.697E-6
7.784E-6
5.094E-6
3.616E-6
2.475E-6
4.391E-6
3.133E-6
4.778E-6
2.656E-6
3.326E-6
5.674E-6
3.15E-6
5.23E-6
3.15E-6
5.233E-6
1.714E-6
3.687E-6
3.698E-6
1.957E-6
3.672E-6
4.744E-6
1.59E-6
6.083E-6
3.428E-6
4.117E-6
2.579E-6
5.547E-6
4.091E-6
6.395E-6
1.828E-6
3.157E-6
4.595E-6
2.014E-6
2.505E-6
3.832E-6
3.275E-6
2.785E-6
3.779E-6
1.69E-6
1.893E-6
3.753E-6
4.095E-6
2.693E-6
3.592E-6
3.541E-6
3.224E-6
6.498E-6
1.835E-6
3.999E-6
5.747E-6
2.443E-6
2.64E-6
2.677E-6
3.964E-6
6.319E-6
3.756E-6
6.852E-6
3.226E-6
4.82E-6
5.215E-6
5.15E-6
2.019E-6
4.545E-6
3.912E-6
5.434E-6
3.871E-6
3.671E-6
2.725E-6
2.691E-6
5.808E-6
4.368E-6
3.478E-6
3.288E-6
4.389E-6
2.975E-6
3.95E-6
3.942E-6
2.831E-6
4.073E-6
2.759E-6
7.287E-6
1.926E-6
2.595E-6
4.446E-6
2.522E-6
4.343E-6
4.637E-6
2.853E-6
3.834E-6
3.423E-6
5.395E-6
5.628E-6
7.031E-6
3.29E-6
4.696E-6
1.809E-6
3.228E-6
3.766E-6
4.109E-6
1.772E-6
4.975E-6
1.751E-6
2.67E-6
3.617E-6
3.951E-6
1.765E-6
4.829E-6
6.242E-6
3.839E-6
4.717E-6
4.385E-6
1.681E-6
3.595E-6
4.787E-6
1.893E-6
3.579E-6
4.181E-6
2.327E-6
5.009E-6
3.955E-6
3.879E-6
5.085E-6
1.749E-6
4.995E-6
2.878E-6
3.69E-6
3.975E-6
2.621E-6
1.737E-6
4.778E-6
2.734E-6
6.194E-6
5.24E-6
3.611E-6
4.108E-6
1.692E-6
3.662E-6
4.135E-6
2.01E-6
2.498E-6
4.034E-6
2.474E-6
4.191E-6
1.879E-6
2.775E-6
1.574E-6
8.329E-6
3.041E-6
6.439E-6
3.872E-6
2.706E-6
3.857E-6
1.768E-6
4.12E-6
3.251E-6
2.326E-6
4.008E-6
5.159E-6
2.333E-6
3.523E-6
1.945E-6
2.175E-6
6.746E-6
2.436E-6
3.635E-6
3.446E-6
4.783E-6
2.973E-6
2.088E-6
4.756E-6
3.021E-6
3.573E-6
4.852E-6
1.656E-6
6.326E-6
4.391E-6
3.224E-6
3.438E-6
3.285E-6
3.792E-6
5.185E-6
5.602E-6
4.915E-6
2.49E-6
3.928E-6
3.251E-6
7.627E-6
4.708E-6
3.221E-6
3.522E-6
2.037E-6
5.307E-6
2.808E-6
5.279E-6
4.22E-6
3.132E-6
4.252E-6
1.904E-6
3.637E-6
4.785E-6
4.811E-6
2.39E-6
4.013E-6
4.515E-6
3.216E-6
3.515E-6
4.258E-6
5.073E-6
3.874E-6
2.996E-6
5.761E-6
2.754E-6
5.026E-6
4.802E-6
1.757E-6
5.303E-6
1.916E-6
2.471E-6
4.248E-6
1.663E-6
4.272E-6
3.002E-6
3.379E-6
4.732E-6
1.691E-6
3.918E-6
2.935E-6
6.087E-6
4.224E-6
2.768E-6
3.502E-6
2.87E-6
4.494E-6
4.699E-6
1.967E-6
4.722E-6
3.169E-6
2.904E-6
2.922E-6
5.18E-6
2.407E-6
5.358E-6
5.114E-6
3.738E-6
4.574E-6
2.717E-6
4.977E-6
2.985E-6
2.564E-6
6.418E-6
3.014E-6
5.552E-6
1.716E-6
3.736E-6
4.342E-6
2.499E-6
2.232E-6
4.078E-6
4.333E-6
3.1E-6
3.765E-6
4.662E-6
2.934E-6
2.453E-6
3.885E-6
1.925E-6
4.035E-6
3.067E-6
4.093E-6
2.796E-6
4.504E-6
4.2E-6
3.312E-6
3.251E-6
3.601E-6
1.922E-6
4.346E-6
6.003E-6
2.822E-6
3.457E-6
5.293E-6
3.302E-6
1.901E-6
2.758E-6
3.326E-6
1.773E-6
3.684E-6
4.019E-6
5.324E-6
5.855E-6
1.881E-6
3.288E-6
2.974E-6
5.077E-6
2.362E-6
4.092E-6
2.648E-6
4.238E-6
5.696E-6
4.005E-6
2.599E-6
4.983E-6
7.29E-6
3.007E-6
5.471E-6
2.016E-6
2.504E-6
4.617E-6
2.541E-6
3.007E-6
4.325E-6
1.959E-6
2.433E-6
3.387E-6
1.8E-6
2.826E-6
5.866E-6
2.805E-6
2.892E-6
5.715E-6
1.716E-6
2.353E-6
3.717E-6
3.061E-6
2.266E-6
2.462E-6
2.951E-6
5.305E-6
4.286E-6
5.116E-6
6.008E-6
3.236E-6
3.506E-6
2.473E-6
2.826E-6
6.013E-6
5.988E-6
3.609E-6
5.195E-6
2.981E-6
5.2E-6
1.966E-6
5.678E-6
1.768E-6
6.12E-6
2.979E-6
5.37E-6
3.419E-6
3.736E-6
2.753E-6
4.27E-6
3.249E-6
5.35E-6
2.676E-6
3.563E-6
5.558E-6
2.498E-6
7.124E-6
3.474E-6
3.097E-6
3.658E-6
4.186E-6
2.656E-6
5.315E-6
1.817E-6
2.811E-6
5.24E-6
3.75E-6
2.363E-6
6.038E-6
5.204E-6
4.775E-6
3.682E-6
4.148E-6
3.033E-6
3.555E-6
3.098E-6
2.382E-6
4.236E-6
1.85E-6
2.518E-6
5.523E-6
1.908E-6
2.173E-6
5.235E-6
3.997E-6
3.224E-6
3.261E-6
1.792E-6
3.869E-6
2.964E-6
5.626E-6
3.727E-6
6.116E-6
3.456E-6
5.23E-6
4.23E-6
3.302E-6
3.497E-6
5.789E-6
5.41E-6
3.823E-6
3.491E-6
2.36E-6
4.654E-6
1.67E-6
2.575E-6
3.588E-6
2.805E-6
3.443E-6
2.016E-6
2.214E-6
4.808E-6
3.494E-6
3.506E-6
4.662E-6
4.492E-6
1.872E-6
5.049E-6
7.071E-6
3.834E-6
5.549E-6
6.575E-6
1.632E-6
3.594E-6
5.199E-6
1.978E-6
3.443E-6
2.484E-6
3.753E-6
8.389E-6
4.457E-6
1.937E-6
4.622E-6
3.386E-6
4.859E-6
4.244E-6
6.128E-6
3.827E-6
2.919E-6
5.444E-6
3.408E-6
2.417E-6
4.471E-6
2.504E-6
3.879E-6
2.075E-6
2.445E-6
4.023E-6
2.906E-6
5.726E-6
2.945E-6
3.155E-6
4.836E-6
3.616E-6
6.972E-6
3.261E-6
4.148E-6
6.491E-6
4.865E-6
1.843E-6
3.266E-6
3.938E-6
5.254E-6
2.382E-6
2.919E-6
4.311E-6
3.752E-6
4.07E-6
4.365E-6
4.681E-6
3.389E-6
5.402E-6
4.631E-6
3.314E-6
4.209E-6
1.902E-6
3.481E-6
8.985E-6
2.749E-6
2.916E-6
5.138E-6
1.902E-6
4.611E-6
3.455E-6
3.826E-6
2.497E-6
3.706E-6
5.671E-6
3.584E-6
7.018E-6
3.734E-6
4.502E-6
6.332E-6
2.177E-6
3.177E-6
6.498E-6
3.714E-6
3.797E-6
5.447E-6
5.404E-6
3.45E-6
5.389E-6
2.398E-6
3.562E-6
4.873E-6
3.081E-6
5.758E-6
5.779E-6
3.677E-6
2.049E-6
3.687E-6
3.6E-6
2.744E-6
1.923E-6
4.081E-6
2.953E-6
6.217E-6
3.006E-6
5.6E-6
4.699E-6
6.453E-6
5.107E-6
2.214E-6
4.155E-6
5.284E-6
3.414E-6
4.804E-6
3.45E-6
5.062E-6
3.167E-6
5.182E-6
2.233E-6
5.693E-6
3.148E-6
3.539E-6
5.156E-6
5.151E-6
3.445E-6
3.267E-6
1.958E-6
3.217E-6
5.009E-6
4.156E-6
3.75E-6
5.767E-6
7.208E-6
3.653E-6
3.672E-6
4.464E-6
4.054E-6
2.441E-6
3.888E-6
6.232E-6
3.33E-6
4.776E-6
2.078E-6
5.836E-6
2.599E-6
6.709E-6
2.713E-6
3.156E-6
5.645E-6
2.062E-6
2.519E-6
5.315E-6
4.915E-6
2.53E-6
2.593E-6
4.712E-6
5.479E-6
7.714E-6
3.474E-6
4.952E-6
2.042E-6
2.719E-6
4.354E-6
4.387E-6
3.315E-6
4.875E-6
3.692E-6
2.558E-6
4.264E-6
8.012E-6
5.015E-6
3.704E-6
5.222E-6
2.787E-6
4.81E-6
4.143E-6
4.888E-6
1.821E-6
3.593E-6
7.135E-6
9.073E-6
4.904E-6
3.268E-6
5.639E-6
4.87E-6
2.753E-6
5.309E-6
4.426E-6
1.915E-6
2.727E-6
4.796E-6
6.306E-6
3.726E-6
4.002E-6
3.892E-6
4.682E-6
1.944E-6
2.455E-6
4.725E-6
3.398E-6
5.738E-6
4.879E-6
5.343E-6
1.929E-6
4.087E-6
2.909E-6
5.482E-6
2.043E-6
3.058E-6
3.086E-6
4.503E-6
3.144E-6
4.915E-6
3.468E-6
4.751E-6
4.877E-6
3.989E-6
5.098E-6
5.594E-6
7.284E-6
3.41E-6
4.53E-6
4.418E-6
2.289E-6
2.504E-6
4.54E-6
4.399E-6
5.413E-6
4.018E-6
3.886E-6
4.784E-6
3.002E-6
4.909E-6
2.566E-6
4.894E-6
1.809E-6
2.043E-6
2.505E-6
1.673E-6
2.783E-6
4.701E-6
5.027E-6
2.047E-6
4.749E-6
5.308E-6
4.099E-6
4.216E-6
4.394E-6
2.807E-6
5.116E-6
3.333E-6
3.117E-6
5.358E-6
6.152E-6
2.534E-6
4.194E-6
5.133E-6
7.53E-6
2.299E-6
4.116E-6
3.288E-6
5.007E-6
3.275E-6
4.133E-6
1.94E-6
2.329E-6
5.175E-6
3.032E-6
4.19E-6
3.577E-6
5.295E-6
4.53E-6
5.608E-6
5.568E-6
3.665E-6
2.353E-6
3.087E-6
5.369E-6
4.855E-6
4.421E-6
2.519E-6
6.842E-6
6.31E-6
5.903E-6
1.894E-6
3.978E-6
4.131E-6
2.153E-6
4.71E-6
1.878E-6
3.618E-6
2.037E-6
5.673E-6
4.704E-6
4.557E-6
2.771E-6
6.399E-6
4.092E-6
2.14E-6
5.825E-6
6.499E-6
3.386E-6
4.659E-6
3.246E-6
3.12E-6
4.082E-6
2.991E-6
3.508E-6
4.67E-6
5.356E-6
2.276E-6
3.986E-6
4.081E-6
3.218E-6
3.168E-6
3.737E-6
2.031E-6
2.7E-6
5.918E-6
2.835E-6
4.544E-6
3.443E-6
5.92E-6
6.818E-6
3.366E-6
5.683E-6
2.79E-6
4.601E-6
2.738E-6
5.939E-6
1.745E-6
4.11E-6
4.256E-6
3.6887E-5
4.111E-6
3.91E-6
2.809E-6
4.683E-6
5.373E-6
3.107E-6
3.435E-6
4.556E-6
2.625E-6
7.752E-6
4.984E-6
2.631E-6
2.161E-6
1.588E-6
3.429E-6
6.23E-6
5.156E-6
3.424E-6
2.574E-6
2.791E-6
1.655E-6
2.216E-6
3.081E-6
2.307E-6
1.526E-6
4.249E-6
2.057E-6
2.975E-6
3.898E-6
2.062E-6
2.457E-6
3.056E-6
1.008E-6
1.442E-6
1.883E-6
2.343E-6
9.63E-7
2.703E-6
1.57E-6
2.041E-6
1.596E-6
1.392E-6
3.266E-6
1.522E-6
1.594E-6
2.989E-6
2.275E-6
3.121E-6
1.829E-6
2.378E-6
3.189E-6
3.774E-6
1.796E-6
2.661E-6
1.162E-6
1.89E-6
3.257E-6
1.527E-6
1.958E-6
2.849E-6
1.627E-6
2.595E-6
1.62E-6
3.202E-6
2.18E-6
1.449E-6
2.188E-6
2.624E-6
2.426E-6
4.005E-6
1.577E-6
3.411E-6
2.01E-6
1.833E-6
2.631E-6
2.194E-6
1.112E-6
1.819E-6
2.723E-6
9.14E-7
2.681E-6
2.723E-6
3.421E-6
3.559E-6
1.528E-6
2.701E-6
1.561E-6
2.408E-6
1.121E-6
4.319E-6
1.434E-6
2.114E-6
4.57E-6
1.503E-6
3.533E-6
2.008E-6
2.671E-6
1.178E-6
1.801E-6
2.96E-6
2.442E-6
1.434E-6
2.708E-6
2.236E-6
9.25E-7
2.123E-6
2.795E-6
4.872E-6
1.041E-6
1.795E-6
2.86E-6
1.075E-6
1.383E-6
2.967E-6
9.07E-7
1.16E-6
1.38E-6
2.952E-6
2.635E-6
3.018E-6
2.6E-6
1.924E-6
1.613E-6
2.141E-6
1.631E-6
1.529E-6
2.83E-6
2.411E-6
2.979E-6
2.001E-6
2.365E-6
3.656E-6
3.704E-6
1.493E-6
2.827E-6
2.436E-6
9.41E-7
2.858E-6
2.768E-6
2.016E-6
1.433E-6
3.314E-6
1.639E-6
2.652E-6
2.85E-6
1.985E-6
1.844E-6
1.805E-6
2.669E-6
1.109E-6
3.756E-6
1.704E-6
1.827E-6
2.491E-6
2.927E-6
1.12E-6
3.346E-6
2.863E-6
2.712E-6
3.805E-6
1.996E-6
2.454E-6
1.669E-6
2.165E-6
1.993E-6
1.454E-6
1.492E-6
2.588E-6
3.127E-6
1.433E-6
4.785E-6
1.684E-6
2.309E-6
2.762E-6
1.958E-6
3.682E-6
1.978E-6
3.068E-6
2.411E-6
1.107E-6
1.943E-6
2.949E-6
2.046E-6
2.868E-6
2.626E-6
1.863E-6
2.638E-6
1.612E-6
3.128E-6
2.764E-6
1.521E-6
1.383E-6
3.507E-6
1.677E-6
3.977E-6
1.438E-6
2.119E-6
1.439E-6
3.339E-6
1.225E-6
1.837E-6
2.129E-6
9.31E-7
2.716E-6
1.15E-6
3.245E-6
2.142E-6
1.453E-6
2.435E-6
1.475E-6
1.53E-6
2.438E-6
1.822E-6
2.908E-6
1.85E-6
2.59E-6
1.751E-6
2.199E-6
3.349E-6
2.465E-6
3.964E-6
1.648E-6
1.945E-6
3.589E-6
2.519E-6
3.68E-6
1.929E-6
1.435E-6
1.617E-6
2.691E-6
2.199E-6
2.12E-6
2.621E-6
2.397E-6
1.109E-6
3.328E-6
1.061E-6
2.542E-6
2.692E-6
3.169E-6
3.586E-6
3.15E-6
2.151E-6
2.126E-6
2.035E-6
2.785E-6
1.981E-6
2.588E-6
1.605E-6
2.108E-6
3.043E-6
9.68E-7
1.973E-6
1.769E-6
2.636E-6
1.779E-6
3.128E-6
3.05E-6
2.905E-6
1.072E-6
3.596E-6
1.949E-6
2.138E-6
3.257E-6
1.636E-6
2.151E-6
2.31E-6
2.229E-6
1.131E-6
2.123E-6
3.325E-6
1.09E-6
1.768E-6
2.193E-6
2.531E-6
1.798E-6
2.066E-6
1.595E-6
4.042E-6
2.588E-6
2.057E-6
3.689E-6
2.945E-6
1.063E-6
2.458E-6
3.085E-6
1.955E-6
1.369E-6
2.22E-6
1.675E-6
3.21E-6
3.014E-6
1.4E-6
1.985E-6
1.863E-6
2.172E-6
1.419E-6
2.179E-6
2.374E-6
1.66E-6
2.601E-6
2.626E-6
1.812E-6
2.786E-6
2.221E-6
3.158E-6
3.252E-6
2.547E-6
1.833E-6
3.375E-6
1.601E-6
2.331E-6
9.16E-7
2.561E-6
1.465E-6
3.035E-6
1.531E-6
2.673E-6
2.085E-6
2.826E-6
9.39E-7
2.019E-6
2.018E-6
2.872E-6
2.182E-6
2.395E-6
1.619E-6
2.145E-6
2.637E-6
1.885E-6
2.369E-6
3.404E-6
9.76E-7
2.29E-6
2.449E-6
2.634E-6
3.732E-6
6.337E-6
3.279E-6
3.188E-6
4.598E-6
5.872E-6
2.38E-6
5.489E-6
3.071E-6
3.926E-6
5.084E-6
3.865E-6
4.57E-6
2.517E-6
3.622E-6
2.725E-6
2.954E-6
3.923E-6
1.701E-6
3.041E-6
5.819E-6
3.997E-6
2.784E-6
5.977E-6
3.298E-6
3.116E-6
3.208E-6
4.53E-6
1.639E-6
3.069E-6
5.704E-6
2.03E-6
2.812E-6
2.855E-6
3.757E-6
6.507E-6
3.109E-6
7.716E-6
2.746E-6
3.178E-6
2.696E-6
4.509E-6
4.434E-6
3.852E-6
1.444E-6
3.142E-6
9.91E-7
1.411E-6
1.446E-6
2.197E-6
1.056E-6
3.271E-6
2.462E-6
2.544E-6
1.884E-6
3.07E-6
1.784E-6
1.078E-6
2.333E-6
2.848E-6
1.108E-6
3.124E-6
3.146E-6
1.733E-6
1.995E-6
1.825E-6
1.479E-6
3.076E-6
1.979E-6
3.251E-6
3.93E-6
1.449E-6
2.358E-6
3.179E-6
3.396E-6
1.117E-6
1.841E-6
2.839E-6
9.94E-7
2.326E-6
2.184E-6
3.492E-6
2.249E-6
1.604E-6
2.324E-6
1.997E-6
1.968E-6
2.638E-6
1.444E-6
2.585E-6
2.916E-6
1.61E-6
2.756E-6
1.556E-6
2.198E-6
2.022E-6
1.938E-6
2.119E-6
1.889E-6
2.437E-6
1.823E-6
1.907E-6
1.047E-6
1.995E-6
3.41E-6
2.578E-6
2.547E-6
4.357E-6
1.82E-6
2.15E-6
3.455E-6
3.002E-6
1.677E-6
3.735E-6
1.092E-6
1.879E-6
2.031E-6
9.12E-7
1.505E-6
2.772E-6
2.213E-6
3.217E-6
1.616E-6
1.458E-6
1.992E-6
2.378E-6
1.085E-6
1.37E-6
3.09E-6
1.015E-6
1.984E-6
2.792E-6
2.69E-6
2.375E-6
1.683E-6
1.817E-6
3.638E-6
2.148E-6
1.809E-6
3.081E-6
1.088E-6
1.405E-6
2.617E-6
2.854E-6
1.922E-6
1.766E-6
3.177E-6
1.212E-6
1.968E-6
1.936E-6
1.771E-6
1.583E-6
3.51E-6
1.725E-6
2.28E-6
1.461E-6
2.873E-6
1.164E-6
2.463E-6
2.498E-6
2.212E-6
3.308E-6
2.153E-6
1.709E-6
2.285E-6
1.763E-6
3.296E-6
1.195E-6
1.438E-6
1.847E-6
1.603E-6
2.123E-6
2.794E-6
2.027E-6
3.349E-6
3.204E-6
2.086E-6
1.812E-6
3.297E-6
1.879E-6
1.845E-6
2.893E-6
1.408E-6
2.503E-6
3.121E-6
3.963E-6
2.489E-6
2.962E-6
3.002E-6
1.081E-6
3.117E-6
3.217E-6
2.605E-6
1.988E-6
2.684E-6
3.638E-6
2.42E-6
1.789E-6
2.988E-6
2.283E-6
3.09E-6
1.555E-6
2.372E-6
3.519E-6
2.218E-6
1.834E-6
1.845E-6
2.205E-6
3.195E-6
2.043E-6
2.211E-6
2.83E-6
1.871E-6
1.937E-6
2.162E-6
2.22E-6
1.848E-6
1.479E-6
2.134E-6
3.07E-6
1.978E-6
2.169E-6
2.318E-6
1.133E-6
2.444E-6
2.968E-6
3.386E-6
2.12E-6
1.759E-6
1.969E-6
1.082E-6
1.41E-6
3.139E-6
1.456E-6
2.539E-6
3.172E-6
3.41E-6
1.542E-6
1.872E-6
3.036E-6
1.587E-6
2.196E-6
2.415E-6
1.777E-6
3.144E-6
9.52E-7
1.586E-6
2.96E-6
1.55E-6
2.385E-6
1.524E-6
3.048E-6
2.105E-6
2.167E-6
3.117E-6
1.117E-6
1.711E-6
2.132E-6
2.531E-6
1.564E-6
3.559E-6
3.359E-6
2.851E-6
1.147E-6
3.294E-6
9.37E-7
2.282E-6
1.034E-6
1.399E-6
2.921E-6
1.546E-6
2.529E-6
1.11E-6
2.979E-6
1.983E-6
2.533E-6
2.478E-6
1.131E-6
2.786E-6
3.486E-6
1.727E-6
2.771E-6
1.762E-6
2.763E-6
9.4E-7
2.273E-6
1.494E-6
1.865E-6
2.851E-6
2.688E-6
1.826E-6
2.59E-6
2.863E-6
1.129E-6
2.905E-6
2.975E-6
3.61E-6
1.781E-6
3.277E-6
2.508E-6
1.821E-6
3.03E-6
1.852E-6
3.233E-6
9.87E-7
2.512E-6
3.464E-6
2.635E-6
2.128E-6
3.249E-6
2.757E-6
2.258E-6
2.764E-6
3.606E-6
2.173E-6
2.415E-6
1.425E-6
2.433E-6
1.969E-6
2.612E-6
2.172E-6
1.803E-6
1.508E-6
2.912E-6
2.63E-6
2.504E-6
3.272E-6
9.88E-7
2.217E-6
2.382E-6
2.983E-6
1.454E-6
1.33E-6
3.681E-6
1.141E-6
1.901E-6
3.446E-6
1.144E-6
1.423E-6
3.401E-6
1.843E-6
1.701E-6
2.572E-6
3.404E-6
1.485E-6
2.885E-6
2.034E-6
1.818E-6
1.385E-6
2.701E-6
1.056E-6
1.53E-6
1.808E-6
2.532E-6
1.64E-6
2.073E-6
1.086E-6
2.91E-6
2.85E-6
9.36E-7
3.484E-6
2.238E-6
2.816E-6
2.602E-6
1.487E-6
2.845E-6
1.502E-6
2.585E-6
9.72E-7
1.749E-6
3.504E-6
1.491E-6
2.548E-6
1.886E-6
3.097E-6
3.314E-6
3.358E-6
2.793E-6
3.9E-6
2.425E-6
1.519E-6
1.381E-6
2.521E-6
9.72E-7
2.888E-6
1.79E-6
3.395E-6
2.168E-6
3.533E-6
1.457E-6
1.421E-6
2.998E-6
1.805E-6
2.47E-6
1.98E-6
2.133E-6
1.642E-6
2.336E-6
2.83E-6
1.842E-6
2.455E-6
1.056E-6
3.096E-6
3.52E-6
1.06E-6
2.669E-6
2.365E-6
1.028E-6
1.6E-6
1.604E-6
2.614E-6
3.141E-6
1.483E-6
2.538E-6
1.551E-6
2.398E-6
2.6E-6
1.805E-6
1.487E-6
3.352E-6
4.369E-6
2.45E-6
2.765E-6
1.5E-6
2.675E-6
2.931E-6
2.455E-6
3.043E-6
3.19E-6
1.423E-6
2.123E-6
2.871E-6
2.869E-6
2.063E-6
1.989E-6
3.095E-6
2.019E-6
3.365E-6
2.88E-6
1.862E-6
2.738E-6
1.636E-6
2.209E-6
9.86E-7
2.013E-6
2.449E-6
3.82E-6
1.508E-6
2.609E-6
1.539E-6
2.741E-6
2.697E-6
1.792E-6
1.773E-6
2.758E-6
1.658E-6
2.157E-6
1.445E-6
3.076E-6
3.875E-6
1.573E-6
3.339E-6
2.922E-6
3.411E-6
1.539E-6
2.962E-6
2.077E-6
1.552E-6
1.984E-6
2.003E-6
1.505E-6
2.028E-6
1.896E-6
1.396E-6
2.232E-6
1.632E-6
2.759E-6
9.67E-7
1.445E-6
1.848E-6
2.34E-6
4.168E-6
1.984E-6
1.815E-6
3.424E-6
2.572E-6
3.324E-6
3.463E-6
1.42E-6
1.61E-6
2.325E-6
2.589E-6
3.662E-6
1.963E-6
2.6E-6
3.203E-6
3.142E-6
2.04E-6
3.679E-6
2.403E-6
3.013E-6
1.654E-6
1.502E-6
3.587E-6
3.101E-6
1.915E-6
2.564E-6
3.047E-6
3.644E-6
1.622E-6
1.412E-6
2.72E-6
2.983E-6
2.48E-6
1.632E-6
2.266E-6
1.135E-6
2.158E-6
3.405E-6
2.847E-6
4.324E-6
1.836E-6
1.438E-6
2.671E-6
3.581E-6
1.44E-6
3.331E-6
3.403E-6
2.687E-6
3.665E-6
1.901E-6
2.349E-6
2.59E-6
1.378E-6
3.492E-6
1.817E-6
1.474E-6
4.075E-6
2.009E-6
3.026E-6
3.106E-6
1.007E-6
1.996E-6
2.244E-6
3.421E-6
1.957E-6
1.978E-6
1.664E-6
4.188E-6
2.652E-6
1.499E-6
2.064E-6
1.58E-6
3.511E-6
1.701E-6
1.505E-6
3.986E-6
4.481E-6
1.567E-6
3.645E-6
1.995E-6
1.956E-6
2.724E-6
2.144E-6
2.173E-6
2.018E-6
3.033E-6
2.782E-6
1.963E-6
2.168E-6
3.348E-6
3.761E-6
9.21E-7
1.943E-6
2.595E-6
3.185E-6
1.719E-6
3.589E-6
2.649E-6
2.097E-6
2.521E-6
1.88E-6
2.935E-6
1.851E-6
2.021E-6
1.801E-6
3.217E-6
2.346E-6
1.111E-6
1.809E-6
2.906E-6
2.791E-6
2.944E-6
1.897E-6
3.243E-6
2.972E-6
3.015E-6
2.767E-6
2.116E-6
2.414E-6
1.129E-6
3.16E-6
3.671E-6
1.807E-6
2.632E-6
1.454E-6
1.462E-6
4.042E-6
3.254E-6
2.292E-6
4.546E-6
1.825E-6
3.26E-6
3.484E-6
2.582E-6
1.964E-6
1.016E-6
1.159E-5
1.724E-6
1.497E-6
2.506E-6
2.104E-6
3.094E-6
2.467E-6
3.354E-6
2.019E-6
3.776E-6
1.471E-6
2.215E-6
4.061E-6
1.916E-6
3.155E-6
3.571E-6
1.087E-6
4.005E-6
2.697E-6
1.005E-6
2.519E-6
1.911E-6
2.861E-6
1.107E-6
3.5E-6
2.571E-6
1.038E-6
2.567E-6
8.98E-7
4.522E-6
2.548E-6
1.654E-6
3.697E-6
3.47E-6
1.432E-6
3.287E-6
1.126E-6
3.642E-6
1.771E-6
3.724E-6
1.687E-6
4.314E-6
1.424E-6
2.159E-6
1.114E-6
2.624E-6
3.093E-6
2.703E-6
3.02E-6
1.727E-6
2.536E-6
2.505E-6
1.611E-6
2.272E-6
3.38E-6
9.72E-7
1.101E-6
2.216E-6
3.647E-6
9.01E-7
2.506E-6
3.241E-6
1.144E-6
3.708E-6
2.033E-6
1.355E-6
1.899E-6
1.022E-6
3.106E-6
2.132E-6
2.048E-6
1.556E-6
3.251E-6
1.611E-6
2.648E-6
3.599E-6
2.836E-6
1.119E-6
2.85E-6
3.355E-6
1.475E-6
1.585E-6
1.467E-6
2.978E-6
2.001E-6
1.836E-6
2.724E-6
1.622E-6
2.159E-6
3.07E-6
2.105E-6
2.204E-6
3.043E-6
2.021E-6
1.452E-6
2.614E-6
1.943E-6
1.411E-6
2.688E-6
2.169E-6
2.445E-6
3.261E-6
1.104E-6
3.267E-6
1.406E-6
4.04E-6
1.068E-6
3.519E-6
9.66E-7
1.433E-6
3.182E-6
1.933E-6
1.859E-6
2.083E-6
1.633E-6
2.778E-6
2.442E-6
1.483E-6
2.865E-6
1.672E-6
1.983E-6
2.996E-6
3.365E-6
1.551E-6
1.827E-6
3.247E-6
2.006E-6
2.112E-6
2.498E-6
2.149E-6
1.324E-6
3.035E-6
2.127E-6
1.836E-6
2.934E-6
1.843E-6
4.272E-6
2.655E-6
3.564E-6
2.235E-6
9.7E-7
2.659E-6
2.794E-6
1.6E-6
1.809E-6
1.66E-6
4.187E-6
1.973E-6
3.451E-6
2.51E-6
2.592E-6
1.238E-6
1.819E-6
2.861E-6
2.084E-6
3.12E-6
1.632E-6
1.798E-6
2.538E-6
1.152E-6
2.238E-6
3.714E-6
2.193E-6
2.434E-6
2.394E-6
3.512E-6
1.903E-6
1.106E-6
1.427E-6
2.786E-6
1.735E-6
1.475E-6
2.571E-6
1.857E-6
3.975E-6
4.463E-6
1.093E-6
1.453E-6
2.745E-6
1.414E-6
3.106E-6
1.082E-6
1.368E-6
2.427E-6
1.957E-6
1.77E-6
2.634E-6
1.396E-6
2.672E-6
1.089E-6
2.423E-6
2.434E-6
2.6E-6
1.844E-6
2.859E-6
2.709E-6
1.868E-6
2.613E-6
3.298E-6
1.077E-6
3.193E-6
4.199E-6
2.048E-6
1.363E-6
2.437E-6
2.68E-6
1.721E-6
2.125E-6
9.55E-7
1.967E-6
2.805E-6
2.863E-6
1.862E-6
2.689E-6
1.105E-6
1.804E-6
2.754E-6
1.858E-6
2.807E-6
1.139E-6
1.35E-6
2.648E-6
1.049E-6
2.875E-6
4.082E-6
1.862E-6
2.906E-6
2.396E-6
1.704E-6
2.304E-6
1.065E-6
2.176E-6
3.595E-6
4.389E-6
3.561E-6
1.993E-6
1.827E-6
3.4E-6
1.537E-6
1.766E-6
2.069E-6
1.975E-6
1.647E-6
3.016E-6
2.742E-6
1.423E-6
2.589E-6
1.164E-6
1.844E-6
3.22E-6
1.612E-6
2.011E-6
2.818E-6
1.678E-6
1.992E-6
2.666E-6
1.917E-6
2.506E-6
2.384E-6
2.144E-6
3.81E-6
2.204E-6
1.968E-6
1.687E-6
2.838E-6
3.342E-6
1.162E-6
1.563E-6
2.519E-6
1.052E-6
2.982E-6
3.117E-6
1.843E-6
2.181E-6
2.189E-6
3.447E-6
2.265E-6
2.494E-6
2.165E-6
3.028E-6
2.976E-6
1.897E-6
3.486E-6
2.714E-6
1.966E-6
2.54E-6
9.37E-7
2.993E-6
2.429E-6
2.807E-6
2.998E-6
1.441E-6
2.462E-6
2.286E-6
2.992E-6
1.109E-6
1.397E-6
2.17E-6
4.451E-6
1.86E-6
1.861E-6
2.559E-6
2.416E-6
1.439E-6
2.398E-6
1.106E-6
1.437E-6
3.688E-6
3.06E-6
1.003E-6
2.079E-6
2.19E-6
1.876E-6
3.0E-6
1.517E-6
2.644E-6
1.571E-6
1.793E-6
2.119E-6
2.618E-6
4.335E-6
2.508E-6
9.61E-7
2.452E-6
1.626E-6
1.433E-6
2.842E-6
9.02E-7
3.225E-6
1.501E-6
2.237E-6
2.934E-6
9.77E-7
2.017E-6
3.082E-6
1.136E-6
2.86E-6
1.379E-6
2.078E-6
1.852E-6
2.555E-6
1.555E-6
3.434E-6
2.077E-6
1.445E-6
2.479E-6
2.8E-6
9.81E-7
1.78E-6
2.651E-6
1.29E-6
2.502E-6
9.82E-7
1.368E-6
2.211E-6
2.827E-6
1.831E-6
2.643E-6
1.546E-6
2.2E-6
3.292E-6
1.646E-6
2.065E-6
1.79E-6
2.523E-6
1.174E-6
1.803E-6
3.978E-6
2.128E-6
2.116E-6
2.027E-6
1.082E-6
1.431E-6
3.188E-6
2.061E-6
1.193E-6
1.75E-6
2.377E-6
1.779E-6
1.371E-6
2.104E-6
1.504E-6
3.046E-6
1.54E-6
1.302E-6
3.227E-6
1.695E-6
4.16E-6
2.549E-6
2.143E-6
2.557E-6
2.458E-6
4.215E-6
2.648E-6
1.114E-6
2.426E-6
2.352E-6
2.059E-6
2.23E-6
2.627E-6
1.632E-6
1.874E-6
2.272E-6
9.91E-7
1.184E-6
2.257E-6
1.732E-6
3.024E-6
1.852E-6
3.464E-6
2.168E-6
5.879E-6
5.803E-6
3.374E-6
5.149E-6
1.778E-6
2.355E-6
3.558E-6
2.629E-6
1.971E-6
2.881E-6
4.313E-6
1.608E-6
4.67E-6
1.63E-6
3.733E-6
3.933E-6
3.132E-6
6.187E-6
5.24E-6
3.434E-6
7.147E-6
1.944E-6
2.264E-6
5.119E-6
2.993E-6
4.04E-6
3.623E-6
4.003E-6
5.135E-6
2.837E-6
3.68E-6
4.828E-6
3.019E-6
4.885E-6
1.989E-6
2.725E-6
6.234E-6
4.788E-6
3.739E-6
2.923E-6
5.289E-6
2.335E-6
3.448E-6
5.854E-6
4.875E-6
3.016E-6
4.056E-6
2.414E-6
3.397E-6
5.236E-6
5.231E-6
3.583E-6
3.959E-6
1.735E-6
3.479E-6
5.446E-6
1.775E-6
2.167E-6
3.421E-6
1.711E-6
2.954E-6
5.857E-6
4.159E-6
2.419E-6
4.883E-6
5.497E-6
1.525E-6
6.274E-6
2.396E-6
5.497E-6
6.245E-6
4.349E-6
1.594E-6
4.118E-6
4.102E-6
4.874E-6
2.1E-6
2.36E-6
4.222E-6
5.396E-6
3.517E-6
3.197E-6
3.965E-6
5.744E-6
4.581E-6
5.265E-6
4.364E-6
2.19E-6
5.742E-6
2.621E-6
2.26E-6
4.295E-6
3.2E-6
5.591E-6
6.102E-6
3.321E-6
2.807E-6
4.069E-6
1.768E-6
2.341E-6
2.845E-6
1.786E-6
2.076E-6
5.066E-6
3.807E-6
3.02E-6
1.768E-6
2.199E-6
6.808E-6
1.764E-6
3.904E-6
5.308E-6
3.478E-6
5.089E-6
1.853E-6
4.186E-6
4.329E-6
3.257E-6
2.331E-6
5.52E-6
3.257E-6
2.362E-6
5.265E-6
6.046E-6
1.965E-6
4.987E-6
3.637E-6
3.011E-6
2.299E-6
3.337E-6
4.438E-6
2.847E-6
4.979E-6
4.915E-6
4.82E-6
5.86E-6
2.518E-6
2.144E-6
4.641E-6
1.499E-6
4.996E-6
4.627E-6
5.212E-6
1.862E-6
2.2E-6
3.975E-6
3.895E-6
5.329E-6
1.534E-6
5.879E-6
4.491E-6
6.329E-6
2.73E-6
4.948E-6
5.568E-6
4.014E-6
2.733E-6
2.393E-6
2.897E-6
2.157E-6
3.32E-6
3.221E-6
6.063E-6
5.933E-6
3.923E-6
4.951E-6
5.771E-6
2.652E-6
3.724E-6
1.631E-6
3.32E-6
2.743E-6
4.841E-6
4.444E-6
5.666E-6
3.189E-6
3.133E-6
4.062E-6
7.397E-6
2.644E-6
3.807E-6
1.855E-6
5.03E-6
4.294E-6
3.11E-6
4.497E-6
2.371E-6
2.232E-6
5.703E-6
3.802E-6
5.046E-6
1.882E-6
3.511E-6
4.688E-6
2.678E-6
4.719E-6
3.263E-6
2.87E-6
3.2E-6
2.451E-6
2.627E-6
2.577E-6
6.249E-6
5.454E-6
4.363E-6
2.848E-6
6.542E-6
1.946E-6
3.802E-6
6.105E-6
2.693E-6
2.362E-6
5.885E-6
3.04E-6
6.213E-6
3.029E-6
3.146E-6
2.743E-6
1.818E-6
2.888E-6
4.286E-6
2.596E-6
3.471E-6
3.428E-6
3.594E-6
3.395E-6
4.493E-6
3.07E-6
1.773E-6
5.491E-6
5.896E-6
2.413E-6
2.296E-6
3.457E-6
3.165E-6
6.52E-6
6.437E-6
4.255E-6
2.351E-6
3.437E-6
2.407E-6
3.913E-6
2.595E-6
4.202E-6
4.179E-6
2.469E-6
3.098E-6
4.437E-6
3.478E-6
5.688E-6
4.626E-6
3.672E-6
4.415E-6
1.898E-6
3.91E-6
2.548E-6
2.51E-6
4.313E-6
4.519E-6
3.432E-6
4.917E-6
1.725E-6
5.831E-6
2.362E-6
1.798E-6
2.892E-6
4.366E-6
2.343E-6
3.011E-6
4.062E-6
4.557E-6
3.983E-6
5.356E-6
2.362E-6
6.044E-6
4.622E-6
2.69E-6
5.525E-6
5.911E-6
2.438E-6
4.758E-6
4.221E-6
4.72E-6
3.129E-6
3.957E-6
2.453E-6
2.885E-6
1.977E-6
4.381E-6
2.033E-6
5.348E-6
3.167E-6
5.931E-6
2.814E-6
3.203E-6
1.861E-6
2.911E-6
5.915E-6
1.863E-6
2.278E-6
4.263E-6
5.566E-6
3.761E-6
3.207E-6
4.257E-6
2.537E-6
5.937E-6
3.715E-6
2.311E-6
5.158E-6
1.805E-6
2.925E-6
6.287E-6
3.768E-6
4.0E-6
5.331E-6
3.402E-6
2.922E-6
4.17E-6
1.742E-6
4.34E-6
5.142E-6
4.683E-6
3.105E-6
1.765E-6
4.085E-6
4.126E-6
3.548E-6
2.281E-6
3.956E-6
4.531E-6
4.105E-6
3.171E-6
3.049E-6
2.712E-6
2.517E-6
4.2E-6
3.26E-6
3.802E-6
5.845E-6
3.278E-6
2.965E-6
4.29E-6
3.848E-6
5.561E-6
2.548E-6
5.625E-6
6.782E-6
2.812E-6
3.989E-6
4.102E-6
1.917E-6
2.196E-6
5.157E-6
1.664E-6
3.581E-6
2.682E-6
3.026E-6
1.726E-6
2.972E-6
4.398E-6
1.994E-6
2.906E-6
5.431E-6
4.042E-6
3.344E-6
2.999E-6
4.094E-6
1.837E-6
3.647E-6
4.701E-6
2.824E-6
4.456E-6
2.049E-6
6.047E-6
3.171E-6
3.002E-6
6.718E-6
3.15E-6
5.286E-6
1.841E-6
2.942E-6
4.747E-6
6.342E-6
3.568E-6
5.039E-6
3.318E-6
3.29E-6
5.378E-6
3.163E-6
3.036E-6
2.829E-6
4.899E-6
2.374E-6
7.088E-6
3.215E-6
2.943E-6
1.098E-6
3.895E-6
3.753E-6
2.613E-6
1.873E-6
1.99E-6
4.309E-6
1.483E-6
2.489E-6
1.508E-6
2.122E-6
1.951E-6
1.484E-6
3.453E-6
2.731E-6
2.741E-6
3.56E-6
2.15E-6
3.096E-6
3.945E-6
1.479E-6
2.315E-6
1.667E-6
2.93E-6
3.005E-6
2.84E-6
2.257E-6
3.045E-6
1.087E-6
1.798E-6
2.796E-6
2.94E-6
2.795E-6
3.205E-6
2.836E-6
3.56E-6
2.729E-6
4.34E-6
2.08E-6
1.715E-6
1.4E-6
2.049E-6
3.029E-6
1.987E-6
1.505E-6
2.006E-6
1.712E-6
2.437E-6
1.135E-6
3.166E-6
3.711E-6
1.974E-6
1.819E-6
3.161E-6
1.693E-6
1.798E-6
2.183E-6
1.793E-6
2.363E-6
1.595E-6
2.75E-6
1.636E-6
3.806E-6
2.919E-6
1.161E-6
1.949E-6
1.982E-6
1.669E-6
1.796E-6
1.056E-6
3.146E-6
2.474E-6
3.839E-6
1.655E-6
2.656E-6
1.896E-6
1.12E-6
1.826E-6
3.648E-6
1.076E-6
1.765E-6
2.908E-6
1.324E-6
2.772E-6
2.694E-6
2.292E-6
2.582E-6
1.104E-6
3.329E-6
3.396E-6
3.89E-6
2.205E-6
3.581E-6
1.832E-6
2.943E-6
1.455E-6
2.911E-6
2.171E-6
2.952E-6
2.869E-6
2.836E-6
3.205E-6
2.107E-6
1.026E-6
3.4E-6
3.778E-6
2.242E-6
2.454E-6
4.17E-6
2.397E-6
2.442E-6
2.775E-6
2.093E-6
3.208E-6
1.891E-6
2.672E-6
1.633E-6
2.825E-6
2.31E-6
2.971E-6
1.525E-6
3.621E-6
3.069E-6
1.882E-6
1.884E-6
3.376E-6
2.69E-6
1.755E-6
3.116E-6
2.537E-6
1.492E-6
2.959E-6
1.628E-6
2.415E-6
1.521E-6
3.431E-6
2.628E-6
1.531E-6
3.399E-6
1.458E-6
2.941E-6
4.018E-6
2.925E-6
1.484E-6
2.6E-6
1.506E-6
1.914E-6
2.853E-6
1.672E-6
2.247E-6
1.093E-6
2.504E-6
1.423E-6
1.482E-6
2.165E-6
2.292E-6
2.068E-6
2.844E-6
1.571E-6
3.294E-6
3.282E-6
2.803E-6
2.247E-6
2.069E-6
2.48E-6
3.015E-6
2.15E-6
1.479E-6
1.374E-6
2.273E-6
2.491E-6
1.882E-6
3.102E-6
1.85E-6
1.191E-6
1.766E-6
3.338E-6
1.453E-6
2.09E-6
1.487E-6
2.484E-6
2.301E-6
3.679E-6
2.161E-6
1.407E-6
2.175E-6
3.184E-6
1.122E-6
2.794E-6
2.871E-6
4.164E-6
1.792E-6
2.251E-6
1.609E-6
1.535E-6
4.797E-6
2.029E-6
1.859E-6
1.524E-6
1.795E-6
3.089E-6
1.189E-6
1.819E-6
2.757E-6
1.469E-6
2.756E-6
2.846E-6
3.13E-6
2.277E-6
2.025E-6
2.171E-6
2.643E-6
1.829E-6
2.585E-6
2.035E-6
1.484E-6
2.895E-6
3.83E-6
2.022E-6
3.568E-6
2.083E-6
1.887E-6
2.633E-6
1.633E-6
2.47E-6
2.011E-6
2.567E-6
2.316E-6
3.209E-6
1.838E-6
2.479E-6
1.047E-6
3.129E-6
1.814E-6
2.967E-6
2.752E-6
1.013E-6
2.152E-6
1.975E-6
1.513E-6
3.277E-6
1.962E-6
1.979E-6
2.901E-6
1.172E-6
1.871E-6
2.806E-6
2.952E-6
5.293E-6
2.381E-6
4.959E-6
1.722E-6
3.875E-6
5.134E-6
3.161E-6
3.813E-6
2.634E-6
8.538E-6
2.258E-6
5.354E-6
1.959E-6
2.122E-6
5.921E-6
2.975E-6
3.961E-6
1.678E-6
4.71E-6
4.58E-6
2.629E-6
7.968E-6
6.001E-6
5.335E-6
2.81E-6
5.07E-6
2.897E-6
3.888E-6
1.657E-6
3.982E-6
1.777E-6
3.158E-6
3.977E-6
3.692E-6
5.868E-6
2.229E-6
3.211E-6
3.37E-6
3.889E-6
1.893E-6
4.454E-6
2.85E-6
4.005E-6
3.552E-6
3.876E-6
2.001E-6
3.434E-6
7.351E-6
6.267E-6
3.977E-6
2.926E-6
5.706E-6
3.991E-6
5.669E-6
4.09E-6
5.066E-6
3.63E-6
4.857E-6
4.669E-6
2.541E-6
4.787E-6
2.875E-6
4.553E-6
3.313E-6
3.245E-6
3.975E-6
4.344E-6
1.978E-6
2.988E-6
3.088E-6
4.942E-6
3.188E-6
5.06E-6
4.819E-6
2.019E-6
5.273E-6
4.99E-6
3.95E-6
2.66E-6
4.65E-6
2.953E-6
5.003E-6
3.729E-6
5.471E-6
2.85E-6
5.386E-6
3.4E-6
5.123E-6
2.409E-6
2.561E-6
4.244E-6
6.113E-6
2.795E-6
4.746E-6
2.98E-6
2.48E-6
5.973E-6
2.14E-6
6.055E-6
5.259E-6
3.528E-6
6.491E-6
3.597E-6
6.385E-6
1.728E-6
3.732E-6
3.567E-6
5.092E-6
5.608E-6
1.868E-6
5.446E-6
2.944E-6
3.701E-6
3.443E-6
5.248E-6
4.507E-6
4.878E-6
2.626E-6
2.84E-6
7.712E-6
3.639E-6
5.604E-6
5.124E-6
7.488E-6
3.775E-6
3.342E-6
5.496E-6
4.653E-6
1.803E-6
4.773E-6
5.562E-6
4.944E-6
4.877E-6
2.318E-6
3.598E-6
1.969E-6
5.542E-6
3.239E-6
4.68E-6
6.113E-6
4.609E-6
3.076E-6
2.975E-6
5.755E-6
2.181E-6
2.801E-6
3.217E-6
1.147E-6
2.49E-6
4.099E-6
2.175E-6
2.668E-6
2.721E-6
2.701E-6
3.66E-6
3.259E-6
1.921E-6
3.124E-6
3.841E-6
1.82E-6
3.445E-6
2.731E-6
2.907E-6
3.839E-6
4.685E-6
6.129E-6
2.366E-6
5.427E-6
5.454E-6
2.975E-6
6.189E-6
1.826E-6
4.218E-6
1.587E-6
6.712E-6
2.866E-6
3.3E-6
4.102E-6
2.097E-6
4.53E-6
1.725E-6
4.886E-6
3.595E-6
4.857E-6
4.088E-6
4.58E-6
4.808E-6
4.781E-6
5.495E-6
2.678E-6
4.997E-6
3.41E-6
3.431E-6
5.68E-6
3.772E-6
3.434E-6
3.146E-6
4.33E-6
2.313E-6
7.729E-6
2.711E-6
5.893E-6
5.066E-6
2.572E-6
5.618E-6
4.788E-6
2.817E-6
4.612E-6
2.549E-6
6.339E-6
6.203E-6
3.096E-6
4.213E-6
3.436E-6
3.914E-6
4.566E-6
7.58E-6
3.785E-6
5.008E-6
3.493E-6
4.527E-6
4.604E-6
3.672E-6
4.597E-6
4.615E-6
2.856E-6
3.819E-6
2.904E-6
3.892E-6
3.63E-6
1.0675E-5
2.843E-6
2.007E-6
4.341E-6
5.721E-6
2.104E-6
3.081E-6
5.247E-6
3.041E-6
4.881E-6
2.939E-6
5.517E-6
3.722E-6
5.222E-6
7.752E-6
3.727E-6
7.384E-6
6.036E-6
3.063E-6
6.008E-6
2.737E-6
3.652E-6
2.732E-6
2.934E-6
1.988E-6
2.629E-6
4.956E-6
1.723E-6
3.969E-6
2.705E-6
2.471E-6
4.668E-6
3.228E-6
7.153E-6
2.611E-6
3.864E-6
4.574E-6
2.493E-6
5.959E-6
3.232E-6
5.277E-6
1.717E-6
3.502E-6
5.847E-6
5.822E-6
5.947E-6
5.415E-6
3.152E-6
2.983E-6
3.645E-6
1.8E-6
7.383E-6
4.615E-6
3.794E-6
6.463E-6
3.433E-6
2.605E-6
8.481E-6
3.321E-6
3.429E-6
3.607E-6
7.236E-6
8.02E-6
4.365E-6
3.502E-6
2.642E-6
3.704E-6
5.393E-6
4.875E-6
3.754E-6
4.448E-6
5.082E-6
2.402E-6
4.43E-6
2.967E-6
2.884E-6
3.104E-6
7.158E-6
3.556E-6
4.832E-6
5.252E-6
5.157E-6
4.591E-6
3.371E-6
2.486E-6
6.358E-6
3.575E-6
2.605E-6
4.504E-6
2.943E-6
4.878E-6
3.159E-6
5.0E-6
7.893E-6
6.745E-6
5.623E-6
6.668E-6
3.615E-6
4.656E-6
5.718E-6
3.024E-6
5.158E-6
1.898E-6
2.245E-6
4.594E-6
6.008E-6
1.786E-6
7.248E-6
2.801E-6
6.387E-6
4.728E-6
2.692E-6
2.45E-6
3.861E-6
4.207E-6
1.646E-6
6.291E-6
1.803E-6
4.011E-6
3.215E-6
6.128E-6
6.484E-6
4.329E-6
2.813E-6
2.481E-6
4.539E-6
5.273E-6
5.517E-6
4.866E-6
1.494E-6
3.339E-6
6.209E-6
2.178E-6
4.857E-6
3.192E-6
3.43E-6
6.455E-6
5.533E-6
5.477E-6
1.858E-6
4.808E-6
5.194E-6
4.839E-6
2.525E-6
6.636E-6
5.81E-6
5.246E-6
6.54E-6
3.049E-6
5.965E-6
3.403E-6
2.584E-6
7.933E-6
2.065E-6
2.816E-6
3.962E-6
1.71E-6
6.671E-6
3.113E-6
5.798E-6
3.747E-6
2.409E-6
5.225E-6
5.063E-6
3.002E-6
5.201E-6
1.803E-6
2.842E-6
4.493E-6
2.811E-6
6.979E-6
4.174E-6
2.392E-6
4.954E-6
3.249E-6
4.253E-6
4.499E-6
5.105E-6
3.818E-6
4.235E-6
3.907E-6
5.543E-6
4.793E-6
1.779E-6
3.689E-6
5.034E-6
3.621E-6
5.994E-6
5.884E-6
4.547E-6
1.917E-6
5.388E-6
3.94E-6
5.631E-6
2.47E-6
4.363E-6
2.829E-6
6.495E-6
3.72E-6
1.76E-6
3.912E-6
6.397E-6
1.807E-6
5.222E-6
7.069E-6
4.679E-6
2.312E-6
3.521E-6
2.614E-6
3.049E-6
6.636E-6
3.694E-6
6.694E-6
3.008E-6
3.348E-6
5.548E-6
3.152E-6
4.835E-6
3.399E-6
4.951E-6
4.294E-6
4.9E-6
6.034E-6
1.636E-6
2.652E-6
2.721E-6
4.897E-6
3.476E-6
5.642E-6
1.857E-6
4.588E-6
5.128E-6
4.02E-6
2.752E-6
4.374E-6
2.292E-6
5.095E-6
4.146E-6
5.323E-6
5.916E-6
3.024E-6
3.318E-6
5.047E-6
6.023E-6
3.501E-6
6.418E-6
3.515E-6
5.923E-6
5.881E-6
6.6458E-5
4.435E-6
3.374E-6
4.803E-6
4.637E-6
3.268E-6
6.737E-6
3.723E-6
3.297E-6
4.586E-6
1.9E-6
4.959E-6
4.677E-6
3.428E-6
1.791E-6
3.032E-6
4.888E-6
1.951E-6
2.926E-6
6.033E-6
6.442E-6
5.976E-6
4.544E-6
4.861E-6
3.721E-6
3.33E-6
5.792E-6
4.69E-6
2.256E-6
4.153E-6
7.665E-6
6.132E-6
4.046E-6
4.121E-6
3.745E-6
5.024E-6
2.892E-6
6.82E-6
3.128E-6
4.522E-6
3.841E-6
4.528E-6
3.033E-6
5.563E-6
5.503E-6
6.452E-6
6.669E-6
3.93E-6
4.092E-6
2.843E-6
5.089E-6
3.677E-6
3.945E-6
8.539E-6
2.215E-6
3.386E-6
5.088E-6
3.124E-6
3.002E-6
5.702E-6
3.182E-6
5.148E-6
3.754E-6
2.947E-6
3.335E-6
5.211E-6
2.957E-6
8.018E-6
2.697E-6
6.275E-6
2.063E-6
4.979E-6
2.267E-6
5.515E-6
1.95E-6
4.022E-6
5.616E-6
2.145E-6
5.062E-6
2.779E-6
4.816E-6
4.713E-6
6.569E-6
4.39E-6
2.797E-6
6.278E-6
2.403E-6
7.702E-6
3.983E-6
2.545E-6
4.054E-6
6.611E-6
5.585E-6
2.848E-6
6.828E-6
6.399E-6
2.323E-6
3.575E-6
4.896E-6
2.029E-6
2.427E-6
6.167E-6
2.878E-6
4.346E-6
6.25E-6
1.921E-6
2.548E-6
3.105E-6
6.227E-6
2.981E-6
4.341E-6
3.999E-6
4.568E-6
2.995E-6
5.851E-6
2.034E-6
6.114E-6
5.217E-6
3.693E-6
1.998E-6
2.656E-6
2.764E-6
3.733E-6
5.648E-6
5.925E-6
2.561E-6
2.71E-6
2.474E-6
7.419E-6
2.071E-6
4.095E-6
5.121E-6
2.929E-6
4.755E-6
3.073E-6
3.875E-6
2.002E-6
2.694E-6
3.061E-6
1.955E-6
6.404E-6
7.013E-6
4.463E-6
3.518E-6
6.234E-6
3.093E-6
2.464E-6
3.594E-6
3.755E-6
2.517E-6
2.198E-6
4.455E-6
3.277E-6
3.137E-6
5.882E-6
3.271E-6
4.706E-6
2.658E-6
4.954E-6
3.007E-6
5.332E-6
4.003E-6
4.492E-6
5.108E-6
4.187E-6
5.533E-6
6.19E-6
4.212E-6
2.59E-6
5.244E-6
3.974E-6
3.374E-6
3.053E-6
5.026E-6
1.775E-6
3.158E-6
3.09E-6
3.516E-6
3.847E-6
8.837E-6
4.927E-6
3.167E-6
2.997E-6
4.332E-6
1.927E-6
2.636E-6
6.083E-6
2.779E-6
1.883E-6
2.432E-6
5.87E-6
5.64E-6
3.933E-6
1.803E-6
3.793E-6
5.684E-6
3.065E-6
3.286E-6
4.008E-6
1.378E-5
3.7E-6
1.3793E-5
1.302E-5
3.706E-6
3.674E-6
1.5193E-5
2.2377E-5
2.915E-6
4.411E-6
5.935E-6
3.022E-6
5.141E-6
5.432E-6
5.548E-6
2.418E-6
7.197E-6
2.422E-6
5.715E-6
2.77E-6
1.449E-5
5.714E-6
5.811E-6
6.2E-6
2.505E-6
4.89E-6
3.604E-6
6.945E-6
3.068E-6
1.3397E-5
3.181E-6
2.161E-6
4.609E-6
1.915E-6
5.252E-6
4.55E-6
7.306E-6
3.24E-6
7.527E-6
5.195E-6
4.786E-6
3.822E-6
3.279E-6
3.478E-6
3.289E-6
2.606E-6
6.614E-6
4.414E-6
4.628E-6
2.584E-6
7.097E-6
4.001E-6
4.302E-6
2.403E-6
6.685E-6
2.935E-6
5.275E-6
7.29E-6
3.606E-6
4.222E-6
6.415E-6
6.376E-6
1.697E-6
4.306E-6
5.263E-6
2.132E-6
6.576E-6
1.994E-6
5.279E-6
5.17E-6
2.551E-6
7.912E-6
7.103E-6
3.421E-6
5.179E-6
1.888E-6
2.277E-6
4.04E-6
4.019E-6
4.844E-6
1.98E-6
2.822E-6
6.139E-6
3.328E-6
5.186E-6
8.808E-6
3.722E-6
5.426E-6
3.834E-6
2.684E-6
4.294E-6
4.919E-6
4.771E-6
7.117E-6
3.571E-6
8.62E-6
1.83E-6
5.791E-6
1.923E-6
5.974E-6
4.68E-6
3.916E-6
4.253E-6
5.353E-6
6.087E-6
2.723E-6
4.618E-6
6.968E-6
1.894E-6
3.502E-6
4.571E-6
6.191E-6
4.602E-6
4.473E-6
6.126E-6
2.342E-6
2.79E-6
3.288E-6
5.428E-6
5.49E-6
4.89E-6
4.439E-6
4.893E-6
4.736E-6
5.428E-6
2.679E-6
7.364E-6
3.47E-6
5.187E-6
4.643E-6
2.069E-6
6.209E-6
5.493E-6
4.513E-6
2.642E-6
2.382E-6
4.014E-6
4.801E-6
7.437E-6
2.706E-6
5.03E-6
2.529E-6
7.508E-6
4.409E-6
3.379E-6
6.685E-6
7.992E-6
3.327E-6
1.928E-6
2.999E-6
5.263E-6
5.548E-6
4.521E-6
6.303E-6
3.99E-6
2.223E-6
3.732E-6
4.629E-6
3.519E-6
4.231E-6
3.554E-6
2.937E-6
2.458E-6
4.06E-6
4.666E-6
2.776E-6
6.275E-6
6.603E-6
1.8323E-5
2.99E-6
4.699E-6
2.574E-6
4.752E-6
4.571E-6
1.693E-6
4.342E-6
5.981E-6
4.102E-6
5.505E-6
7.849E-6
6.368E-6
3.065E-6
4.186E-6
7.149E-6
4.256E-6
3.299E-6
5.689E-6
2.862E-6
5.911E-6
3.964E-6
1.5447E-5
1.3981E-5
3.617E-6
3.131E-6
3.87E-6
1.2815E-5
2.755E-6
4.644E-6
2.782E-6
3.363E-6
6.329E-6
2.317E-6
3.719E-6
3.199E-6
7.167E-6
7.397E-6
5.682E-6
3.318E-6
5.316E-6
2.128E-6
3.21E-6
3.321E-6
4.07E-6
5.119E-6
5.538E-6
5.905E-6
2.751E-6
4.037E-6
5.85E-6
6.73E-6
1.963E-6
4.156E-6
1.711E-6
4.501E-6
4.758E-6
1.855E-6
4.395E-6
3.543E-6
6.391E-6
2.73E-6
4.539E-6
5.186E-6
3.524E-6
4.513E-6
3.766E-6
3.603E-6
5.533E-6
1.848E-6
5.966E-6
2.879E-6
4.006E-6
4.197E-6
2.021E-6
3.322E-6
6.17E-6
2.06E-6
2.806E-6
4.79E-6
2.534E-6
2.642E-6
5.135E-6
2.69E-6
4.314E-6
4.033E-6
4.717E-6
3.997E-6
5.978E-6
2.14E-6
2.436E-6
3.987E-6
4.817E-6
2.041E-6
3.283E-6
6.472E-6
4.145E-6
1.957E-6
5.239E-6
5.318E-6
2.968E-6
5.516E-6
5.396E-6
4.41E-6
3.086E-6
2.686E-6
4.491E-6
3.761E-6
4.887E-6
1.937E-6
4.357E-6
6.639E-6
3.453E-6
4.088E-6
2.886E-6
4.413E-6
3.461E-6
4.276E-6
3.852E-6
5.249E-6
5.44E-6
4.949E-6
2.848E-6
5.241E-6
7.498E-6
2.972E-6
3.891E-6
3.251E-6
6.165E-6
2.379E-6
2.626E-6
7.127E-6
5.546E-6
3.591E-6
3.351E-6
4.204E-6
5.189E-6
5.014E-6
1.99E-6
2.554E-6
6.714E-6
4.688E-6
4.009E-6
3.16E-6
7.932E-6
6.885E-6
5.018E-6
8.32E-6
2.93E-6
3.698E-6
4.904E-6
5.187E-6
3.434E-6
3.571E-6
4.592E-6
7.755E-6
3.401E-6
3.282E-6
4.064E-6
3.387E-6
9.103E-6
3.647E-6
2.514E-6
5.649E-6
5.327E-6
2.392E-6
3.123E-6
4.932E-6
4.605E-6
2.222E-6
5.103E-6
5.583E-6
7.105E-6
2.76E-6
4.657E-6
6.507E-6
3.463E-6
5.889E-6
4.13E-6
6.752E-6
3.037E-6
6.782E-6
3.719E-6
2.575E-6
3.845E-6
4.65E-6
2.228E-6
4.217E-6
6.026E-6
6.354E-6
3.407E-6
2.972E-6
7.178E-6
4.463E-6
3.825E-6
5.174E-6
6.13E-6
1.841E-6
4.951E-6
3.002E-6
4.054E-6
2.764E-6
4.926E-6
2.7E-6
5.62E-6
3.726E-6
3.646E-6
4.675E-6
1.889E-6
5.882E-6
5.815E-6
6.382E-6
2.115E-6
2.549E-6
4.587E-6
4.394E-6
3.496E-6
6.772E-6
2.101E-6
4.24E-6
8.624E-6
3.575E-6
5.265E-6
3.586E-6
3.413E-6
6.29E-6
4.303E-6
3.202E-6
4.747E-6
5.143E-6
2.785E-6
6.83E-6
5.677E-6
3.554E-6
3.066E-6
4.19E-6
2.108E-6
2.506E-6
3.958E-6
2.78E-6
2.868E-6
6.412E-6
4.982E-6
3.616E-6
4.944E-6
3.505E-6
5.706E-6
5.694E-6
3.175E-6
4.094E-6
3.016E-6
4.346E-6
4.351E-6
4.479E-6
5.851E-6
2.084E-6
7.268E-6
3.402E-6
5.491E-6
3.517E-6
4.897E-6
6.496E-6
2.999E-6
3.632E-6
4.725E-6
2.332E-6
4.622E-6
5.693E-6
4.401E-6
2.834E-6
3.45E-6
3.996E-6
6.417E-6
3.584E-6
3.112E-6
5.648E-6
2.098E-6
3.004E-6
8.069E-6
4.357E-6
2.964E-6
5.438E-6
5.435E-6
5.761E-6
2.245E-6
3.873E-6
4.009E-6
1.882E-6
3.362E-6
2.819E-6
4.242E-6
4.98E-6
3.644E-6
4.514E-6
1.973E-6
3.835E-6
5.075E-6
5.845E-6
6.136E-6
5.034E-6
2.549E-6
4.201E-6
1.901E-6
7.895E-6
6.031E-6
5.455E-6
2.759E-6
6.223E-6
3.224E-6
3.47E-6
3.039E-6
1.0957E-5
2.014E-6
4.429E-6
5.772E-6
4.91E-6
4.656E-6
3.926E-6
1.955E-6
4.435E-6
5.327E-6
2.608E-6
4.397E-6
4.978E-6
3.506E-6
3.294E-6
4.222E-6
4.338E-6
2.692E-6
5.152E-6
4.931E-6
2.055E-6
2.874E-6
2.459E-6
4.45E-6
4.923E-6
2.86E-6
5.846E-6
2.13E-6
5.961E-6
4.979E-6
7.796E-6
4.719E-6
4.681E-6
3.012E-6
3.602E-6
6.166E-6
2.097E-6
6.707E-6
3.943E-6
4.806E-6
4.489E-6
5.057E-6
3.289E-6
2.713E-6
4.512E-6
6.25E-6
2.816E-6
4.249E-6
6.958E-6
2.675E-6
3.424E-6
3.606E-6
4.42E-6
5.654E-6
5.919E-6
4.257E-6
3.691E-6
2.343E-6
2.759E-6
3.056E-6
2.281E-6
6.09E-6
1.758E-6
3.933E-6
3.05E-6
5.429E-6
8.22E-6
2.784E-6
4.893E-6
2.748E-6
4.275E-6
4.354E-6
2.837E-6
5.405E-6
2.983E-6
5.291E-6
2.847E-6
4.222E-6
1.93E-6
8.43E-6
3.168E-6
3.3E-6
4.748E-6
3.181E-6
2.647E-6
5.62E-6
6.192E-6
2.6E-6
6.48E-6
8.196E-6
2.108E-6
2.743E-6
5.33E-6
3.347E-6
2.67E-6
6.577E-6
2.298E-6
3.014E-6
4.421E-6
7.561E-6
4.178E-6
7.252E-6
3.531E-6
5.187E-6
2.871E-6
2.522E-6
4.645E-6
2.117E-6
3.781E-6
6.507E-6
4.142E-6
6.257E-6
7.104E-6
2.881E-6
3.891E-6
1.0177E-5
2.83E-6
4.096E-6
2.713E-6
6.983E-6
5.451E-6
5.352E-6
4.414E-6
6.533E-6
3.778E-6
2.997E-6
4.11E-6
4.41E-6
1.816E-6
3.232E-6
4.128E-6
4.416E-6
3.355E-6
3.151E-6
5.952E-6
2.866E-6
4.834E-6
2.084E-6
2.494E-6
5.206E-6
3.173E-6
3.822E-6
6.152E-6
2.276E-6
8.784E-6
3.204E-6
6.036E-6
5.412E-6
7.017E-6
4.395E-6
3.038E-6
3.455E-6
3.558E-6
5.509E-6
2.305E-6
2.417E-6
7.698E-6
4.283E-6
2.936E-6
5.067E-6
3.967E-6
5.891E-6
1.818E-6
2.728E-6
3.663E-6
3.137E-6
3.809E-6
7.48E-6
3.45E-6
7.052E-6
1.964E-6
2.615E-6
2.728E-6
8.085E-6
3.33E-6
2.92E-6
3.495E-6
2.823E-6
5.73E-6
3.927E-6
2.514E-6
2.838E-6
6.467E-6
5.374E-6
2.191E-6
3.331E-6
8.984E-6
1.9318E-5
6.529E-6
2.665E-6
3.305E-6
2.092E-6
2.528E-6
3.798E-6
6.229E-6
4.265E-6
5.865E-6
3.448E-6
4.398E-6
8.418E-6
2.072E-6
3.953E-6
5.158E-6
4.446E-6
7.6557E-5
9.8367E-5
5.655E-6
2.6149E-5
4.613E-6
5.07E-6
2.711E-6
4.672E-6
5.2E-6
4.549E-6
6.211E-6
2.533E-6
5.909E-6
3.105E-6
5.098E-6
4.043E-6
2.891E-6
2.29E-6
6.755E-6
5.362E-6
7.003E-6
3.259E-6
6.458E-6
2.945E-6
3.351E-6
5.083E-6
2.651E-6
6.304E-6
4.71E-6
5.599E-6
6.636E-6
3.551E-6
3.023E-6
5.132E-6
2.972E-6
6.501E-6
2.788E-6
4.564E-6
5.467E-6
1.833E-6
6.996E-6
1.726E-6
6.774E-6
3.01E-6
4.308E-6
3.459E-6
2.969E-6
4.602E-6
6.263E-6
5.033E-6
3.769E-6
6.725E-6
6.282E-6
6.507E-6
2.585E-6
3.046E-6
4.949E-6
3.393E-6
5.433E-6
3.935E-6
6.089E-6
3.538E-6
6.45E-6
4.031E-6
4.762E-6
1.787E-6
2.457E-6
5.016E-6
3.811E-6
4.395E-6
2.364E-6
4.885E-6
4.166E-6
3.683E-6
2.712E-6
7.236E-6
5.738E-6
1.856E-6
5.069E-6
3.22E-6
3.377E-6
5.159E-6
5.45E-6
3.148E-6
5.657E-6
2.961E-6
4.649E-6
3.577E-6
2.0054E-5
5.098E-6
3.237E-6
2.616E-6
5.404E-6
2.107E-6
6.697E-6
1.864E-6
3.628E-6
2.097E-6
1.2612E-5
3.245E-6
7.547E-6
3.151E-6
3.808E-6
5.97E-6
2.552E-6
5.961E-6
3.709E-6
3.116E-6
5.629E-6
4.199E-6
6.848E-6
2.59E-6
3.82E-6
2.556E-6
2.447E-6
3.032E-6
5.276E-6
3.004E-6
4.124E-6
1.747E-6
2.399E-6
5.27E-6
5.044E-6
6.263E-6
3.658E-6
3.582E-6
4.486E-6
4.066E-6
4.119E-6
4.175E-6
4.252E-6
4.486E-6
1.721E-6
3.672E-6
4.583E-6
4.756E-6
2.736E-6
6.471E-6
4.167E-6
5.616E-6
4.809E-6
3.55E-6
3.084E-6
4.434E-6
2.8E-6
4.472E-6
3.909E-6
4.78E-6
4.716E-6
3.209E-6
2.723E-6
6.462E-6
2.949E-6
4.589E-6
1.904E-6
6.645E-6
3.865E-6
5.249E-6
1.598E-6
6.444E-6
2.843E-6
3.089E-6
2.267E-6
5.229E-6
1.525E-6
4.756E-6
2.408E-6
2.07E-6
5.106E-6
2.955E-6
4.012E-6
5.743E-6
3.099E-6
3.348E-6
4.67E-6
4.781E-6
1.795E-6
2.889E-6
2.509E-6
3.231E-6
6.577E-6
3.868E-6
3.481E-6
4.093E-6
5.344E-6
2.76E-6
6.245E-6
2.361E-6
4.951E-6
4.464E-6
5.53E-6
1.612E-6
5.384E-6
2.782E-6
2.43E-6
4.469E-6
2.617E-6
4.491E-6
2.843E-6
4.551E-6
2.593E-6
3.076E-6
2.285E-6
2.801E-6
5.319E-6
5.04E-6
5.288E-6
2.766E-6
2.826E-6
5.424E-6
2.731E-6
4.503E-6
2.979E-6
2.823E-6
4.551E-6
2.367E-6
4.378E-6
4.916E-6
3.203E-6
3.929E-6
6.019E-6
2.731E-6
5.64E-6
4.146E-6
1.806E-6
6.765E-6
5.627E-6
2.446E-6
3.089E-6
4.377E-6
4.089E-6
2.654E-6
6.014E-6
2.33E-6
2.561E-6
3.741E-6
4.734E-6
5.703E-6
3.76E-6
6.072E-6
2.619E-6
5.548E-6
2.764E-6
7.047E-6
3.962E-6
5.721E-6
3.257E-6
5.942E-6
3.43E-6
3.063E-6
4.523E-6
2.95E-6
2.755E-6
4.965E-6
5.315E-6
3.277E-6
4.23E-6
3.052E-6
5.927E-6
3.547E-6
2.453E-6
4.942E-6
4.123E-6
4.294E-6
4.661E-6
6.371E-6
3.443E-6
2.022E-6
4.308E-6
5.317E-6
2.37E-6
6.419E-6
2.901E-6
3.904E-6
1.621E-6
4.315E-6
2.664E-6
3.95E-6
6.66E-6
2.536E-6
4.015E-6
3.157E-6
4.498E-6
2.976E-6
4.622E-6
1.757E-6
3.19E-6
5.523E-6
2.455E-6
3.079E-6
4.028E-6
5.202E-6
2.945E-6
3.704E-6
1.504E-6
2.408E-6
3.582E-6
3.271E-6
3.108E-6
4.372E-6
4.889E-6
2.304E-6
4.542E-6
4.965E-6
5.919E-6
4.287E-6
5.466E-6
2.905E-6
4.028E-6
3.167E-6
2.982E-6
4.415E-6
1.552E-6
2.736E-6
6.435E-6
2.339E-6
2.97E-6
4.845E-6
4.034E-6
3.018E-6
2.883E-6
3.716E-6
1.784E-6
4.602E-6
2.413E-6
5.724E-6
4.06E-6
2.271E-6
2.09E-6
5.977E-6
3.728E-6
4.28E-6
3.778E-6
4.441E-6
2.206E-6
4.73E-6
4.116E-6
5.817E-6
1.893E-6
6.212E-6
2.526E-6
2.595E-6
2.849E-6
6.126E-6
3.568E-6
5.587E-6
3.004E-6
4.445E-6
7.639E-6
2.41E-6
6.647E-6
2.654E-6
3.809E-6
6.605E-6
1.525E-6
7.081E-6
5.939E-6
5.258E-6
3.892E-6
2.369E-6
6.201E-6
2.752E-6
5.433E-6
5.123E-6
3.425E-6
6.76E-6
3.352E-6
6.041E-6
1.41E-6
2.91E-6
5.98E-6
6.282E-6
7.792E-6
3.242E-6
3.107E-6
3.694E-6
5.445E-6
3.98E-6
6.532E-6
2.9E-6
6.484E-6
7.719E-6
1.566E-6
2.823E-6
3.15E-6
2.838E-6
4.804E-6
1.993E-6
6.011E-6
1.957E-6
2.433E-6
4.967E-6
1.559E-6
1.748E-6
5.944E-6
3.509E-6
5.041E-6
2.637E-6
3.738E-6
5.131E-6
2.904E-6
2.484E-6
6.098E-6
6.552E-6
2.81E-6
5.183E-6
1.3511E-5
4.887E-6
4.795E-6
6.083E-6
1.921E-6
3.446E-6
5.886E-6
3.46E-6
2.845E-6
5.939E-6
4.273E-6
1.981E-6
3.482E-6
6.695E-6
3.586E-6
5.706E-6
2.519E-6
4.802E-6
6.253E-6
4.252E-6
1.71E-6
5.764E-6
3.297E-6
5.414E-6
3.925E-6
1.924E-6
5.805E-6
2.831E-6
2.857E-6
5.358E-6
3.086E-6
3.197E-6
3.799E-6
3.51E-6
2.629E-6
5.181E-6
5.035E-6
3.032E-6
5.767E-6
2.71E-6
4.245E-6
2.302E-6
5.198E-6
5.474E-6
3.05E-6
2.697E-6
3.587E-6
3.943E-6
5.552E-6
2.64E-6
7.043E-6
2.391E-6
3.135E-6
5.364E-6
5.341E-6
2.587E-6
4.559E-6
2.386E-6
5.102E-6
7.599E-6
2.005E-6
5.42E-6
4.387E-6
2.479E-6
4.974E-6
1.845E-6
5.684E-6
3.203E-6
2.891E-6
6.616E-6
1.73E-6
4.49E-6
4.638E-6
7.877E-6
4.345E-6
2.315E-6
2.365E-6
6.133E-6
1.878E-6
3.824E-6
1.51E-6
5.479E-6
1.79E-6
2.216E-6
8.003E-6
5.293E-6
5.382E-6
3.864E-6
3.755E-6
4.374E-6
4.502E-6
4.588E-6
4.84E-6
3.982E-6
3.991E-6
3.062E-6
3.271E-6
2.905E-6
4.63E-6
2.545E-6
3.28E-6
3.71E-6
3.171E-6
4.406E-6
2.537E-6
2.192E-6
6.788E-6
3.75E-6
3.418E-6
2.6E-6
5.724E-6
2.932E-6
4.152E-6
4.651E-6
2.65E-6
5.3E-6
2.686E-6
2.971E-6
4.169E-6
6.113E-6
3.299E-6
2.845E-6
5.452E-6
3.253E-6
4.257E-6
5.801E-6
3.904E-6
2.47E-6
2.91E-6
5.653E-6
4.642E-6
2.666E-6
3.012E-6
4.584E-6
3.919E-6
6.429E-6
4.015E-6
2.47E-6
5.597E-6
5.344E-6
2.707E-6
2.903E-6
4.894E-6
4.552E-6
3.146E-6
2.361E-6
4.479E-6
3.279E-6
3.896E-6
4.383E-6
3.423E-6
5.656E-6
2.692E-6
2.482E-6
4.343E-6
2.985E-6
5.398E-6
2.488E-6
3.874E-6
6.462E-6
1.52E-6
3.364E-6
3.887E-6
6.573E-6
3.008E-6
4.765E-6
2.928E-6
5.527E-6
2.531E-6
5.352E-6
2.893E-6
3.338E-6
3.117E-6
4.895E-6
6.607E-6
2.482E-6
5.876E-6
3.088E-6
2.819E-6
4.65E-6
3.0E-6
3.944E-6
3.972E-6
5.854E-6
2.266E-6
4.814E-6
2.577E-6
6.222E-6
3.013E-6
7.054E-6
2.927E-6
4.746E-6
3.036E-6
5.765E-6
2.789E-6
4.752E-6
5.195E-6
2.548E-6
3.472E-6
4.241E-6
3.213E-6
7.039E-6
3.467E-6
5.045E-6
3.216E-6
2.053E-6
6.273E-6
1.727E-6
3.973E-6
2.628E-6
4.69E-6
2.502E-6
4.843E-6
3.389E-6
4.529E-6
5.077E-6
2.911E-6
5.876E-6
1.837E-6
5.731E-6
7.161E-6
4.501E-6
6.522E-6
4.663E-6
3.252E-6
2.983E-6
3.409E-6
2.816E-6
1.606E-6
3.163E-6
6.543E-6
3.519E-6
1.696E-6
6.281E-6
2.957E-6
3.725E-6
5.991E-6
4.692E-6
2.983E-6
5.182E-6
4.613E-6
4.54E-6
2.622E-6
5.171E-6
5.652E-6
3.561E-6
3.984E-6
1.782E-6
4.838E-6
1.841E-6
4.324E-6
3.297E-6
4.281E-6
2.528E-6
6.748E-6
4.962E-6
2.929E-6
4.558E-6
4.394E-6
3.332E-6
2.595E-6
2.743E-6
5.131E-6
5.326E-6
6.278E-6
1.859E-6
2.52E-6
2.501E-6
2.932E-6
4.745E-6
3.809E-6
4.083E-6
5.392E-6
5.789E-6
3.305E-6
6.219E-6
3.229E-6
5.541E-6
2.755E-6
3.284E-6
3.525E-6
3.011E-6
3.917E-6
5.573E-6
2.016E-6
3.587E-6
1.556E-6
5.503E-6
4.75E-6
3.133E-6
2.901E-6
2.726E-6
5.69E-6
2.907E-6
5.628E-6
5.658E-6
2.954E-6
4.537E-6
4.788E-6
4.505E-6
1.952E-6
2.976E-6
5.649E-6
2.581E-6
3.123E-6
2.271E-6
2.509E-6
2.403E-6
2.357E-6
3.555E-6
5.7E-6
4.864E-6
5.291E-6
5.797E-6
3.935E-6
2.838E-6
5.026E-6
6.15E-6
2.529E-6
2.961E-6
4.151E-6
5.019E-6
6.444E-6
4.113E-6
2.841E-6
2.411E-6
2.42E-6
3.322E-6
2.366E-6
3.046E-6
3.675E-6
2.675E-6
4.097E-6
5.353E-6
5.3E-6
1.633E-6
6.178E-6
3.327E-6
2.47E-6
2.893E-6
5.204E-6
3.481E-6
2.923E-6
4.389E-6
4.923E-6
3.086E-6
4.383E-6
3.197E-6
2.958E-6
4.085E-6
4.167E-6
6.805E-6
5.298E-6
2.526E-6
2.199E-6
6.226E-6
2.966E-6
4.369E-6
1.741E-6
2.731E-6
4.499E-6
3.313E-6
4.269E-6
2.874E-6
3.989E-6
5.863E-6
8.15E-6
2.832E-6
3.813E-6
2.418E-6
2.875E-6
4.199E-6
4.798E-6
2.5E-6
3.206E-6
1.692E-6
1.14993E-4
2.765E-6
5.319E-6
4.292E-6
2.77E-6
4.862E-6
2.467E-6
4.291E-6
2.414E-6
6.23E-6
4.214E-6
3.286E-6
5.418E-6
4.743E-6
4.179E-6
5.582E-6
3.821E-6
4.313E-6
4.249E-6
1.696E-6
5.324E-6
3.974E-6
4.887E-6
3.494E-6
4.928E-6
2.48E-6
5.71E-6
5.548E-6
1.6E-6
6.25E-6
2.933E-6
3.068E-6
4.245E-6
2.865E-6
4.1E-6
3.362E-6
7.401E-6
4.814E-6
3.865E-6
4.614E-6
4.631E-6
3.818E-6
2.427E-6
4.172E-6
3.194E-6
3.013E-6
4.412E-6
1.854E-6
3.744E-6
5.613E-6
5.361E-6
1.78E-6
3.363E-6
3.602E-6
3.379E-6
4.087E-6
3.061E-6
4.801E-6
3.305E-6
3.616E-6
4.26E-6
3.14E-6
5.652E-6
6.499E-6
1.955E-6
2.487E-6
4.39E-6
2.689E-6
6.91E-6
3.077E-6
6.297E-6
1.634E-6
2.671E-6
4.072E-6
2.674E-6
2.407E-6
5.056E-6
3.162E-6
2.817E-6
5.682E-6
3.717E-6
3.905E-6
6.838E-6
4.494E-6
1.779E-6
2.403E-6
5.659E-6
2.45E-6
4.398E-6
4.546E-6
2.747E-6
4.813E-6
2.48E-6
1.965E-6
7.467E-6
3.016E-6
5.396E-6
2.859E-6
5.739E-6
3.409E-6
2.49E-6
2.579E-6
3.394E-6
2.503E-6
3.443E-6
2.363E-6
6.009E-6
4.479E-6
5.771E-6
1.891E-6
3.201E-6
2.614E-6
5.965E-6
6.496E-6
2.658E-6
5.333E-6
1.635E-6
5.107E-6
1.456E-6
5.034E-6
4.052E-6
1.782E-6
3.095E-6
4.931E-6
3.979E-6
1.804E-6
2.845E-6
5.391E-6
2.749E-6
6.513E-6
3.342E-6
2.482E-6
2.714E-6
4.364E-6
4.74E-6
2.337E-6
5.83E-6
3.106E-6
3.181E-6
2.432E-6
3.842E-6
7.635E-6
2.912E-6
5.302E-6
1.684E-6
3.734E-6
2.644E-6
5.43E-6
6.222E-6
4.628E-6
2.845E-6
5.657E-6
5.288E-6
4.269E-6
2.896E-6
4.281E-6
1.552E-6
2.78E-6
8.411E-6
3.818E-6
1.847E-6
6.141E-6
4.318E-6
1.727E-6
2.201E-6
6.688E-6
4.502E-6
2.899E-6
4.819E-6
9.797E-6
2.84E-6
4.281E-6
3.206E-6
4.995E-6
2.492E-6
2.553E-6
4.572E-6
4.078E-6
4.709E-6
1.838E-6
2.168E-6
5.604E-6
1.874E-6
4.987E-6
5.268E-6
3.06E-6
3.128E-6
2.98E-6
4.782E-6
4.45E-6
4.28E-6
5.156E-6
6.091E-6
3.038E-6
4.656E-6
5.59E-6
1.728E-6
3.12E-6
4.208E-6
2.685E-6
4.268E-6
6.84E-6
3.549E-6
2.424E-6
4.378E-6
3.159E-6
4.783E-6
3.23E-6
5.93E-6
2.459E-6
4.918E-6
5.497E-6
3.468E-6
2.426E-6
4.98E-6
5.302E-6
2.697E-6
2.403E-6
6.341E-6
5.286E-6
4.934E-6
2.457E-6
2.501E-6
4.263E-6
4.583E-6
3.588E-6
4.715E-6
3.031E-6
3.564E-6
2.047E-6
5.477E-6
3.669E-6
2.167E-6
5.766E-6
5.595E-6
4.863E-6
3.358E-6
4.657E-6
1.619E-6
6.553E-6
3.583E-6
1.955E-6
5.239E-6
4.855E-6
3.062E-6
2.959E-6
5.48E-6
4.619E-6
2.766E-6
3.913E-6
4.266E-6
3.526E-6
5.971E-6
2.577E-6
4.653E-6
2.859E-6
5.89E-6
2.082E-6
2.079E-6
5.948E-6
5.911E-6
6.776E-6
2.519E-6
3.525E-6
3.11E-6
4.75E-6
4.195E-6
6.523E-6
5.042E-6
4.436E-6
4.485E-6
4.744E-6
2.414E-6
6.023E-6
1.9E-6
3.086E-6
4.574E-6
5.66E-6
1.826E-6
3.044E-6
5.22E-6
4.415E-6
3.23E-6
3.382E-6
6.782E-6
3.011E-6
2.534E-6
4.327E-6
3.275E-6
2.805E-6
6.017E-6
6.594E-6
2.6E-6
5.492E-6
2.62E-6
3.919E-6
6.187E-6
1.93E-6
2.967E-6
4.515E-6
3.241E-6
2.871E-6
4.861E-6
4.65E-6
4.866E-6
3.189E-6
5.839E-6
2.816E-6
5.729E-6
5.527E-6
2.452E-6
2.81E-6
3.248E-6
4.13E-6
1.611E-6
6.49E-6
5.168E-6
2.603E-6
5.74E-6
7.342E-6
5.092E-6
2.993E-6
3.206E-6
3.216E-6
5.327E-6
5.317E-6
5.751E-6
1.626E-6
8.122E-6
2.409E-6
6.024E-6
3.67E-6
3.023E-6
6.362E-6
6.25E-6
2.779E-6
6.008E-6
4.623E-6
4.287E-6
2.281E-6
5.851E-6
3.209E-6
3.855E-6
3.314E-6
5.127E-6
1.71E-6
4.631E-6
1.784E-6
2.806E-6
6.597E-6
6.736E-6
3.522E-6
4.667E-6
1.594E-6
5.623E-6
6.743E-6
3.353E-6
5.389E-6
2.947E-6
5.023E-6
5.74E-6
4.179E-6
2.771E-6
3.166E-6
3.05E-6
4.876E-6
5.613E-6
4.82E-6
2.862E-6
4.794E-6
3.443E-6
4.895E-6
1.834E-6
4.172E-6
1.726E-6
6.043E-6
3.97E-6
2.707E-6
5.366E-6
1.76E-6
4.43E-6
7.62E-6
5.785E-6
4.38E-6
4.286E-6
3.344E-6
1.863E-6
5.137E-6
1.922E-6
5.281E-6
3.368E-6
5.632E-6
4.47E-6
1.584E-6
3.129E-6
5.613E-6
6.338E-6
2.899E-6
4.319E-6
3.671E-6
2.906E-6
5.749E-6
2.173E-6
2.848E-6
5.075E-6
3.929E-6
4.732E-6
5.305E-6
3.324E-6
2.351E-6
5.502E-6
4.386E-6
2.631E-6
3.216E-6
2.801E-6
1.921E-6
3.133E-6
4.611E-6
3.723E-6
3.692E-6
4.517E-6
4.088E-6
2.52E-6
3.016E-6
3.859E-6
1.717E-6
3.039E-6
5.05E-6
2.641E-6
6.41E-6
3.645E-6
5.297E-6
5.18E-6
2.533E-6
5.059E-6
2.724E-6
6.74E-6
3.182E-6
3.996E-6
3.16E-6
3.524E-6
5.02E-6
1.894E-6
4.597E-6
6.084E-6
1.962E-6
2.373E-6
5.223E-6
6.331E-6
1.822E-6
2.859E-6
4.166E-6
2.652E-6
4.499E-6
3.081E-6
3.02E-6
3.448E-6
3.094E-6
2.804E-6
3.625E-6
3.047E-6
4.164E-6
6.498E-6
1.966E-6
3.811E-6
2.798E-6
2.583E-6
5.451E-6
2.811E-6
5.718E-6
4.24E-6
2.535E-6
7.022E-6
3.527E-6
2.562E-6
3.026E-6
4.655E-6
6.567E-6
4.021E-6
5.711E-6
5.604E-6
1.907E-6
5.096E-6
1.645E-6
3.238E-6
2.549E-6
4.609E-6
3.69E-6
3.497E-6
5.859E-6
4.096E-6
2.699E-6
3.944E-6
2.997E-6
3.865E-6
1.849E-6
3.01E-6
4.342E-6
2.96E-6
5.425E-6
2.485E-6
4.041E-6
2.841E-6
1.562E-6
8.575E-6
2.71E-6
4.805E-6
5.598E-6
3.318E-6
2.42E-6
4.828E-6
3.546E-6
4.267E-6
3.038E-6
5.815E-6
4.686E-6
7.193E-6
3.399E-6
4.972E-6
2.58E-6
2.79E-6
3.42E-6
3.197E-6
6.651E-6
3.746E-6
5.102E-6
1.831E-6
6.709E-6
2.699E-6
5.475E-6
4.353E-6
4.558E-6
2.765E-6
2.832E-6
5.065E-6
3.268E-6
2.929E-6
4.258E-6
2.823E-6
4.466E-6
2.565E-6
5.21E-6
2.555E-6
7.752E-6
7.004E-6
1.669E-6
5.016E-6
6.639E-6
2.277E-6
4.014E-6
2.943E-6
2.209E-6
3.884E-6
1.788E-6
2.889E-6
5.688E-6
2.847E-6
3.349E-6
2.66E-6
5.574E-6
3.144E-6
2.447E-6
7.37E-6
3.153E-6
2.404E-6
5.666E-6
4.047E-6
4.366E-6
3.638E-6
3.715E-6
2.699E-6
3.845E-6
4.686E-6
2.494E-6
3.347E-6
2.973E-6
2.264E-6
6.61E-6
1.797E-6
2.218E-6
4.179E-6
2.526E-6
4.184E-6
6.16E-6
3.798E-6
5.92E-6
2.919E-6
5.334E-6
3.084E-6
6.886E-6
6.446E-6
7.364E-6
3.285E-6
5.969E-6
4.525E-6
1.72E-6
2.381E-6
7.797E-6
3.172E-6
5.61E-6
3.114E-6
4.533E-6
2.564E-6
4.133E-6
2.816E-6
2.2347E-5
2.41E-6
5.642E-6
1.688E-6
5.636E-6
5.165E-6
1.0756E-5
3.761E-6
3.511E-6
6.271E-6
3.041E-6
3.251E-6
3.834E-6
1.0746E-5
4.756E-6
5.566E-6
7.933E-6
1.5201E-5
3.198E-6
5.135E-6
1.3067E-5
5.816E-6
4.869E-6
3.115E-6
3.452E-6
3.908E-6
5.326E-6
5.096E-6
9.143E-6
3.564E-6
4.019E-6
3.706E-6
1.5178E-5
2.348E-6
6.694E-6
1.2844E-5
2.868E-6
1.2019E-5
2.575E-6
4.604E-6
7.523E-6
2.541E-6
3.639E-6
9.958E-6
1.874E-6
5.534E-6
2.769E-6
3.726E-6
8.358E-6
2.866E-6
2.884E-6
1.1142E-5
5.268E-6
5.966E-6
1.1968E-5
5.965E-6
2.816E-6
6.379E-6
3.334E-6
3.649E-6
4.154E-6
2.862E-6
3.386E-6
2.798E-6
3.727E-6
3.67E-6
6.593E-6
3.326E-6
4.922E-6
4.145E-6
2.393E-6
2.902E-6
2.46E-6
2.004E-6
7.0E-6
4.532E-6
5.291E-6
6.052E-6
9.985E-6
6.7E-6
3.536E-6
5.585E-6
3.721E-6
6.365E-6
4.402E-6
2.167E-6
3.689E-6
4.138E-6
5.52E-6
4.534E-6
1.065E-6
4.541E-6
9.911E-6
4.953E-6
5.056E-6
2.054E-6
2.451E-6
1.0714E-5
1.486E-5
3.881E-6
1.3992E-5
1.1411E-5
2.014E-6
4.879E-6
1.931E-6
3.017E-6
1.1844E-5
1.796E-6
1.5003E-5
1.681E-6
1.691E-6
4.256E-6
2.608E-6
4.621E-6
2.506E-6
5.502E-6
2.481E-6
2.926E-6
4.772E-6
2.172E-6
4.618E-6
2.85E-6
2.959E-6
3.77E-6
6.613E-6
4.682E-6
6.044E-6
2.479E-6
5.435E-6
4.894E-6
2.806E-6
4.311E-6
4.364E-6
3.228E-6
5.352E-6
1.707E-6
3.025E-6
5.931E-6
2.517E-6
3.5E-6
3.012E-6
3.054E-6
4.158E-6
1.665E-6
7.857E-6
3.435E-6
6.766E-6
3.569E-6
4.606E-6
4.821E-6
5.015E-6
2.923E-6
3.499E-6
1.822E-6
3.869E-6
3.759E-6
2.615E-6
4.008E-6
2.53E-6
3.799E-6
5.67E-6
3.565E-6
4.487E-6
2.315E-6
4.62E-6
4.328E-6
2.355E-6
3.519E-6
2.883E-6
5.93E-6
3.175E-6
2.468E-6
4.469E-6
2.001E-6
6.043E-6
4.768E-6
1.678E-6
4.839E-6
1.571E-6
2.627E-6
5.966E-6
2.428E-6
4.539E-6
3.951E-6
1.515E-6
3.23E-6
3.332E-6
2.262E-6
5.009E-6
1.792E-6
4.285E-6
3.433E-6
5.82E-6
3.459E-6
5.923E-6
3.485E-6
6.228E-6
1.833E-6
2.441E-6
4.318E-6
4.34E-6
5.377E-6
2.76E-6
3.324E-6
4.328E-6
6.716E-6
6.085E-6
3.254E-6
4.301E-6
3.056E-6
5.387E-6
3.007E-6
2.717E-6
4.827E-6
3.796E-6
6.876E-6
2.464E-6
2.22E-6
3.383E-6
5.957E-6
2.945E-6
4.056E-6
3.811E-6
3.364E-6
3.496E-6
7.531E-6
1.573E-6
5.468E-6
6.035E-6
2.556E-6
4.141E-6
4.637E-6
1.735E-6
6.605E-6
5.203E-6
7.351E-6
4.19E-6
5.107E-6
4.797E-6
2.683E-6
3.63E-6
5.499E-6
1.834E-6
4.987E-6
1.553E-6
5.705E-6
3.357E-6
3.421E-6
6.016E-6
1.659E-6
2.204E-6
5.234E-6
1.562E-6
6.181E-6
2.959E-6
7.467E-6
4.226E-6
4.337E-6
2.649E-6
2.685E-6
5.524E-6
3.196E-6
2.943E-6
3.384E-6
2.505E-6
3.055E-6
5.509E-6
6.161E-6
5.534E-6
2.342E-6
3.853E-6
2.443E-6
3.877E-6
1.817E-6
5.051E-6
1.539E-6
2.85E-6
5.119E-6
1.828E-6
3.864E-6
3.987E-6
4.678E-6
4.835E-6
3.167E-6
6.576E-6
2.457E-6
2.957E-6
5.543E-6
7.216E-6
4.597E-6
3.229E-6
2.99E-6
4.875E-6
2.369E-6
2.611E-6
4.145E-6
3.25E-6
3.375E-6
2.379E-6
2.968E-6
7.78E-6
1.719E-6
2.904E-6
4.352E-6
1.852E-6
2.143E-6
6.191E-6
4.34E-6
4.691E-6
4.164E-6
4.947E-6
2.902E-6
2.216E-6
5.266E-6
1.744E-6
2.826E-6
4.414E-6
1.574E-6
1.795E-6
4.465E-6
2.564E-6
2.264E-6
1.769E-6
4.56E-6
5.273E-6
3.974E-6
3.583E-6
6.316E-6
5.916E-6
3.914E-6
1.7786E-5
5.11E-6
3.816E-6
4.119E-6
1.549E-6
7.066E-6
5.357E-6
1.892E-6
3.716E-6
4.451E-6
3.691E-6
2.435E-6
7.463E-6
5.449E-6
4.059E-6
4.089E-6
4.131E-6
4.017E-6
1.698E-6
2.703E-6
5.378E-6
1.687E-6
2.432E-6
4.384E-6
2.583E-6
3.949E-6
3.292E-6
1.773E-6
1.1564E-5
4.711E-6
4.781E-6
6.35E-6
1.514E-6
2.209E-6
6.308E-6
5.429E-6
3.105E-6
2.613E-6
5.885E-6
4.484E-6
3.214E-6
7.219E-6
2.626E-6
7.025E-6
4.842E-6
4.53E-6
1.819E-6
2.565E-6
4.206E-6
1.887E-6
2.212E-6
6.613E-6
5.113E-6
3.572E-6
1.583E-6
3.124E-6
5.342E-6
4.041E-6
6.34E-6
4.891E-6
3.8E-6
3.692E-6
3.597E-6
4.082E-6
1.772E-6
1.4359E-5
5.451E-6
4.3E-6
2.553E-6
2.96E-6
3.482E-6
6.263E-6
2.395E-6
5.512E-6
5.121E-6
9.486E-6
2.823E-6
2.272E-6
6.749E-6
1.785E-6
5.699E-6
6.227E-6
3.895E-6
4.021E-6
7.96E-6
1.618E-6
5.651E-6
3.028E-6
4.655E-6
2.977E-6
4.804E-6
3.241E-6
4.971E-6
1.608E-6
3.009E-6
5.077E-6
1.638E-6
5.562E-6
2.58E-6
2.97E-6
7.355E-6
1.885E-6
2.924E-6
4.193E-6
4.649E-6
5.404E-6
4.414E-6
3.228E-6
3.031E-6
5.657E-6
5.912E-6
3.184E-6
4.763E-6
6.584E-6
3.834E-6
4.717E-6
2.784E-6
4.296E-6
3.595E-6
3.323E-6
5.697E-6
5.167E-6
2.568E-6
4.872E-6
5.226E-6
3.326E-6
5.717E-6
4.43E-6
1.624E-6
3.917E-6
6.911E-6
4.522E-6
4.915E-6
3.197E-6
2.128E-6
2.406E-6
4.271E-6
4.669E-6
2.267E-6
5.059E-6
2.356E-6
2.936E-6
3.632E-6
4.913E-6
1.861E-6
3.752E-6
4.896E-6
4.056E-6
3.424E-6
3.746E-6
5.694E-6
1.737E-6
5.013E-6
3.603E-6
3.613E-6
4.872E-6
3.289E-6
5.351E-6
4.637E-6
2.725E-6
4.595E-6
4.471E-6
2.809E-6
2.716E-6
4.473E-6
2.651E-6
4.56E-6
3.505E-6
3.959E-6
2.71E-6
7.039E-6
1.776E-6
2.756E-6
4.104E-6
2.911E-6
3.871E-6
4.597E-6
4.071E-6
3.878E-6
4.74E-6
3.191E-6
3.201E-6
2.448E-6
2.229E-6
4.245E-6
4.079E-6
3.898E-6
2.78E-6
5.302E-6
6.133E-6
2.504E-6
2.33E-6
2.217E-6
6.454E-6
2.309E-6
2.041E-6
4.397E-6
1.645E-6
4.899E-6
6.132E-6
2.459E-6
7.323E-6
3.879E-6
6.603E-6
2.71E-6
3.488E-6
4.778E-6
4.816E-6
5.296E-6
2.689E-6
3.484E-6
1.766E-6
3.82E-6
4.72E-6
5.501E-6
3.523E-6
2.392E-6
5.388E-6
2.762E-6
5.083E-6
4.286E-6
2.483E-6
3.934E-6
6.534E-6
4.447E-6
5.982E-6
3.433E-6
5.755E-6
2.644E-6
3.674E-6
5.197E-6
3.12E-6
6.065E-6
2.298E-6
6.694E-6
3.916E-6
1.567E-6
2.362E-6
2.913E-6
4.031E-6
2.516E-6
5.366E-6
4.156E-6
3.954E-6
4.789E-6
2.593E-6
3.236E-6
6.027E-6
2.894E-6
3.93E-6
5.621E-6
1.63E-6
3.458E-6
3.777E-6
2.632E-6
4.212E-6
3.721E-6
2.847E-6
4.375E-6
6.708E-6
1.563E-6
3.57E-6
2.83E-6
3.681E-6
3.724E-6
3.755E-6
6.545E-6
3.127E-6
2.164E-6
4.207E-6
2.836E-6
5.902E-6
1.742E-6
2.942E-6
4.565E-6
4.677E-6
5.344E-6
2.348E-6
4.624E-6
2.498E-6
4.829E-6
1.688E-6
2.073E-6
4.407E-6
7.344E-6
2.456E-6
5.413E-6
3.018E-6
2.199E-6
4.294E-6
6.399E-6
4.593E-6
3.296E-6
2.308E-6
5.125E-6
2.719E-6
4.584E-6
2.757E-6
3.888E-6
3.618E-6
6.973E-6
5.86E-6
2.268E-6
3.635E-6
2.098E-6
5.371E-6
5.539E-6
1.71E-6
3.214E-6
5.802E-6
2.986E-6
4.957E-6
2.883E-6
2.393E-6
6.703E-6
5.119E-6
4.4E-6
3.541E-6
4.042E-6
1.826E-6
2.094E-6
3.718E-6
3.006E-6
4.11E-6
4.911E-6
4.644E-6
5.27E-6
2.965E-6
3.898E-6
5.285E-6
2.591E-6
2.843E-6
5.534E-6
1.848E-6
3.64E-6
4.091E-6
2.719E-6
3.981E-6
4.245E-6
3.706E-6
4.412E-6
3.008E-6
6.881E-6
4.788E-6
1.687E-6
5.319E-6
5.488E-6
2.518E-6
3.655E-6
3.363E-6
6.691E-6
1.627E-6
3.06E-6
5.305E-6
2.431E-6
5.178E-6
5.397E-6
2.383E-6
3.731E-6
5.579E-6
3.848E-6
6.804E-6
1.665E-6
2.303E-6
7.506E-6
2.652E-6
4.545E-6
2.934E-6
3.486E-6
5.778E-6
2.426E-6
3.35E-6
1.466E-6
4.13E-6
4.779E-6
5.601E-6
3.048E-6
5.262E-6
2.315E-6
2.849E-6
3.596E-6
2.113E-6
4.871E-6
3.969E-6
3.579E-6
2.717E-6
3.732E-6
5.421E-6
3.571E-6
4.589E-6
3.402E-6
4.244E-6
3.568E-6
3.417E-6
2.686E-6
1.832E-6
1.521E-6
4.777E-6
3.47E-6
7.002E-6
6.901E-6
5.261E-6
4.759E-6
6.837E-6
3.653E-6
5.631E-6
3.161E-6
3.811E-6
5.484E-6
5.122E-6
3.178E-6
3.029E-6
8.294E-6
3.47E-6
2.421E-6
3.688E-6
5.292E-6
2.382E-6
2.137E-6
4.101E-6
5.335E-6
4.987E-6
2.556E-6
5.827E-6
5.459E-6
2.128E-6
3.924E-6
1.472E-6
2.241E-6
3.37E-6
1.686E-6
2.512E-6
4.511E-6
3.949E-6
4.917E-6
2.69E-6
2.387E-6
3.348E-6
4.852E-6
4.216E-6
4.03E-6
4.653E-6
6.756E-6
1.765E-6
4.896E-6
3.866E-6
3.831E-6
4.828E-6
3.162E-6
4.532E-6
2.326E-6
3.676E-6
7.175E-6
2.571E-6
3.133E-6
3.749E-6
8.154E-6
2.453E-6
4.261E-6
2.778E-6
2.807E-6
6.297E-6
3.435E-6
5.706E-6
4.175E-6
7.223E-6
4.177E-6
3.478E-6
3.957E-6
6.691E-6
4.609E-6
1.637E-6
2.649E-6
4.418E-6
3.445E-6
7.54E-6
2.531E-6
2.322E-6
4.24E-6
4.024E-6
4.807E-6
3.337E-6
4.264E-6
5.448E-6
3.363E-6
2.479E-6
4.621E-6
3.864E-6
1.623E-6
3.974E-6
6.814E-6
3.909E-6
1.667E-6
2.712E-6
2.599E-6
4.139E-6
6.689E-6
2.963E-6
1.803E-6
2.992E-6
5.828E-6
1.85E-6
3.827E-6
4.631E-6
5.208E-6
6.277E-6
2.742E-6
5.694E-6
3.439E-6
4.615E-6
1.552E-6
4.746E-6
2.977E-6
3.712E-6
3.135E-6
3.03E-6
7.477E-6
4.675E-6
2.899E-6
3.052E-6
3.05E-6
3.04E-6
3.018E-6
4.642E-6
1.66E-6
2.917E-6
3.695E-6
2.618E-6
5.111E-6
3.675E-6
5.12E-6
1.827E-6
5.715E-6
2.926E-6
4.36E-6
4.072E-6
1.875E-6
5.768E-6
1.727E-6
3.546E-6
7.299E-6
2.901E-6
5.176E-6
5.466E-6
2.63E-6
2.322E-6
5.248E-6
2.596E-6
3.993E-6
4.941E-6
1.819E-6
3.593E-6
4.973E-6
5.373E-6
2.526E-6
2.871E-6
6.345E-6
2.681E-6
4.671E-6
2.82E-6
6.052E-6
2.68E-6
2.921E-6
5.282E-6
4.556E-6
5.336E-6
5.249E-6
5.678E-6
3.689E-6
2.848E-6
2.97E-6
4.213E-6
2.249E-6
4.629E-6
4.049E-6
2.933E-6
6.19E-6
2.057E-6
5.102E-6
2.638E-6
4.212E-6
4.925E-6
3.257E-6
3.016E-6
5.557E-6
1.822E-6
5.865E-6
1.671E-6
6.569E-6
2.597E-6
6.086E-6
5.858E-6
2.937E-6
3.981E-6
6.019E-6
2.823E-6
3.826E-6
2.846E-6
4.049E-6
4.918E-6
5.157E-6
5.454E-6
3.945E-6
1.68E-6
5.867E-6
3.968E-6
4.953E-6
3.227E-6
5.111E-6
4.923E-6
3.058E-6
4.731E-6
6.005E-6
3.261E-6
4.536E-6
2.588E-6
5.632E-6
1.594E-6
2.477E-6
4.324E-6
6.131E-6
3.684E-6
5.148E-6
2.867E-6
4.097E-6
5.968E-6
2.389E-6
3.182E-6
6.899E-6
1.898E-6
2.394E-6
4.769E-6
2.96E-6
5.213E-6
4.783E-6
5.311E-6
3.596E-6
2.849E-6
3.845E-6
3.596E-6
2.855E-6
3.309E-6
4.747E-6
3.51E-6
5.44E-6
5.042E-6
2.593E-6
3.26E-6
1.716E-6
4.061E-6
4.216E-6
3.258E-6
2.935E-6
5.039E-6
6.386E-6
3.245E-6
3.667E-6
1.863E-6
4.539E-6
4.168E-6
3.149E-6
5.254E-6
4.738E-6
1.708E-6
3.579E-6
5.978E-6
2.978E-6
4.07E-6
3.28E-6
3.174E-6
2.453E-6
5.289E-6
3.775E-6
3.231E-6
3.703E-6
6.637E-6
4.527E-6
4.399E-6
4.222E-6
6.573E-6
5.147E-6
2.912E-6
2.926E-6
4.498E-6
2.981E-6
4.907E-6
2.61E-6
3.286E-6
5.154E-6
3.012E-6
4.01E-6
2.855E-6
3.206E-6
1.558E-6
2.644E-6
5.781E-6
7.052E-6
4.699E-6
1.664E-6
2.315E-6
7.172E-6
7.573E-6
3.935E-6
2.892E-6
6.279E-6
1.886E-6
3.621E-6
5.569E-6
3.279E-6
5.734E-6
1.792E-6
3.359E-6
8.725E-6
1.897E-6
3.652E-6
5.386E-6
3.041E-6
2.711E-6
3.585E-6
5.207E-6
2.859E-6
3.514E-6
3.463E-6
6.855E-6
8.013E-6
3.312E-6
6.062E-6
4.368E-6
2.1374E-5
6.531E-6
4.376E-6
2.741E-6
5.523E-6
2.852E-6
5.565E-6
5.258E-6
3.029E-6
4.337E-6
5.963E-6
1.841E-6
4.669E-6
2.385E-6
6.147E-6
3.828E-6
3.184E-6
4.75E-6
2.956E-6
3.1E-6
4.61E-6
6.854E-6
2.946E-6
6.692E-6
2.759E-6
2.795E-6
2.398E-6
3.441E-6
1.668E-6
5.84E-6
3.918E-6
1.808E-6
4.873E-6
4.614E-6
3.099E-6
2.315E-6
5.063E-6
4.093E-6
2.827E-6
5.024E-6
4.275E-6
3.184E-6
4.919E-6
4.182E-6
2.479E-6
3.321E-6
5.033E-6
5.735E-6
3.728E-6
3.299E-6
2.873E-6
4.766E-6
3.736E-6
2.835E-6
2.528E-6
4.839E-6
3.018E-6
2.906E-6
4.879E-6
6.445E-6
2.663E-6
6.099E-6
1.636E-6
2.65E-6
3.859E-6
5.232E-6
1.962E-6
4.675E-6
4.075E-6
2.357E-6
4.514E-6
4.591E-6
1.513E-6
4.549E-6
2.742E-6
3.114E-6
6.257E-6
2.854E-6
4.955E-6
1.924E-6
2.417E-6
2.4E-6
2.426E-6
4.539E-6
4.631E-6
3.819E-6
3.38E-6
2.743E-6
2.728E-6
2.794E-6
4.49E-6
2.187E-6
6.03E-6
1.753E-6
2.23E-6
4.624E-6
3.903E-6
2.923E-6
4.007E-6
4.087E-6
2.711E-6
3.79E-6
2.435E-6
5.332E-6
3.559E-6
3.858E-6
2.306E-6
4.697E-6
2.464E-6
5.019E-6
3.138E-6
4.518E-6
6.234E-6
2.573E-6
1.716E-6
3.621E-6
2.808E-6
3.277E-6
6.576E-6
2.709E-6
4.051E-6
7.141E-6
2.477E-6
2.744E-6
5.089E-6
5.126E-6
4.524E-6
3.191E-6
1.814E-6
4.941E-6
4.568E-6
2.909E-6
4.256E-6
4.694E-6
3.154E-6
3.42E-6
5.141E-6
3.596E-6
3.039E-6
6.579E-6
3.439E-6
2.605E-6
2.464E-6
2.964E-6
3.481E-6
4.128E-6
3.162E-6
4.784E-6
3.261E-6
1.647E-6
3.275E-6
3.024E-6
3.273E-6
2.93E-6
5.771E-6
2.832E-6
5.769E-6
1.561E-6
2.701E-6
5.467E-6
2.776E-6
4.373E-6
4.155E-6
2.434E-6
3.477E-6
3.592E-6
5.545E-6
1.697E-6
7.91E-6
3.209E-6
4.528E-6
4.098E-6
3.469E-6
4.571E-6
3.482E-6
3.53E-6
2.669E-6
6.955E-6
4.143E-6
2.442E-6
2.418E-6
4.525E-6
3.324E-6
4.206E-6
3.692E-6
5.378E-6
4.368E-6
4.577E-6
3.768E-6
4.392E-6
3.084E-6
1.642E-6
5.01E-6
7.207E-6
2.895E-6
5.45E-6
7.42E-6
3.299E-6
2.627E-6
3.921E-6
3.732E-6
5.005E-6
3.163E-6
4.048E-6
6.186E-6
2.037E-6
5.261E-6
1.924E-6
5.418E-6
5.361E-6
2.638E-6
4.143E-6
3.603E-6
1.841E-6
5.664E-6
3.699E-6
5.633E-6
4.061E-6
3.433E-6
2.865E-6
2.786E-6
4.867E-6
2.874E-6
4.113E-6
4.061E-6
2.456E-6
4.805E-6
2.748E-6
3.023E-6
5.304E-6
4.321E-6
2.485E-6
6.118E-6
5.154E-6
5.132E-6
3.179E-6
6.824E-6
2.491E-6
4.228E-6
1.991E-6
7.19E-6
1.912E-6
5.707E-6
4.022E-6
3.325E-6
2.944E-6
5.093E-6
3.99E-6
3.072E-6
3.949E-6
4.494E-6
3.226E-6
5.626E-6
3.207E-6
1.566E-6
2.913E-6
4.284E-6
3.945E-6
4.068E-6
2.55E-6
3.912E-6
5.709E-6
4.337E-6
4.008E-6
3.745E-6
4.412E-6
3.327E-6
3.454E-6
6.204E-6
1.712E-6
4.93E-6
2.692E-6
3.939E-6
3.321E-6
3.311E-6
5.527E-6
2.592E-6
5.658E-6
4.321E-6
2.952E-6
3.889E-6
3.995E-6
5.154E-6
2.847E-6
3.693E-6
3.819E-6
6.201E-6
6.594E-6
3.293E-6
4.295E-6
5.325E-6
2.627E-6
2.834E-6
4.722E-6
2.981E-6
4.333E-6
4.838E-6
6.299E-6
4.622E-6
2.682E-6
4.662E-6
2.5E-6
4.789E-6
2.973E-6
3.923E-6
1.688E-6
3.556E-6
4.846E-6
6.038E-6
1.712E-6
2.948E-6
5.707E-6
3.13E-6
4.315E-6
5.961E-6
5.199E-6
4.317E-6
3.48E-6
7.403E-6
1.716E-6
4.439E-6
2.477E-6
6.165E-6
2.445E-6
3.001E-6
6.032E-6
2.174E-6
5.694E-6
3.578E-6
1.516E-6
2.331E-6
5.185E-6
3.077E-6
4.134E-6
3.77E-6
4.06E-6
4.19E-6
4.508E-6
4.234E-6
4.248E-6
3.725E-6
2.542E-6
2.344E-6
6.394E-6
3.593E-6
2.787E-6
5.468E-6
1.864E-6
2.866E-6
4.917E-6
2.471E-6
2.861E-6
3.706E-6
1.769E-6
2.986E-6
3.683E-6
3.316E-6
3.88E-6
4.269E-6
6.522E-6
1.661E-6
2.506E-6
3.524E-6
2.908E-6
4.212E-6
2.001E-6
3.912E-6
2.782E-6
2.602E-6
3.851E-6
4.067E-6
2.828E-6
5.298E-6
1.595E-6
2.699E-6
4.053E-6
3.324E-6
2.528E-6
4.846E-6
2.356E-6
4.747E-6
1.733E-6
2.397E-6
3.066E-6
5.39E-6
2.023E-6
4.267E-6
1.718E-6
2.924E-6
8.063E-6
3.285E-6
3.997E-6
3.233E-6
5.649E-6
2.935E-6
5.932E-6
3.386E-6
5.558E-6
3.096E-6
5.081E-6
6.158E-6
2.333E-6
3.434E-6
2.582E-6
2.69E-6
2.373E-6
3.046E-6
5.933E-6
4.238E-6
2.964E-6
3.129E-6
2.658E-6
3.307E-6
4.662E-6
3.387E-6
2.975E-6
5.142E-6
2.72E-6
3.267E-6
5.183E-6
8.4E-6
1.897E-6
5.743E-6
1.639E-6
4.071E-6
2.595E-6
5.294E-6
3.899E-6
6.365E-6
5.008E-6
4.013E-6
3.726E-6
2.346E-6
5.432E-6
2.856E-6
6.911E-6
2.988E-6
3.283E-6
5.949E-6
5.906E-6
2.94E-6
2.959E-6
6.366E-6
1.934E-6
5.76E-6
5.193E-6
3.055E-6
4.0E-6
4.434E-6
4.26E-6
4.549E-6
4.517E-6
4.192E-6
2.369E-6
3.908E-6
6.027E-6
5.015E-6
5.308E-6
5.926E-6
1.591E-6
3.66E-6
5.055E-6
1.846E-6
3.409E-6
4.628E-6
4.266E-6
4.677E-6
5.721E-6
2.792E-6
5.434E-6
4.961E-6
4.639E-6
3.817E-6
2.928E-6
4.91E-6
4.897E-6
6.595E-6
4.691E-6
4.205E-6
4.439E-6
2.014E-6
4.559E-6
4.729E-6
3.406E-6
2.872E-6
4.516E-6
3.88E-6
3.745E-6
3.546E-6
2.539E-6
6.144E-6
1.704E-6
4.752E-6
4.514E-6
4.166E-6
3.731E-6
3.129E-6
6.568E-6
2.473E-6
5.222E-6
5.064E-6
4.865E-6
6.041E-6
3.467E-6
5.944E-6
2.59E-6
3.494E-6
2.773E-6
5.575E-6
6.286E-6
2.293E-6
2.487E-6
7.412E-6
5.219E-6
5.087E-6
3.312E-6
4.177E-6
5.275E-6
4.919E-6
3.281E-6
5.633E-6
1.634E-6
2.529E-6
3.115E-6
3.433E-6
2.768E-6
5.03E-6
1.658E-6
4.166E-6
3.138E-6
2.604E-6
4.812E-6
2.448E-6
3.894E-6
1.61E-6
4.367E-6
6.783E-6
1.615E-6
5.59E-6
7.757E-6
4.841E-6
4.439E-6
6.385E-6
4.063E-6
1.666E-6
1.824E-6
3.618E-6
4.555E-6
2.536E-6
6.044E-6
2.804E-6
3.11E-6
2.413E-6
4.711E-6
