2.6494E-5
1.415E-6
1.111E-6
6.44E-7
4.658E-6
6.86E-7
8.64E-6
4.3E-7
5.52E-7
6.394E-6
7.86E-7
2.4014E-5
8.33E-7
3.423E-6
5.88E-7
1.1108E-5
8.46E-7
6.32E-6
3.86E-7
6.968E-6
7.866E-6
5.52E-7
3.397E-6
1.517E-6
4.88E-7
4.78E-7
8.999E-6
4.72E-7
1.119E-6
2.536E-6
7.98E-7
4.569E-6
3.21E-7
1.1533E-5
6.008E-6
7.48E-7
1.3523E-5
3.99E-7
8.716E-6
5.32E-7
5.0E-7
4.0E-7
5.75E-7
3.83E-7
1.837E-6
7.26E-7
1.124E-5
4.93E-7
4.25E-7
1.1142E-5
4.04E-7
2.222E-6
3.77E-7
6.006E-6
3.764E-6
4.21E-7
4.81E-7
3.588E-6
3.51E-7
9.214E-6
1.782E-6
8.718E-6
4.657E-6
6.59E-7
1.1642E-5
5.17E-7
8.802E-6
8.848E-6
6.03E-7
7.39E-7
4.48E-7
2.05E-6
7.857E-6
3.68E-7
3.96E-7
3.646E-6
8.774E-6
2.047E-6
3.16E-7
2.181E-6
1.772E-6
5.69E-7
5.21E-7
4.82E-6
1.0332E-5
3.61E-7
5.59E-7
8.972E-6
3.34E-7
6.721E-6
5.6E-7
3.72E-7
5.73E-7
8.82E-6
3.18E-7
4.105E-6
8.978E-6
8.04E-7
3.89E-7
3.25E-7
5.78E-7
3.34E-7
1.97E-6
4.39E-7
6.71E-6
9.78E-7
3.73E-7
6.339E-6
7.97E-7
4.71E-7
1.997E-6
4.977E-6
3.9E-7
3.318E-6
1.418E-6
8.503E-6
3.533E-6
3.7E-7
6.065E-6
3.72E-7
3.25E-7
1.085E-5
1.1094E-5
4.9E-7
4.82E-7
4.91E-7
1.0783E-5
3.57E-7
3.323E-6
4.49E-7
5.997E-6
3.71E-7
6.47E-7
9.207E-6
4.34E-7
3.48E-7
4.829E-6
4.87E-7
3.83E-7
1.409E-6
1.433E-6
3.8E-7
6.53E-7
1.152E-6
3.49E-7
1.1374E-5
1.221E-6
6.04E-7
8.381E-6
1.53E-6
4.499E-6
6.8E-7
7.03E-7
6.2E-7
6.25E-7
8.24E-7
4.04E-7
1.542E-6
4.27E-6
6.26E-7
5.604E-6
3.61E-7
4.99E-7
4.46E-7
4.38E-7
7.201E-6
5.97E-7
7.06E-7
1.2274E-5
5.63E-7
6.37E-7
4.28E-7
4.2E-7
5.36E-7
1.579E-6
1.929E-6
5.76E-7
6.29E-7
6.47E-7
8.577E-6
3.56E-7
8.246E-6
5.55E-7
8.182E-6
1.817E-6
1.316E-6
3.21E-7
8.18E-6
4.249E-6
5.65E-7
5.99E-7
4.37E-7
4.98E-6
9.11E-7
4.35E-7
4.65E-7
5.245E-6
4.09E-7
4.11E-7
1.508E-6
4.15E-7
4.91E-7
4.4E-7
7.166E-6
7.08E-7
8.22E-7
4.83E-7
3.87E-7
2.193E-6
1.0995E-5
7.74E-7
4.41E-7
5.66E-7
1.055E-5
5.54E-7
1.639E-6
8.977E-6
4.6E-7
5.81E-7
4.01E-7
1.374E-6
5.79E-7
5.08E-7
5.482E-6
5.81E-7
7.14E-7
5.721E-6
5.41E-7
6.887E-6
4.71E-7
6.12E-7
5.49E-7
5.2E-7
2.368E-6
4.09E-7
3.79E-7
1.946E-6
1.567E-6
6.86E-7
4.99E-7
8.18E-6
4.15E-7
1.2433E-5
5.94E-7
7.61E-7
4.57E-7
7.098E-6
1.397E-6
1.604E-6
6.277E-6
5.35E-7
1.2883E-5
5.16E-7
3.89E-7
3.44E-7
4.0E-7
7.49E-7
4.21E-7
2.538E-6
9.66E-7
7.17E-7
7.51E-7
4.0E-7
7.22E-7
2.047E-6
1.221E-5
4.83E-7
9.661E-6
6.31E-7
1.2505E-5
4.29E-7
4.78E-7
9.703E-6
7.1E-7
6.22E-7
8.79E-7
4.51E-7
2.46E-6
4.74E-7
4.48E-7
1.2212E-5
3.522E-6
5.34E-7
4.64E-7
1.709E-6
6.265E-6
3.393E-6
5.48E-7
1.081E-6
6.25E-7
5.93E-7
2.367E-6
4.63E-7
1.1337E-5
5.19E-7
4.2E-7
1.238E-6
3.513E-6
4.01E-7
5.33E-7
5.01E-7
1.0877E-5
1.87E-6
3.88E-7
3.61E-7
1.2268E-5
3.89E-7
4.41E-7
9.325E-6
7.12E-7
3.63E-7
4.817E-6
4.0E-7
1.2456E-5
7.303E-6
5.18E-7
4.71E-7
2.386E-6
4.16E-7
5.81E-7
4.742E-6
5.08E-7
1.2013E-5
2.484E-6
5.17E-7
9.674E-6
6.49E-7
1.239E-5
1.755E-6
4.91E-7
5.943E-6
4.38E-7
6.94E-7
6.513E-6
9.15E-7
4.79E-7
4.26E-7
1.1912E-5
4.91E-7
9.349E-6
6.62E-7
4.7E-7
9.18E-6
5.99E-7
2.089E-6
4.75E-7
5.18E-7
1.201E-5
4.3E-7
4.83E-7
9.302E-6
4.47E-7
3.212E-6
4.19E-7
5.255E-6
1.065E-6
4.09E-7
1.549E-6
8.965E-6
1.1887E-5
5.07E-7
9.314E-6
9.51E-7
4.81E-7
1.1923E-5
7.8E-7
1.1602E-5
4.89E-7
8.836E-6
4.9E-7
3.72E-7
4.574E-6
1.2699E-5
1.561E-6
1.222E-6
4.51E-7
9.951E-6
1.1362E-5
5.076E-6
4.01E-7
3.93E-7
1.219E-5
2.058E-6
3.69E-7
8.56E-7
4.84E-7
5.41E-7
1.2308E-5
4.21E-7
7.2E-7
6.41E-7
3.96E-7
2.13E-6
7.125E-6
3.98E-7
1.2041E-5
3.67E-7
5.64E-7
9.53E-6
3.97E-7
1.2327E-5
6.62E-7
3.78E-7
1.1978E-5
5.659E-6
4.06E-7
3.57E-7
1.803E-6
3.82E-7
1.952E-6
4.311E-6
4.37E-7
3.64E-7
4.12E-7
4.29E-7
5.01E-7
4.824E-6
5.09E-7
3.555E-6
4.24E-7
1.116E-6
3.9E-7
1.1596E-5
2.717E-6
8.23E-7
4.41E-7
5.6E-7
1.1091E-5
4.89E-7
5.28E-7
1.835E-6
4.77E-7
1.482E-6
5.2E-7
4.915E-6
4.19E-7
4.17E-7
4.185E-6
3.83E-7
5.71E-7
4.39E-7
3.89E-7
1.1884E-5
5.57E-7
4.12E-7
8.31E-7
7.91E-7
4.58E-7
3.71E-7
1.2362E-5
3.96E-7
5.72E-7
4.261E-6
8.642E-6
5.41E-7
1.1895E-5
5.07E-7
1.52E-6
1.58E-5
5.06E-7
6.19E-7
6.5E-7
3.87E-7
2.327E-6
3.83E-7
2.069E-6
9.258E-6
9.928E-6
4.41E-7
5.68E-7
2.28E-6
4.12E-7
2.036E-6
7.45E-7
4.65E-7
6.43E-7
5.3E-7
1.975E-6
4.334E-6
2.566E-6
3.75E-7
9.815E-6
4.29E-7
1.2078E-5
5.66E-7
1.1958E-5
4.99E-7
5.19E-7
4.022E-6
7.379E-6
4.52E-7
7.63E-7
3.55E-7
4.51E-7
1.026E-5
2.052E-6
4.26E-7
4.15E-7
1.2566E-5
4.8E-7
5.15E-7
4.43E-7
8.371E-6
5.56E-7
3.91E-7
6.195E-6
1.2425E-5
4.53E-7
2.231E-6
4.87E-7
2.179E-6
3.77E-7
4.96E-7
5.31E-7
4.32E-7
4.16E-7
1.323E-6
3.71E-7
6.708E-6
4.23E-7
1.226E-6
6.183E-6
4.8E-7
2.645E-6
1.076E-6
4.73E-7
3.75E-7
9.994E-6
8.784E-6
2.418E-6
6.512E-6
4.33E-7
1.1943E-5
2.025E-6
4.786E-6
4.35E-7
6.48E-7
6.776E-6
6.62E-7
1.1743E-5
1.692E-6
9.311E-6
5.14E-7
5.73E-7
5.01E-7
4.238E-6
1.1208E-5
5.28E-7
1.434E-6
6.196E-6
1.42E-6
4.95E-7
1.121E-6
5.85E-7
1.2449E-5
3.96E-7
8.551E-6
5.55E-7
7.77E-7
4.2E-7
4.27E-7
4.75E-7
7.26E-7
4.55E-7
4.01E-7
1.1687E-5
4.906E-6
2.136E-6
2.491E-6
1.1708E-5
6.12E-7
4.33E-7
8.54E-7
8.26E-7
7.105E-6
4.31E-7
4.09E-7
5.54E-7
5.506E-6
4.89E-7
1.2147E-5
5.5E-7
4.91E-7
9.867E-6
5.75E-7
3.61E-7
5.53E-7
3.68E-7
8.96E-7
6.549E-6
9.619E-6
5.206E-6
1.1484E-5
4.16E-7
9.511E-6
6.6E-7
5.119E-6
9.27E-7
4.53E-7
1.1314E-5
9.21E-7
5.845E-6
3.917E-6
4.05E-7
1.075E-5
1.49E-6
4.33E-7
1.1937E-5
3.94E-7
6.65E-7
2.813E-6
4.15E-7
5.39E-7
4.8E-7
2.562E-6
1.458E-6
1.526E-6
1.3862E-5
5.61E-7
6.492E-6
4.61E-7
4.59E-7
1.0658E-5
4.67E-7
4.6E-7
9.671E-6
5.47E-7
4.47E-7
1.1321E-5
1.481E-6
1.848E-6
4.41E-7
3.87E-7
2.189E-6
5.22E-7
5.4E-7
5.2E-7
9.235E-6
1.695E-6
5.034E-6
6.25E-7
6.254E-6
2.806E-6
3.94E-7
6.427E-6
4.65E-7
5.64E-7
9.826E-6
6.42E-7
1.654E-6
9.805E-6
4.36E-7
1.2051E-5
6.09E-7
1.222E-6
4.48E-7
4.827E-6
4.67E-7
4.62E-7
1.1477E-5
8.716E-6
4.62E-7
6.371E-6
5.65E-7
1.061E-6
3.86E-7
9.59E-7
4.01E-7
7.105E-6
5.35E-7
4.2E-7
6.09E-7
2.319E-6
8.728E-6
7.4E-7
3.568E-6
4.411E-6
5.13E-7
6.586E-6
2.329E-6
4.48E-7
4.96E-7
3.96E-7
1.1959E-5
4.499E-6
5.36E-7
7.89E-7
5.42E-7
3.71E-7
4.26E-7
1.1188E-5
5.33E-7
4.939E-6
4.37E-7
1.0643E-5
5.96E-7
1.2155E-5
6.25E-7
5.79E-7
3.75E-7
2.269E-6
6.33E-7
1.0275E-5
1.646E-6
6.233E-6
1.0208E-5
5.66E-7
3.94E-7
1.2209E-5
1.1615E-5
4.82E-7
1.2944E-5
1.456E-6
1.643E-6
5.87E-7
4.43E-7
1.0745E-5
5.35E-7
1.36E-6
1.74E-6
4.04E-7
4.2E-7
1.2028E-5
6.03E-7
5.39E-7
7.776E-6
6.49E-6
1.568E-6
5.67E-7
4.28E-7
5.17E-7
4.01E-7
1.064E-5
5.25E-7
6.623E-6
6.592E-6
8.736E-6
4.59E-7
4.29E-7
2.387E-6
4.57E-7
9.52E-7
5.98E-7
1.195E-5
1.2465E-5
5.31E-7
3.95E-7
5.79E-7
3.99E-7
4.78E-7
1.1777E-5
5.13E-7
8.87E-7
5.2E-7
3.56E-7
6.113E-6
9.403E-6
1.696E-6
1.66E-6
6.228E-6
1.1556E-5
5.37E-7
1.0497E-5
4.7E-7
9.055E-6
9.98E-7
4.16E-7
3.93E-7
1.0652E-5
2.266E-6
8.14E-7
1.2023E-5
4.13E-7
4.97E-7
1.194E-6
3.727E-6
4.2E-7
1.1625E-5
4.54E-7
4.77E-7
9.321E-6
4.97E-7
5.68E-7
5.62E-7
1.299E-6
5.96E-7
6.047E-6
4.79E-7
8.6E-7
4.32E-7
3.6E-7
4.928E-6
4.71E-7
3.8E-7
3.53E-7
6.52E-6
2.721E-6
5.63E-7
1.2982E-5
7.12E-7
9.04E-7
4.91E-7
4.94E-7
1.711E-6
2.12E-6
3.36E-7
3.86E-7
7.344E-6
6.35E-7
1.731E-6
4.18E-7
3.52E-7
4.54E-7
6.26E-7
4.91E-7
5.1E-7
4.204E-6
4.8E-7
5.66E-7
4.93E-7
4.158E-6
4.24E-7
1.783E-6
8.24E-7
4.94E-7
1.713E-6
4.92E-7
4.75E-7
6.784E-6
4.96E-7
3.324E-6
4.41E-7
8.984E-6
8.3E-7
4.53E-7
1.1757E-5
5.23E-7
8.949E-6
7.139E-6
5.39E-7
1.524E-6
6.336E-6
4.24E-7
2.235E-6
4.46E-7
8.74E-7
7.68E-7
2.063E-6
4.59E-7
5.676E-6
5.23E-7
4.6E-7
1.0806E-5
5.07E-7
4.64E-7
3.86E-7
1.2888E-5
9.446E-6
4.62E-7
4.9E-7
2.385E-6
5.03E-7
5.15E-7
7.26E-7
5.27E-7
1.2397E-5
4.75E-7
6.175E-6
3.69E-7
1.1917E-5
4.56E-7
4.19E-7
7.365E-6
8.826E-6
7.55E-7
6.56E-7
5.98E-7
1.2595E-5
5.3E-7
4.83E-7
1.978E-6
3.85E-7
4.61E-7
4.76E-7
1.925E-6
4.77E-7
7.446E-6
8.37E-7
4.56E-7
9.939E-6
5.03E-7
5.91E-7
2.561E-6
1.621E-6
6.168E-6
5.96E-7
3.71E-7
6.652E-6
5.21E-7
5.04E-7
3.93E-6
5.86E-7
1.596E-6
3.66E-7
3.78E-7
3.74E-7
1.861E-6
4.32E-7
4.722E-6
6.44E-7
5.06E-7
1.1762E-5
4.48E-7
4.8E-7
1.0103E-5
2.608E-6
6.33E-7
4.46E-7
1.646E-6
3.683E-6
4.572E-6
4.36E-7
3.64E-7
4.481E-6
5.62E-7
5.131E-6
4.7E-7
4.97E-7
3.79E-7
4.94E-7
6.02E-7
7.226E-6
5.666E-6
4.33E-7
1.1975E-5
5.75E-7
3.11E-6
4.08E-7
3.92E-7
4.61E-7
1.267E-5
4.79E-7
4.648E-6
4.56E-7
6.882E-6
5.61E-7
3.79E-7
2.843E-6
1.706E-6
4.17E-7
5.88E-7
8.137E-6
4.71E-7
2.303E-6
1.972E-6
1.1615E-5
1.2592E-5
1.0457E-5
1.1982E-5
3.89E-7
2.685E-6
4.26E-7
1.27E-6
1.866E-6
4.99E-7
2.822E-6
1.1665E-5
4.3E-7
2.284E-6
4.9E-7
9.219E-6
8.98E-7
6.704E-6
9.009E-6
4.08E-7
9.741E-6
3.88E-7
1.481E-6
5.97E-7
5.78E-7
1.475E-6
5.18E-7
6.739E-6
4.31E-7
6.358E-6
4.08E-7
4.237E-6
1.1457E-5
3.76E-7
4.73E-7
3.17E-7
3.78E-7
4.642E-6
4.81E-7
4.13E-7
4.27E-7
1.364E-6
5.14E-7
5.13E-7
5.18E-7
7.34E-7
3.89E-7
6.044E-6
5.27E-7
6.795E-6
4.75E-7
1.1268E-5
4.19E-7
4.92E-7
4.66E-7
6.226E-6
3.63E-7
5.04E-7
6.341E-6
3.68E-7
1.249E-6
3.38E-7
3.99E-7
1.95E-6
3.76E-7
4.93E-7
1.1806E-5
4.01E-7
4.43E-7
1.1051E-5
5.681E-6
3.66E-7
5.82E-6
6.92E-7
8.018E-6
3.8E-7
3.41E-7
8.57E-7
5.99E-7
4.57E-7
5.709E-6
5.92E-7
8.874E-6
4.52E-7
5.28E-7
8.462E-6
3.82E-7
4.142E-6
4.558E-6
3.2E-7
1.1935E-5
4.28E-7
1.1479E-5
1.0763E-5
3.86E-7
2.947E-6
1.825E-6
1.71E-6
4.65E-7
1.658E-6
2.719E-6
2.119E-6
3.68E-7
3.98E-7
1.925E-6
4.27E-7
4.17E-7
3.8E-7
6.393E-6
3.96E-7
4.03E-7
9.59E-7
3.72E-7
6.793E-6
8.71E-7
4.84E-7
3.97E-7
5.28E-7
6.34E-7
5.335E-6
7.79E-7
3.61E-7
4.43E-7
6.323E-6
2.344E-6
9.249E-6
5.0E-7
4.05E-7
4.22E-7
2.523E-6
4.942E-6
4.42E-7
3.96E-7
5.03E-7
1.1655E-5
4.67E-7
3.92E-7
3.78E-7
4.52E-7
8.57E-6
1.883E-6
4.774E-6
6.16E-7
1.1495E-5
4.76E-7
4.74E-7
1.123E-5
4.004E-6
3.75E-7
4.15E-7
7.131E-6
4.13E-7
4.73E-7
4.22E-7
4.24E-7
6.899E-6
4.61E-7
1.1803E-5
4.4994E-5
6.73E-7
2.471E-6
4.02E-7
7.89E-7
3.73E-7
1.1945E-5
5.3E-7
9.51E-6
9.114E-6
2.623E-6
3.954E-6
4.0E-7
3.01E-7
2.026E-6
5.33E-7
3.43E-7
4.09E-7
5.23E-7
2.013E-6
5.56E-7
1.969E-6
6.676E-6
5.13E-7
4.58E-7
4.24E-7
5.89E-7
1.125E-5
5.48E-7
5.77E-7
1.0688E-5
5.77E-7
1.2237E-5
4.68E-7
5.99E-7
6.06E-7
4.29E-7
2.299E-6
1.1593E-5
5.22E-7
4.18E-7
4.48E-7
4.22E-7
4.161E-6
4.42E-7
3.72E-7
4.04E-7
1.4293E-5
8.11E-7
2.551E-6
4.85E-7
6.85E-7
1.2359E-5
4.83E-7
5.24E-7
1.0685E-5
5.3E-7
1.0532E-5
6.95E-7
2.008E-6
4.61E-7
9.0E-6
1.075E-6
7.57E-7
4.3E-7
6.83E-7
5.48E-7
5.462E-6
7.81E-7
3.79E-7
7.77E-7
5.7E-7
3.55E-7
4.1E-7
1.885E-6
2.082E-6
5.994E-6
4.12E-7
2.047E-6
5.4E-7
4.44E-7
3.621E-6
7.87E-7
7.97E-7
9.22E-7
4.93E-7
5.76E-7
4.06E-7
1.183E-6
4.4E-7
3.97E-7
1.0773E-5
4.689E-6
4.75E-7
6.193E-6
7.988E-6
4.7E-7
1.3287E-5
1.507E-6
6.0E-7
2.21E-6
5.36E-7
4.3E-7
1.1316E-5
9.183E-6
2.74E-6
4.29E-7
7.325E-6
1.1567E-5
6.176E-6
1.514E-6
4.33E-7
4.72E-7
4.156E-6
6.17E-6
4.266E-6
5.09E-7
5.75E-7
3.84E-7
7.093E-6
5.74E-7
1.0942E-5
4.28E-7
4.94E-7
5.806E-6
9.489E-6
1.736E-6
4.15E-7
6.276E-6
3.84E-7
1.506E-6
3.66E-7
7.93E-7
1.1372E-5
1.8E-6
3.77E-7
6.63E-7
2.24E-6
5.224E-6
3.99E-7
2.527E-6
3.92E-7
1.0359E-5
4.01E-7
3.69E-7
4.07E-7
4.88E-7
3.837E-6
4.46E-7
3.83E-7
4.21E-7
4.84E-7
3.94E-7
1.835E-6
3.95E-7
4.33E-7
1.807E-6
4.27E-7
4.843E-6
3.49E-7
3.64E-7
6.21E-7
4.42E-7
4.12E-7
9.805E-6
2.255E-6
3.53E-7
1.445E-6
3.95E-7
4.149E-6
1.518E-6
5.888E-6
3.306E-6
4.98E-7
2.016E-6
2.074E-6
9.238E-6
4.05E-7
4.184E-6
5.01E-7
6.642E-6
3.79E-7
3.78E-7
1.0992E-5
6.59E-7
5.07E-7
3.94E-7
9.231E-6
8.542E-6
8.851E-6
3.86E-7
1.1556E-5
4.19E-7
3.52E-7
2.646E-6
1.368E-6
4.62E-7
5.87E-7
4.19E-7
2.296E-6
6.01E-7
3.84E-7
9.131E-6
5.22E-7
1.77E-6
1.1281E-5
3.78E-7
1.378E-6
4.29E-7
4.07E-7
3.64E-7
1.0979E-5
9.413E-6
4.02E-7
8.595E-6
5.61E-7
6.32E-7
4.7E-7
8.75E-7
6.378E-6
4.38E-7
4.0E-7
9.253E-6
5.76E-7
1.508E-6
2.116E-6
3.95E-7
4.43E-7
4.19E-7
4.522E-6
1.1776E-5
4.75E-7
4.17E-7
1.1618E-5
4.04E-7
9.472E-6
4.25E-7
2.081E-6
4.26E-7
1.328E-6
4.4E-7
1.1462E-5
5.77E-7
4.04E-7
2.276E-6
8.121E-6
4.17E-7
5.29E-7
3.9E-6
6.42E-7
4.97E-7
4.15E-7
3.956E-6
3.89E-7
9.61E-7
3.68E-7
3.83E-7
5.88E-7
3.71E-7
5.46E-7
8.41E-7
9.9E-7
6.02E-7
6.268E-6
3.82E-7
4.0E-7
5.94E-7
1.3044E-5
5.04E-7
1.0986E-5
2.677E-6
5.2E-7
2.072E-6
3.9E-7
7.45E-7
3.95E-7
1.9E-6
5.1E-7
9.441E-6
4.3E-7
9.489E-6
1.893E-6
3.55E-7
5.24E-7
1.1006E-5
1.661E-6
3.4E-7
4.09E-7
5.532E-6
9.378E-6
6.2E-7
4.75E-7
2.609E-6
4.08E-7
6.46E-7
4.15E-7
5.742E-6
3.39E-7
1.1387E-5
1.636E-6
5.814E-6
4.04E-7
5.748E-6
4.64E-7
4.24E-7
7.519E-6
8.141E-6
3.8E-7
6.367E-6
5.57E-7
6.99E-7
5.044E-6
3.62E-7
1.453E-6
7.96E-7
4.552E-6
5.2E-7
3.99E-7
6.045E-6
3.594E-6
4.815E-6
4.436E-6
6.911E-6
5.35E-6
6.552E-6
3.21E-7
2.36E-7
8.545E-6
2.93E-7
1.562E-6
3.01E-7
2.23E-7
6.459E-6
2.5E-7
2.21E-7
6.234E-6
1.442E-6
2.412E-6
2.82E-7
6.659E-6
2.739E-6
2.33E-7
2.1E-7
4.561E-6
2.29E-7
4.9E-6
2.35E-7
2.28E-7
3.14E-7
1.38E-6
2.35E-7
2.22E-7
4.062E-6
3.641E-6
2.3E-7
5.156E-6
2.85E-7
8.22E-7
2.66E-7
3.25E-7
1.175E-6
2.7E-7
5.256E-6
4.142E-6
2.14E-7
2.22E-7
1.392E-6
5.016E-6
2.79E-7
1.371E-6
6.23E-7
2.65E-7
3.49E-6
2.23E-7
2.32E-7
5.213E-6
2.43E-7
8.67E-7
8.63E-7
3.291E-6
2.36E-7
5.198E-6
2.47E-7
2.4E-7
2.31E-7
9.86E-7
2.37E-7
4.049E-6
5.666E-6
2.28E-7
2.1E-7
3.19E-7
2.14E-7
3.073E-6
2.21E-7
3.583E-6
8.62E-7
2.26E-7
2.77E-7
3.94E-6
2.39E-7
4.94E-6
1.429E-6
2.43E-7
2.67E-7
3.478E-6
2.29E-7
2.34E-7
9.58E-7
2.49E-7
1.107E-6
2.33E-7
4.663E-6
2.66E-7
2.6E-7
1.217E-6
2.44E-7
9.09E-7
3.9E-7
2.38E-7
6.381E-6
2.307E-6
2.38E-7
3.0E-7
2.56E-7
2.46E-7
2.18E-7
5.771E-6
7.99E-7
2.29E-7
5.063E-6
2.37E-7
1.117E-6
2.44E-7
2.82E-7
4.376E-6
2.17E-7
2.552E-6
2.16E-7
2.16E-7
2.16E-7
1.322E-6
2.27E-7
2.13E-7
3.764E-6
2.239E-6
2.62E-7
1.006E-6
2.62E-7
2.4E-7
1.187E-6
1.375E-6
7.89E-7
8.13E-7
3.294E-6
2.33E-7
2.29E-7
3.437E-6
8.31E-7
2.16E-7
2.25E-7
4.043E-6
2.29E-7
2.506E-6
3.12E-7
4.593E-6
6.55E-7
2.1E-7
2.747E-6
5.593E-6
3.34E-7
2.12E-7
5.298E-6
2.17E-7
5.301E-6
3.39E-7
5.01E-7
3.68E-7
4.921E-6
1.075E-6
2.829E-6
4.71E-7
3.35E-7
4.764E-6
4.67E-7
2.53E-7
2.57E-7
2.31E-7
1.086E-6
8.59E-7
3.331E-6
2.36E-7
6.466E-6
2.17E-7
4.42E-7
2.12E-7
6.454E-6
2.625E-6
3.16E-7
6.37E-7
2.11E-7
3.87E-7
1.078E-6
2.3E-7
9.91E-7
9.9E-7
2.62E-7
2.51E-7
2.65E-7
1.426E-6
2.22E-7
2.23E-7
5.886E-6
2.83E-7
1.167E-6
6.703E-6
8.48E-7
3.732E-6
3.18E-7
2.23E-7
5.647E-6
2.43E-7
4.184E-6
5.396E-6
1.741E-6
2.61E-7
2.19E-7
3.43E-7
3.946E-6
3.975E-6
2.42E-7
3.38E-7
2.39E-7
3.287E-6
2.54E-7
6.531E-6
2.34E-7
1.393E-6
2.13E-7
2.47E-7
6.431E-6
2.73E-7
2.07E-7
4.75E-7
2.511E-6
4.81E-7
2.42E-7
2.63E-7
5.091E-6
1.997E-6
2.309E-6
2.26E-7
3.21E-7
5.914E-6
2.23E-7
3.28E-7
4.023E-6
2.3E-7
3.257E-6
2.29E-7
2.26E-7
5.402E-6
2.58E-7
2.71E-7
3.21E-7
2.66E-7
2.22E-7
6.27E-7
1.18E-6
3.675E-6
2.92E-7
2.19E-7
2.27E-7
2.48E-7
2.51E-7
5.222E-6
2.33E-7
3.122E-6
1.506E-6
3.55E-7
1.154E-6
2.28E-7
2.39E-7
6.457E-6
2.26E-7
2.69E-7
2.32E-7
1.135E-6
2.64E-7
8.32E-7
3.359E-6
1.12E-6
2.22E-7
2.12E-7
6.503E-6
8.15E-7
3.429E-6
1.013E-6
2.786E-6
8.2E-7
3.19E-7
3.9E-7
6.346E-6
2.46E-7
5.391E-6
1.441E-6
2.39E-7
2.13E-7
7.32E-7
2.23E-7
1.2E-6
3.0E-7
3.26E-7
4.56E-6
2.7E-7
2.75E-7
5.29E-7
9.05E-7
2.1E-7
2.11E-7
3.833E-6
3.4E-7
2.442E-6
2.54E-7
2.06E-7
4.951E-6
5.838E-6
2.21E-7
3.41E-7
3.06E-7
8.13E-7
2.82E-7
2.36E-7
3.53E-7
2.11E-7
5.194E-6
3.831E-6
2.77E-7
3.022E-6
2.08E-7
2.11E-7
2.23E-7
3.585E-6
2.08E-7
4.09E-6
2.516E-6
1.006E-6
2.18E-7
2.18E-7
1.559E-6
2.14E-7
2.71E-7
2.2E-7
3.81E-7
2.06E-7
2.23E-7
2.28E-7
2.565E-6
3.015E-6
3.66E-7
2.29E-7
4.136E-6
2.23E-7
2.21E-7
2.82E-6
5.129E-6
5.2E-7
2.95E-7
2.41E-7
6.563E-6
2.32E-7
2.63E-7
6.428E-6
3.32E-7
3.98E-7
2.2E-7
2.198E-6
2.71E-7
2.2E-7
5.25E-7
1.11E-6
2.31E-7
2.09E-7
1.772E-6
2.26E-7
3.21E-7
3.62E-7
7.54E-7
2.4E-7
1.038E-6
3.28E-7
2.63E-7
2.61E-7
2.19E-7
1.243E-6
2.84E-7
3.37E-7
2.16E-7
1.018E-6
2.32E-7
6.954E-6
4.0E-7
2.829E-6
2.15E-7
4.131E-6
2.54E-7
6.726E-6
2.48E-7
2.43E-7
1.351E-6
2.63E-7
3.4E-7
2.29E-7
2.66E-7
6.184E-6
2.16E-7
3.03E-7
5.814E-6
4.04E-7
2.79E-7
2.65E-7
3.34E-7
2.34E-7
2.03E-7
2.14E-7
3.68E-6
3.34E-7
2.26E-7
2.22E-7
2.325E-6
2.34E-7
2.17E-7
1.032E-6
2.32E-7
3.49E-7
1.975E-6
6.541E-6
8.65E-7
6.361E-6
1.817E-6
2.45E-7
2.13E-7
3.652E-6
2.37E-7
2.29E-7
4.121E-6
2.22E-7
1.232E-6
3.56E-7
9.85E-7
3.0E-7
2.72E-7
1.104E-6
4.061E-6
6.43E-7
3.45E-7
7.029E-6
2.35E-7
2.15E-7
5.739E-6
2.27E-7
2.35E-7
2.28E-7
2.97E-7
8.06E-7
4.926E-6
2.23E-7
1.189E-6
1.042E-6
3.977E-6
1.321E-6
2.53E-7
6.607E-6
3.551E-6
2.59E-7
2.1E-7
2.32E-7
1.479E-6
2.3E-7
2.08E-7
2.345E-6
2.27E-7
1.255E-6
6.573E-6
6.789E-6
2.25E-7
6.018E-6
2.29E-7
8.03E-7
5.007E-6
6.17E-6
6.4E-7
6.356E-6
2.46E-7
4.4E-7
2.91E-7
2.32E-7
3.16E-7
3.35E-7
2.61E-7
2.73E-7
2.23E-7
4.94E-7
2.283E-6
2.52E-7
6.273E-6
2.26E-7
6.498E-6
2.21E-7
6.26E-7
3.41E-7
3.992E-6
4.177E-6
2.2E-7
9.53E-7
2.78E-7
1.283E-6
2.39E-7
2.72E-7
2.72E-7
3.1E-7
6.369E-6
6.474E-6
2.29E-7
2.79E-7
3.04E-6
6.223E-6
2.96E-7
8.92E-7
3.48E-7
2.36E-7
8.93E-7
2.51E-7
2.61E-7
3.05E-7
6.306E-6
2.63E-7
2.69E-7
5.597E-6
2.79E-7
6.855E-6
2.4E-7
1.508E-6
3.54E-7
3.335E-6
3.998E-6
2.46E-7
3.34E-7
1.201E-6
5.709E-6
2.39E-7
4.83E-7
2.21E-7
5.065E-6
6.24E-7
2.35E-7
2.29E-7
2.17E-7
2.23E-7
3.1E-7
6.375E-6
3.17E-7
2.21E-7
2.24E-7
3.98E-7
6.716E-6
4.765E-6
2.39E-7
1.949E-6
7.861E-6
3.12E-7
2.59E-7
3.772E-6
4.15E-7
4.817E-6
2.38E-7
2.823E-6
2.4E-7
1.18E-6
6.939E-6
2.28E-7
2.35E-7
6.199E-6
2.78E-7
1.959E-6
2.41E-7
2.32E-7
6.09E-7
2.26E-7
3.822E-6
4.779E-6
2.25E-7
2.29E-7
1.9E-6
6.466E-6
2.27E-7
2.77E-7
4.05E-7
4.82E-6
2.24E-7
2.49E-7
2.753E-6
2.527E-6
2.26E-7
2.14E-7
2.51E-7
9.04E-7
3.16E-7
8.07E-7
3.0E-7
2.38E-7
2.8E-7
6.46E-6
2.37E-7
1.013E-6
2.31E-7
2.38E-7
2.38E-7
2.49E-7
8.85E-7
2.35E-7
2.14E-7
2.78E-7
3.379E-6
2.68E-7
6.663E-6
2.34E-7
3.03E-7
3.047E-6
2.56E-7
4.249E-6
2.34E-7
3.02E-7
1.023E-6
