1.58019E-4
4.865E-5
1.344E-6
8.11E-7
4.7928E-5
7.37E-7
5.7794E-5
6.42E-7
6.27E-7
4.5155E-5
1.085E-6
5.9041E-5
7.7E-7
4.0438E-5
6.92E-7
5.2211E-5
7.59E-7
4.3647E-5
4.86E-7
4.3734E-5
1.6368E-5
6.51E-7
3.609E-6
1.18E-6
5.63E-7
4.97E-7
1.1961E-5
4.75E-7
3.5148E-5
2.789E-6
5.46E-7
4.1631E-5
4.55E-7
5.1787E-5
4.3245E-5
6.65E-7
3.2853E-5
4.91E-7
4.6455E-5
5.69E-7
4.19E-7
5.38E-7
5.8E-7
4.41E-7
2.041E-6
5.13E-7
4.8162E-5
3.6792E-5
5.54E-7
4.7879E-5
5.46E-7
2.02E-6
3.82E-7
4.1944E-5
4.0706E-5
4.75E-7
4.17E-7
5.0933E-5
4.98E-7
4.2681E-5
4.8042E-5
3.9554E-5
4.1633E-5
6.44E-7
2.0101E-5
6.23E-7
4.105E-5
4.665E-5
4.78E-7
6.04E-7
4.73E-7
3.581E-6
4.5108E-5
5.07E-7
4.12E-7
4.0721E-5
3.956E-5
5.1318E-5
4.76E-7
4.2125E-5
2.111E-6
6.55E-7
6.53E-7
4.1479E-5
4.7796E-5
5.82E-7
4.57E-7
4.6144E-5
6.64E-7
4.6693E-5
6.39E-7
4.26E-7
3.096E-6
1.7965E-5
4.26E-7
4.8797E-5
3.0278E-5
8.98E-7
5.27E-7
3.41E-7
6.06E-7
3.51E-7
1.679E-6
3.89E-7
2.7892E-5
9.78E-7
4.67E-7
4.2847E-5
3.6958E-5
4.64E-7
3.698E-6
4.1935E-5
4.26E-7
3.31E-7
3.3785E-5
4.6587E-5
4.0565E-5
4.48E-7
4.3154E-5
4.66E-7
3.86E-7
1.5273E-5
1.2445E-5
3.4396E-5
6.79E-7
5.22E-7
4.9177E-5
4.87E-7
3.9944E-5
5.97E-7
4.2537E-5
4.6E-7
5.47E-7
4.8423E-5
4.38E-7
3.31E-7
3.582E-6
3.3941E-5
2.175E-6
1.941E-6
3.6221E-5
5.45E-7
5.11E-7
1.259E-6
4.25E-7
4.8856E-5
1.236E-6
5.81E-7
4.6082E-5
3.9809E-5
4.2098E-5
1.006E-5
7.76E-7
6.34E-7
6.53E-7
6.1E-7
4.82E-7
1.587E-6
4.1895E-5
6.4E-7
4.3554E-5
4.66E-7
5.41E-7
4.0E-7
3.97E-7
4.558E-5
7.12E-7
7.48E-7
5.2039E-5
6.1E-7
5.67E-7
5.26E-7
5.16E-7
4.58E-7
3.236E-6
3.128E-6
5.32E-7
4.46E-7
7.01E-7
1.6308E-5
4.03E-7
4.4816E-5
4.8E-7
4.6953E-5
3.646E-5
1.723E-6
3.61E-7
4.605E-5
4.4261E-5
5.44E-7
5.43E-7
3.93E-7
4.1132E-5
9.62E-7
3.91E-7
3.4841E-5
4.1107E-5
4.4E-7
5.0E-7
1.557E-6
1.189E-6
4.77E-7
3.32E-7
4.473E-5
6.56E-7
4.76E-7
3.62E-7
4.2E-7
2.423E-6
4.8992E-5
4.53E-7
5.09E-7
4.81E-7
4.584E-5
5.18E-7
2.515E-6
4.6405E-5
4.33E-7
5.27E-7
4.49E-7
1.413E-6
3.65E-7
3.69E-7
4.3204E-5
4.75E-7
5.57E-7
3.0889E-5
1.196E-6
4.6175E-5
5.09E-7
5.45E-7
5.54E-7
2.728E-5
3.8067E-5
4.7E-7
4.04E-7
4.9967E-5
1.855E-6
5.38E-7
3.37E-7
4.5921E-5
4.65E-7
1.703E-5
5.29E-7
6.78E-7
3.64E-7
4.6217E-5
3.7319E-5
2.563E-6
4.3825E-5
4.63E-7
5.1223E-5
5.54E-7
4.57E-7
4.28E-7
1.119E-6
3.595E-5
4.15E-7
6.27E-7
3.2343E-5
4.43E-7
3.97E-7
3.32E-7
1.521E-6
2.17E-6
3.0413E-5
4.36E-7
4.6513E-5
5.65E-7
1.643E-5
5.89E-7
5.33E-7
4.6938E-5
6.01E-7
5.53E-7
4.17E-7
3.78E-7
2.8713E-5
3.84E-7
3.79E-7
5.1948E-5
3.959E-6
3.48E-7
2.6884E-5
2.415E-6
4.43E-5
3.463E-6
5.04E-7
3.9039E-5
5.56E-7
5.47E-7
4.9502E-5
4.69E-7
4.3082E-5
4.87E-7
4.49E-7
4.8095E-5
3.601E-6
3.3E-7
3.4529E-5
4.94E-7
4.8606E-5
2.785E-6
4.29E-7
3.3E-7
4.9606E-5
4.26E-7
4.09E-7
4.9678E-5
3.4532E-5
4.93E-7
5.215E-6
5.63E-7
4.7483E-5
4.7196E-5
4.19E-7
4.22E-7
5.118E-5
4.06E-7
4.8E-7
4.756E-6
4.68E-7
5.1516E-5
3.5916E-5
4.43E-7
4.729E-5
6.7E-7
4.6451E-5
3.4466E-5
4.02E-7
4.3219E-5
4.21E-7
4.01E-7
4.0861E-5
7.32E-7
3.36E-7
3.16E-7
4.6616E-5
3.6E-7
4.4377E-5
3.94E-7
4.82E-7
4.6367E-5
3.84E-7
4.6187E-5
4.92E-7
7.88E-7
1.521E-5
3.97E-7
3.99E-7
4.27E-5
4.99E-7
3.7165E-5
4.77E-7
4.0492E-5
3.492E-5
3.83E-7
1.902E-6
3.3345E-5
4.5046E-5
4.24E-7
4.1963E-5
3.2406E-5
4.49E-7
4.7466E-5
5.41E-7
2.9816E-5
3.69E-7
1.0318E-5
4.65E-7
3.41E-7
3.8813E-5
4.6978E-5
1.944E-6
1.268E-6
3.52E-7
4.4548E-5
1.2772E-5
4.2945E-5
4.48E-7
4.47E-7
4.7494E-5
4.6783E-5
5.82E-7
8.99E-7
4.42E-7
5.07E-7
1.5149E-5
5.69E-7
3.3871E-5
5.2E-7
3.81E-7
1.942E-6
3.3502E-5
3.36E-7
9.765E-6
3.1E-7
2.0E-7
2.7541E-5
2.6E-7
2.9366E-5
4.04E-7
4.05E-7
2.9285E-5
2.6123E-5
2.83E-7
2.86E-7
2.8258E-5
3.59E-7
1.458E-6
2.5063E-5
2.87E-7
2.39E-7
1.8E-7
1.89E-7
8.32E-7
2.5263E-5
2.91E-7
2.215E-6
2.55E-7
7.53E-7
2.37E-7
2.8629E-5
2.1243E-5
6.84E-7
3.83E-7
4.24E-7
1.3216E-5
2.87E-7
3.6E-7
2.1645E-5
2.49E-7
1.003E-6
2.21E-7
7.89E-7
2.41E-7
2.72E-7
2.4939E-5
2.64E-7
3.9E-7
2.55E-7
2.4E-7
2.896E-5
7.68E-7
2.15E-7
1.699E-6
4.49E-7
1.82E-7
2.36E-7
2.933E-5
2.64E-7
4.26E-7
2.5946E-5
2.7858E-5
4.04E-7
9.118E-6
2.39E-7
1.28E-6
2.5545E-5
3.08E-7
2.99E-7
3.82E-7
2.66E-7
4.523E-5
4.49E-7
4.8939E-5
4.1308E-5
1.0886E-5
3.34E-7
1.349E-6
4.5383E-5
1.003E-6
3.5225E-5
1.334E-6
5.69E-7
2.6641E-5
4.34E-7
5.0118E-5
3.9673E-5
3.3697E-5
3.77E-7
4.3948E-5
4.42E-7
4.5657E-5
5.19E-7
1.5089E-5
4.16E-7
4.59E-7
4.0098E-5
4.2316E-5
4.56E-7
5.33E-7
4.15E-7
1.57E-6
3.0308E-5
4.5372E-5
5.51E-7
3.84E-7
4.6415E-5
4.73E-7
4.95E-7
5.01E-7
4.593E-5
5.74E-7
3.64E-7
4.0739E-5
4.6561E-5
4.25E-7
2.458E-6
3.59E-7
4.5717E-5
5.1E-7
6.27E-7
2.3991E-5
4.6E-7
3.63E-7
2.411E-6
2.8E-7
4.3037E-5
4.08E-7
1.329E-6
4.0359E-5
3.8E-7
2.55E-6
6.91E-7
3.3E-7
3.19E-7
4.4037E-5
1.5358E-5
2.268E-6
3.9465E-5
3.94E-7
4.8804E-5
2.346E-6
3.9959E-5
4.99E-7
5.89E-7
4.1886E-5
5.61E-7
4.708E-5
2.256E-6
4.8235E-5
4.58E-7
5.95E-7
5.32E-7
5.4134E-5
1.9531E-5
6.29E-7
2.896E-6
3.9811E-5
2.272E-6
4.73E-7
6.73E-7
5.51E-7
4.7128E-5
4.9E-7
2.001E-5
4.29E-7
2.77E-5
6.1E-7
4.43E-7
4.68E-7
5.48E-7
3.17E-7
4.49E-7
4.9287E-5
3.9689E-5
3.5893E-5
3.5111E-5
4.6217E-5
1.81E-6
3.52E-7
9.39E-7
6.24E-7
4.4172E-5
3.75E-7
4.01E-7
8.03E-7
4.0113E-5
3.2865E-5
4.7165E-5
4.54E-7
1.059E-6
4.3888E-5
4.14E-7
1.166E-6
3.1419E-5
3.92E-7
4.08E-7
1.8702E-5
4.3553E-5
3.9435E-5
4.5691E-5
3.85E-7
4.6513E-5
4.27E-7
4.0047E-5
1.169E-6
3.61E-7
1.1796E-5
3.1802E-5
4.0249E-5
3.9163E-5
5.73E-7
4.7731E-5
2.601E-6
2.859E-6
1.69682E-4
1.121E-6
7.72E-7
2.87E-6
9.16E-7
2.828E-6
5.45E-7
4.9275E-5
3.001E-6
1.802E-6
4.9545E-5
5.84E-7
4.3073E-5
5.8E-7
3.37E-7
5.17E-5
5.32E-7
1.098E-6
4.4928E-5
4.05E-7
4.52E-7
2.3342E-5
1.849E-6
3.4911E-5
3.98E-7
4.86E-7
2.2824E-5
3.04E-7
4.53E-7
3.12E-7
2.8489E-5
2.551E-5
2.5807E-5
5.065E-6
2.6361E-5
1.1947E-5
3.09E-7
2.395E-5
3.1E-7
6.6E-7
3.0146E-5
4.79E-7
1.211E-6
2.8234E-5
3.79E-7
9.293E-6
3.25E-7
2.6378E-5
2.63E-7
3.3942E-5
7.06E-7
4.45E-7
1.3489E-5
4.5132E-5
4.39E-7
1.8975E-5
4.19E-7
6.05E-7
3.41E-7
8.05E-7
4.07E-7
4.3277E-5
5.17E-7
3.68E-7
5.38E-7
2.463E-6
1.6034E-5
5.19E-7
3.246E-6
3.9676E-5
3.8E-7
4.2505E-5
2.611E-6
3.94E-7
3.95E-7
4.19E-7
4.8874E-5
3.9823E-5
4.24E-7
3.56E-6
5.96E-7
5.69E-7
6.96E-7
4.6544E-5
5.45E-7
4.1376E-5
5.02E-7
4.5225E-5
5.9E-7
1.5881E-5
5.18E-7
2.914E-5
5.18E-7
4.9208E-5
4.59E-7
2.6583E-5
2.421E-6
4.1427E-5
1.7536E-5
4.38E-7
3.82E-7
4.8373E-5
5.0002E-5
4.43E-7
2.5734E-5
4.5956E-5
2.782E-6
5.69E-7
3.94E-7
4.6516E-5
4.0E-7
2.186E-6
2.835E-6
2.6E-7
4.9E-7
4.559E-5
6.11E-7
7.6E-7
4.6147E-5
4.001E-5
1.932E-6
5.24E-7
3.76E-7
5.04E-7
3.97E-7
3.9656E-5
8.8E-7
3.1186E-5
8.0997E-5
1.6109E-5
4.81E-7
3.31E-7
5.2564E-5
5.4E-7
8.3E-7
5.29E-7
4.7947E-5
3.5523E-5
5.7E-7
3.79E-7
5.64E-7
3.69E-7
2.93E-7
4.6542E-5
4.42E-7
9.19E-7
4.07E-7
4.01E-7
4.4546E-5
4.5723E-5
1.596E-6
2.581E-6
4.2055E-5
4.5307E-5
5.66E-7
4.6871E-5
3.59E-7
4.7425E-5
4.96E-7
3.34E-7
3.86E-7
3.009E-5
3.7992E-5
1.732E-6
5.1765E-5
4.65E-7
3.13E-7
3.7278E-5
4.6976E-5
4.99E-7
1.7922E-5
5.34E-7
3.3843E-5
3.2236E-5
1.272E-6
5.77E-7
6.29E-7
9.94E-7
4.66E-7
4.0779E-5
5.35E-7
8.11E-7
3.58E-7
4.99E-7
4.0672E-5
6.53E-7
5.21E-7
6.47E-7
4.2249E-5
3.6809E-5
4.21E-7
4.9203E-5
6.95E-7
1.026E-6
3.427E-5
6.27E-7
1.914E-6
4.6424E-5
4.89E-7
4.86E-7
4.1529E-5
7.98E-7
4.7351E-5
4.83E-7
5.87E-7
1.088E-6
2.868E-5
5.0E-7
4.27E-7
3.8779E-5
4.66E-7
4.06E-7
4.96E-7
3.8532E-5
7.11E-7
2.241E-6
8.99E-7
3.98E-7
1.9306E-5
4.32E-7
5.29E-7
4.3777E-5
4.23E-7
3.342E-6
3.64E-7
1.0572E-5
7.41E-7
5.49E-7
2.901E-5
4.27E-7
4.3575E-5
4.1973E-5
5.57E-7
2.655E-6
4.0662E-5
4.02E-7
4.9613E-5
5.64E-7
6.66E-7
4.0E-7
2.036E-6
4.29E-7
4.0417E-5
6.48E-7
3.35E-7
4.5546E-5
4.68E-7
4.16E-7
3.27E-7
4.6661E-5
4.164E-5
3.9E-7
5.09E-7
4.8682E-5
5.91E-7
3.38E-7
3.2453E-5
7.56E-7
1.4954E-5
3.71E-7
3.9646E-5
4.16E-7
4.3094E-5
4.41E-7
9.37E-7
4.3178E-5
1.5672E-5
6.16E-7
7.58E-7
5.27E-7
3.5224E-5
5.54E-7
6.02E-7
4.7239E-5
4.27E-7
3.74E-7
4.33E-7
4.5596E-5
7.29E-7
4.0136E-5
7.74E-7
3.32E-7
4.5746E-5
5.04E-7
5.21E-7
2.247E-6
2.698E-6
3.928E-5
6.24E-7
3.37E-7
4.0677E-5
3.0695E-5
5.64E-7
3.7323E-5
5.33E-7
3.7179E-5
6.4E-7
4.03E-7
3.19E-7
1.686E-6
4.99E-7
3.9576E-5
4.49E-7
5.94E-7
4.7467E-5
4.51E-7
2.975E-6
4.4997E-5
3.4086E-5
7.91E-7
3.31E-7
2.402E-6
3.647E-6
4.3134E-5
5.31E-7
3.81E-7
3.8913E-5
4.95E-7
4.0067E-5
3.3915E-5
4.49E-7
3.65E-7
5.25E-7
5.74E-7
2.5879E-5
4.0453E-5
5.25E-7
3.2681E-5
5.45E-7
3.7269E-5
6.33E-7
3.76E-7
1.203E-6
4.767E-5
5.35E-7
1.7781E-5
5.91E-7
4.1284E-5
5.66E-7
3.9E-7
3.7923E-5
4.9947E-5
4.89E-7
6.3E-7
4.381E-5
4.66E-7
4.6723E-5
2.831E-6
1.7125E-5
4.654E-5
4.8445E-5
4.6862E-5
4.66E-7
3.6539E-5
6.14E-7
1.163E-6
3.5234E-5
5.62E-7
6.5848E-5
5.0121E-5
5.12E-7
4.7874E-5
4.62E-7
4.5961E-5
6.05E-7
4.1363E-5
4.4678E-5
5.15E-7
4.7933E-5
4.4937E-5
1.778E-6
4.67E-7
5.67E-7
2.531E-6
4.18E-7
4.2283E-5
4.13E-7
4.1756E-5
4.76E-7
4.2604E-5
4.7385E-5
4.37E-7
4.29E-7
3.77E-7
1.03E-6
4.0526E-5
5.15E-7
4.1E-7
5.4E-7
1.539E-6
5.18E-7
3.61E-7
5.84E-7
2.4732E-5
5.28E-7
4.1614E-5
1.135E-6
4.1898E-5
4.62E-7
4.9551E-5
4.89E-7
4.42E-7
5.97E-7
4.1537E-5
8.09E-7
3.7E-7
4.1833E-5
5.08E-7
4.5951E-5
4.1E-7
4.46E-7
4.903E-5
5.94E-7
4.14E-7
1.5333E-5
3.87E-7
3.63E-7
4.3207E-5
4.1388E-5
4.12E-7
3.9991E-5
5.41E-7
1.8425E-5
6.49E-7
9.08E-7
3.1023E-5
7.07E-7
6.97E-7
4.3639E-5
7.23E-7
4.5226E-5
5.28E-7
3.87E-7
4.4282E-5
4.61E-7
3.9886E-5
4.0241E-5
5.18E-7
4.5413E-5
4.51E-7
4.7775E-5
2.8868E-5
3.94E-7
3.6321E-5
2.134E-6
1.66E-6
4.1E-7
2.87E-6
3.6439E-5
3.7894E-5
5.8E-7
3.07E-7
3.5565E-5
4.94E-7
3.65E-7
3.68E-7
4.2282E-5
4.95E-7
3.7E-7
3.2379E-5
4.91E-7
2.0388E-5
5.21E-7
5.73E-7
3.97E-7
3.7E-7
4.57E-7
5.376E-6
7.82E-7
4.63E-7
3.45E-7
4.0709E-5
3.39E-6
4.1383E-5
6.94E-7
3.45E-7
4.77E-7
3.5895E-5
4.0053E-5
5.03E-7
4.01E-7
2.4568E-5
4.7216E-5
6.8E-7
3.57E-7
9.45E-7
3.8E-7
4.7312E-5
3.5764E-5
4.0265E-5
8.631E-6
3.5E-5
5.09E-7
3.69E-7
2.7519E-5
2.7919E-5
7.84E-7
3.16E-7
2.7415E-5
2.91E-7
3.88E-7
3.62E-7
2.63E-7
2.6617E-5
3.91E-7
2.9277E-5
6.25E-6
3.82E-7
2.2175E-5
3.77E-7
4.64E-7
2.82E-7
2.9991E-5
2.77E-7
2.7995E-5
2.8172E-5
2.1093E-5
1.2816E-5
2.98E-7
2.69E-7
2.1398E-5
3.17E-7
2.57E-7
1.94E-7
1.8146E-5
2.7273E-5
2.81E-7
1.586E-6
9.467E-6
3.86E-7
2.0091E-5
2.34E-7
1.76E-7
1.7188E-5
2.13E-7
2.07E-7
4.552E-6
2.11E-7
3.1767E-5
3.69E-7
4.47E-7
5.18E-7
3.34E-7
2.094E-6
3.1387E-5
2.77E-7
2.13E-7
3.34E-7
2.81E-7
2.5616E-5
2.77E-7
2.01E-7
2.64E-7
2.8802E-5
3.95E-7
2.8408E-5
2.93E-7
4.38E-7
9.117E-6
2.38E-7
2.41E-7
2.9034E-5
3.14E-7
2.8346E-5
2.33E-7
2.714E-5
2.27E-7
2.824E-5
9.16E-7
3.21E-7
2.57E-7
2.06E-7
2.55E-7
3.527E-6
2.0E-7
2.42E-7
4.32E-7
3.73E-7
1.79E-7
1.74E-7
2.2426E-5
1.382E-6
2.5473E-5
2.66E-7
2.0773E-5
2.41E-7
2.45E-7
2.302E-6
3.96E-7
6.66E-7
2.72E-7
1.999E-5
2.83E-7
2.43E-7
1.955E-5
2.35E-7
2.03E-7
1.5517E-5
2.574E-5
2.69E-7
3.0158E-5
1.4282E-5
3.93E-7
2.8337E-5
1.745E-6
3.71E-7
2.2518E-5
2.61E-7
2.01E-7
2.9068E-5
2.9728E-5
2.1005E-5
3.02E-7
1.879E-5
2.8463E-5
4.2331E-5
2.4643E-5
3.19E-7
2.82E-7
2.4954E-5
1.4946E-5
5.191E-6
2.54E-7
2.72E-7
6.26E-7
2.6075E-5
2.96E-7
1.9008E-5
3.68E-7
2.1E-7
2.4903E-5
2.9496E-5
2.1994E-5
3.26E-7
2.5909E-5
2.56E-7
1.114E-6
2.38E-7
2.6864E-5
2.531E-5
1.224E-6
2.66E-7
3.27E-7
1.29E-6
2.7434E-5
2.81E-7
2.32E-6
2.6E-7
2.8952E-5
2.56E-7
2.58E-7
2.71E-7
4.0E-7
2.4553E-5
2.46E-7
2.56E-7
2.49E-7
3.7E-7
2.69E-7
2.716E-5
2.63E-7
7.1E-7
2.7185E-5
2.79E-7
2.4023E-5
2.29E-7
2.5E-7
3.74E-7
2.17E-7
3.09E-7
2.8249E-5
2.2145E-5
2.76E-7
1.4815E-5
2.32E-7
1.307E-6
1.473E-6
2.4763E-5
2.112E-6
3.93E-7
2.8235E-5
2.7402E-5
2.7854E-5
2.75E-7
2.4928E-5
2.88E-7
2.6213E-5
2.35E-7
3.57E-7
2.8871E-5
2.83E-7
2.28E-7
2.6066E-5
2.3931E-5
2.7485E-5
2.8598E-5
3.0E-7
2.7763E-5
2.64E-7
2.46E-7
1.624E-6
1.275E-6
2.25E-7
3.13E-7
2.54E-7
2.7156E-5
4.26E-7
2.43E-7
2.7965E-5
2.54E-7
1.18E-6
2.8837E-5
2.79E-7
2.8002E-5
2.52E-7
2.63E-7
2.62E-7
2.695E-5
1.8821E-5
2.78E-7
2.7031E-5
1.6895E-5
4.3E-7
1.9711E-5
8.26E-7
2.6217E-5
4.81E-7
3.52E-7
2.7743E-5
4.5E-7
9.56E-7
2.7275E-5
3.98E-7
3.18E-7
1.88E-7
5.269E-6
2.8716E-5
2.61E-7
6.77E-7
3.0576E-5
3.1E-7
1.8762E-5
2.6E-7
2.6733E-5
2.61E-7
1.043E-6
2.75E-7
2.9054E-5
1.3955E-5
2.81E-7
2.3325E-5
9.439E-6
2.63E-7
3.52E-7
2.4394E-5
4.42E-7
2.65E-7
2.41E-7
2.4802E-5
2.41E-7
5.35E-7
2.47E-7
3.23E-7
7.45E-7
2.49E-7
3.15E-7
2.0017E-5
3.22E-7
3.67E-7
1.5547E-5
2.82E-7
2.4E-7
5.41E-7
1.1636E-5
3.55E-7
2.8828E-5
2.0846E-5
4.45E-7
1.519E-6
2.58E-7
4.8E-7
2.39E-7
2.6924E-5
3.09E-7
2.8838E-5
2.54E-7
1.8682E-5
2.1291E-5
2.42E-7
2.98E-7
2.8453E-5
2.6855E-5
2.7609E-5
2.48E-7
2.6816E-5
2.8315E-5
4.16E-7
2.0693E-5
2.0753E-5
3.11E-7
6.57E-7
2.59E-7
2.5349E-5
3.0E-7
2.8857E-5
1.463E-6
2.6648E-5
6.43E-7
2.4295E-5
2.47E-7
2.05E-7
1.5521E-5
8.938E-6
2.06E-7
2.4702E-5
2.66E-7
3.95E-7
1.8429E-5
3.03E-7
1.299E-6
4.04E-7
2.5933E-5
2.89E-7
2.61E-7
2.8272E-5
2.6197E-5
9.251E-6
1.7922E-5
2.5277E-5
2.4774E-5
1.0549E-5
2.55E-7
2.8E-7
2.7858E-5
2.87E-7
2.2485E-5
3.61E-7
2.17E-7
2.8769E-5
2.55E-7
2.46E-7
2.9837E-5
2.3713E-5
2.4655E-5
3.46E-7
2.9293E-5
2.5287E-5
2.31E-7
2.5E-7
1.5564E-5
2.26E-7
2.8078E-5
2.35E-7
2.62E-7
3.73E-7
2.6756E-5
2.56E-7
2.09E-7
2.6254E-5
2.2589E-5
3.12E-7
2.7809E-5
2.56E-7
1.9294E-5
3.46E-7
3.43E-7
2.1051E-5
3.03E-7
2.785E-5
2.6361E-5
2.73E-7
2.51E-7
1.366E-6
2.7267E-5
2.46E-7
2.4476E-5
2.1397E-5
6.87E-7
2.5904E-5
2.52E-7
5.82E-7
2.7952E-5
3.05E-7
9.85E-7
1.44E-6
2.535E-5
5.98E-7
2.9061E-5
3.02E-7
2.21E-7
2.04E-7
2.7105E-5
6.13E-7
2.6344E-5
2.815E-5
2.76E-7
2.01E-7
3.22E-7
2.68E-7
1.8433E-5
2.31E-7
2.6635E-5
1.467E-6
2.81E-7
2.7E-7
2.6302E-5
1.723E-6
2.7394E-5
2.3584E-5
2.63E-7
2.95E-7
2.5945E-5
2.16E-7
2.01E-7
1.564E-6
5.87E-7
2.8062E-5
2.89E-7
2.6303E-5
2.81E-7
2.47E-7
2.715E-5
6.27E-7
8.59E-7
3.87E-7
2.32E-7
8.417E-6
2.4788E-5
2.8E-7
2.44E-7
2.38E-7
1.8E-7
1.99E-7
1.9707E-5
2.1435E-5
2.71E-7
1.5693E-5
2.07E-7
2.0107E-5
2.65E-7
2.82E-7
1.5349E-5
2.01E-7
2.4441E-5
2.48E-7
2.8E-7
2.32E-7
2.7852E-5
2.06E-7
2.58E-7
2.646E-5
2.4508E-5
3.03E-7
2.2022E-5
2.38E-7
2.51E-7
2.7308E-5
1.502E-6
1.389E-6
1.329E-6
2.6817E-5
2.86E-7
2.63E-7
2.5979E-5
1.391E-6
2.73E-7
2.46E-7
2.6679E-5
1.723E-6
2.4722E-5
1.729E-5
2.8373E-5
1.034E-5
2.12E-7
2.4553E-5
2.8097E-5
5.63E-7
2.49E-7
2.7772E-5
2.6E-7
2.7966E-5
3.8E-7
4.59E-7
3.22E-7
2.88E-5
2.9632E-5
3.8186E-5
8.173E-6
6.29E-7
4.409E-5
3.4115E-5
4.25E-7
1.076E-6
3.98E-7
4.7912E-5
2.656E-6
3.9823E-5
4.42E-7
1.9741E-5
4.83E-7
4.94E-7
3.18E-7
4.5451E-5
3.9956E-5
6.51E-7
2.8281E-5
5.25E-7
3.1206E-5
2.126E-6
2.89E-7
3.4723E-5
4.6363E-5
6.79E-7
6.77E-7
4.57E-7
3.4433E-5
4.52E-7
7.13E-7
4.3098E-5
1.295E-6
3.9322E-5
1.2961E-5
1.952E-6
1.3364E-5
2.4083E-5
6.33E-7
4.5069E-5
5.08E-7
4.2797E-5
4.5787E-5
3.2068E-5
6.48E-7
5.96E-7
5.13E-7
7.577E-6
4.129E-5
6.44E-7
3.2473E-5
6.39E-7
4.2495E-5
7.95E-7
5.3965E-5
5.27E-7
2.473E-6
3.93E-7
6.79E-7
4.6855E-5
7.71E-7
4.28E-7
8.45E-7
3.7845E-5
1.001E-6
5.05E-7
4.18E-7
4.4262E-5
3.367E-6
3.6815E-5
3.97E-7
4.99E-7
3.2265E-5
4.71E-7
2.84E-7
2.7459E-5
4.85E-7
5.909E-6
4.02E-7
2.96E-7
2.0565E-5
7.58E-7
4.62E-7
7.9E-7
2.38E-7
2.04E-7
1.054E-6
2.8487E-5
2.6775E-5
4.11E-7
2.6E-7
3.11E-7
2.71E-7
6.8E-7
3.2251E-5
6.04E-7
4.016E-5
3.3284E-5
5.54E-7
3.0772E-5
4.02E-7
3.39E-7
4.5553E-5
4.32E-7
4.57E-7
4.846E-5
3.2E-6
6.4E-7
2.973E-6
4.4228E-5
3.0674E-5
5.9E-7
4.37E-7
4.5803E-5
2.012E-6
4.1676E-5
1.949E-6
4.0896E-5
1.807E-6
3.4471E-5
5.79E-7
1.9365E-5
6.2E-7
4.2105E-5
3.5446E-5
6.7E-7
4.8E-7
4.9341E-5
1.514E-6
4.1493E-5
6.72E-7
8.39E-7
4.4685E-5
5.64E-7
5.79E-7
7.76E-7
3.5916E-5
6.73E-7
7.16E-7
4.3881E-5
6.12E-7
3.8431E-5
5.7E-7
4.88E-7
4.2127E-5
3.0558E-5
5.44E-7
5.28E-7
2.3911E-5
2.313E-6
3.1699E-5
4.73E-7
6.58E-7
3.12E-7
4.3449E-5
2.6789E-5
4.6E-7
3.3864E-5
4.17E-7
3.08E-7
3.62E-7
4.3518E-5
5.83E-7
4.1236E-5
3.9128E-5
1.873E-6
5.86E-7
4.43E-7
6.163E-6
3.51E-7
3.1639E-5
3.99E-7
6.13E-7
2.62E-7
3.15E-7
7.38E-7
3.8836E-5
4.3622E-5
7.24E-7
4.92E-7
4.2495E-5
7.02E-7
3.13E-7
4.2019E-5
4.4047E-5
4.8268E-5
6.37E-7
4.92E-7
4.779E-5
6.57E-7
5.95E-7
3.5969E-5
5.49E-7
6.5E-7
6.58E-7
2.9084E-5
6.15E-7
3.62E-7
7.59E-7
3.3328E-5
5.2E-7
4.56E-7
3.5061E-5
4.09E-7
4.28E-7
2.8783E-5
3.447E-6
4.15E-7
4.0451E-5
8.07E-7
5.97E-7
5.1399E-5
5.16E-7
4.7763E-5
6.85E-7
3.2538E-5
6.25E-7
3.58E-5
4.99E-7
5.1557E-5
1.182E-6
5.427E-6
4.84E-7
4.4368E-5
4.75E-7
4.1659E-5
4.16E-7
5.77E-7
4.7883E-5
6.71E-7
7.43E-7
3.84E-7
4.23E-7
1.9085E-5
4.53E-7
5.57E-7
4.9831E-5
7.59E-7
6.36E-7
1.46E-6
4.66E-7
5.6E-7
4.19E-7
4.46E-7
4.4057E-5
4.99E-7
4.78E-7
3.76E-7
4.0801E-5
4.51E-7
7.23E-7
1.761E-6
3.39E-7
6.86E-7
3.389E-6
4.8188E-5
1.934E-6
4.6597E-5
4.0619E-5
5.49E-7
4.15E-7
4.2926E-5
4.79E-7
4.94E-7
4.1976E-5
5.78E-7
2.187E-6
6.1E-7
3.9666E-5
6.38E-7
3.26E-7
3.3889E-5
4.5083E-5
2.755E-6
6.66E-7
3.8223E-5
4.54E-7
3.29E-7
2.8872E-5
2.72E-7
1.148E-6
3.0944E-5
5.29E-7
1.364E-6
4.3627E-5
1.132E-6
4.8985E-5
3.5153E-5
4.2105E-5
2.97E-6
6.1E-7
4.7405E-5
4.4478E-5
6.5E-7
5.54E-7
6.65E-7
4.5475E-5
9.73E-7
4.9E-7
9.0091E-5
1.666E-6
3.416E-6
5.5967E-5
4.7695E-5
8.05E-7
5.2649E-5
7.15E-7
2.456E-6
5.7449E-5
4.6407E-5
1.254E-6
4.5906E-5
9.81E-7
7.68E-7
3.96E-7
5.68E-7
4.6E-7
2.7788E-5
7.07E-7
3.1432E-5
4.71E-7
5.68E-7
3.9928E-5
4.78E-7
7.3626E-5
9.42E-7
1.2269E-5
4.19E-7
3.3533E-5
8.98E-7
4.0271E-5
4.5449E-5
5.48E-7
2.4558E-5
1.069E-6
2.288E-6
9.5E-7
6.18E-7
3.48E-7
4.8E-7
3.7746E-5
3.3545E-5
2.87E-7
2.85E-7
4.394E-6
2.2596E-5
4.17E-7
3.3197E-5
3.79E-7
3.41E-7
1.163E-6
1.026E-6
4.593E-5
5.46E-7
4.4389E-5
4.29E-7
3.74E-7
4.2788E-5
4.43E-7
4.7247E-5
5.63E-7
1.874E-6
4.11E-7
2.324E-5
2.8301E-5
4.41E-7
7.82E-7
1.92E-6
1.7302E-5
4.08E-7
5.21E-7
1.87E-7
2.7248E-5
6.51E-7
2.47E-7
2.92E-7
1.89E-7
1.84E-7
3.36E-7
3.8998E-5
4.54E-7
3.41E-7
3.19E-7
3.03E-7
2.1058E-5
9.225E-6
7.01E-7
2.049E-6
2.8444E-5
2.78E-7
2.72E-7
2.7025E-5
5.2E-7
2.75E-5
2.96E-7
2.6629E-5
3.14E-7
1.38E-6
2.9253E-5
2.43E-7
3.88E-7
2.8572E-5
6.18E-7
2.2965E-5
3.55E-7
1.99E-7
2.1443E-5
2.78E-7
2.7937E-5
9.37E-6
2.5538E-5
3.63E-7
2.065E-6
2.8552E-5
2.75E-7
3.3E-7
5.0E-7
2.7521E-5
2.39E-7
2.47E-7
2.2832E-5
2.6132E-5
3.01E-7
3.94E-7
1.713E-6
1.539E-6
3.12E-7
8.33E-7
7.51E-7
2.43E-7
4.58E-7
3.4967E-5
2.75E-7
2.7371E-5
2.95E-7
2.0E-7
1.9E-7
1.52E-6
1.511E-6
1.85E-7
2.81E-7
3.58E-7
2.6491E-5
2.78E-7
1.378E-5
2.71E-7
2.99E-7
1.9733E-5
3.08E-7
2.4226E-5
2.25E-7
2.53E-7
2.7184E-5
2.78E-7
2.809E-5
1.392E-6
2.5702E-5
2.82E-7
2.88E-7
2.6579E-5
2.86E-7
9.62E-7
2.8358E-5
2.0979E-5
2.7251E-5
2.1952E-5
2.6638E-5
5.038E-6
2.4543E-5
2.1222E-5
1.699E-6
2.1603E-5
2.5295E-5
2.81E-7
2.0155E-5
2.506E-5
2.73E-7
3.24E-7
4.4E-7
2.9077E-5
4.4E-7
2.5331E-5
4.0E-7
2.73E-7
2.9277E-5
2.6753E-5
3.96E-5
6.97E-7
2.662E-6
1.558E-6
2.41E-7
2.883E-5
2.5573E-5
3.11E-7
2.55E-7
2.8369E-5
3.0661E-5
2.157E-6
2.5523E-5
4.68E-7
3.6774E-5
3.71E-7
1.052E-6
5.72E-7
1.67E-6
2.7765E-5
9.41E-7
6.29E-7
2.6356E-5
3.01E-7
2.88E-7
3.1727E-5
2.561E-5
3.4E-7
2.6511E-5
3.37E-7
6.38E-7
2.5E-7
5.09E-7
1.3332E-5
3.6479E-5
4.2953E-5
3.1E-7
1.3155E-5
2.7983E-5
5.4E-7
3.9693E-5
4.79E-7
3.37E-7
3.9368E-5
3.4874E-5
5.74E-7
3.0172E-5
3.17E-7
2.85E-7
8.04E-6
2.094E-6
2.4644E-5
1.105E-6
2.1062E-5
4.75E-7
2.2609E-5
2.75E-7
2.8048E-5
2.1616E-5
4.61E-7
2.88E-7
2.34E-7
2.8261E-5
2.46E-7
6.18E-7
2.8805E-5
4.56E-7
2.6219E-5
2.76E-7
2.8735E-5
2.54E-7
2.8382E-5
2.76E-7
2.0391E-5
4.85E-7
9.98E-6
2.0879E-5
2.35E-7
2.7307E-5
4.25E-7
1.151E-6
2.1448E-5
2.62E-7
4.56E-7
3.11E-7
5.8E-7
3.3222E-5
3.59E-7
3.53E-7
1.0582E-5
2.6087E-5
3.86E-7
2.523E-5
4.06E-7
1.9949E-5
4.5E-7
2.86E-7
4.81E-7
2.9215E-5
2.41E-7
1.5495E-5
3.04E-7
2.65E-7
2.6568E-5
2.68E-7
2.6401E-5
2.095E-6
1.017E-6
4.155E-5
3.34E-7
2.78E-7
2.8995E-5
2.83E-7
2.76E-7
1.88E-7
2.6949E-5
2.53E-7
2.7887E-5
2.8E-5
2.6575E-5
2.64E-7
2.7E-7
2.8008E-5
2.6002E-5
2.0743E-5
1.403E-6
2.495E-5
3.05E-7
3.0E-7
1.32E-6
1.97E-7
3.39E-7
2.7612E-5
3.71E-7
2.8581E-5
2.83E-7
2.6142E-5
2.87E-7
1.0769E-5
3.64E-7
9.598E-6
1.92E-7
6.6E-7
2.7976E-5
2.8224E-5
1.318E-6
3.4E-7
3.04E-7
2.792E-5
3.09E-7
2.19E-7
1.99E-7
1.78E-7
2.6936E-5
3.62E-7
5.36E-7
3.9906E-5
3.86E-7
7.43E-7
2.5532E-5
2.68E-7
2.6881E-5
3.04E-7
2.83E-7
3.79E-7
2.2427E-5
1.165E-6
3.01E-7
2.5053E-5
3.36E-7
2.55E-7
2.8619E-5
2.89E-7
1.96E-7
1.3255E-5
1.0214E-5
2.9477E-5
2.28E-7
2.39E-7
2.8249E-5
3.75E-7
2.729E-5
2.4678E-5
1.456E-6
2.5455E-5
2.88E-7
1.8807E-5
7.31E-7
2.6974E-5
2.95E-7
1.497E-6
1.97E-7
2.0684E-5
2.21E-7
2.5289E-5
4.551E-6
2.36E-7
1.5823E-5
2.9546E-5
5.18E-7
2.31E-6
1.671E-6
4.71E-7
5.86E-7
2.311E-6
3.8875E-5
4.56E-7
4.5672E-5
5.08E-7
3.7281E-5
2.4368E-5
5.92E-7
4.46E-7
4.5653E-5
3.44E-7
4.7668E-5
4.43E-7
3.974E-5
4.67E-7
3.85E-7
4.99E-7
5.35E-7
2.4371E-5
4.01E-7
4.07E-7
4.4127E-5
4.8962E-5
6.14E-7
3.291E-6
3.7569E-5
4.87E-7
4.0399E-5
3.9683E-5
3.77E-7
3.36E-7
3.18E-7
3.0284E-5
3.33E-7
2.78E-7
3.38E-6
3.7E-7
3.2875E-5
5.4E-7
4.74E-7
5.45E-7
3.06E-7
4.51E-7
3.08E-7
2.94E-7
4.4919E-5
4.31E-7
5.94E-7
3.5E-7
3.4E-7
2.9479E-5
1.4639E-5
4.39E-7
9.13E-7
2.87E-7
3.38E-7
3.3272E-5
4.48E-7
4.1255E-5
3.87E-7
5.65E-7
2.68E-7
4.4816E-5
4.34E-7
7.75E-7
3.89E-7
8.26E-7
3.63E-7
4.4185E-5
3.14E-7
4.69E-7
4.4346E-5
4.27E-7
4.69E-7
4.0034E-5
4.25E-7
9.03E-7
6.37E-7
3.39E-7
4.1245E-5
4.3496E-5
6.64E-7
9.89E-7
4.27E-7
2.671E-6
4.305E-5
2.614E-6
4.0041E-5
7.33E-7
4.1363E-5
6.81E-7
6.3E-7
3.45E-7
4.99E-7
4.0509E-5
6.94E-7
3.92E-7
4.817E-5
8.46E-7
3.58E-7
4.5523E-5
9.1E-7
4.5071E-5
4.2524E-5
4.68E-7
5.21E-7
5.26E-7
4.5095E-5
4.31E-7
1.415E-6
4.18E-7
4.58E-7
5.15E-7
3.55E-7
4.372E-6
3.8184E-5
2.047E-6
8.61E-7
4.7027E-5
3.9556E-5
6.63E-7
5.69E-7
4.24E-7
1.97E-6
4.18E-7
3.96E-7
9.02E-7
2.801E-6
3.2E-7
4.028E-5
1.616E-5
3.2524E-5
2.6306E-5
1.016E-6
2.74E-7
2.6754E-5
3.42E-7
3.1E-7
2.9605E-5
2.369E-5
3.76E-7
3.34E-7
3.16E-7
7.06E-7
1.1794E-5
2.05E-7
7.4E-7
2.8097E-5
3.97E-7
2.41E-7
1.694E-6
4.33E-7
9.89E-7
2.1366E-5
2.77E-7
1.89E-7
1.76E-7
2.0114E-5
2.95E-7
2.5234E-5
2.782E-5
3.0344E-5
2.6702E-5
4.78E-7
3.08E-7
2.269E-6
2.01E-7
4.21E-7
2.28E-7
3.5E-7
2.6114E-5
3.15E-7
2.7275E-5
4.96E-7
4.16E-7
2.8438E-5
4.45E-7
3.68E-7
3.14E-7
2.0754E-5
2.12E-7
2.2369E-5
2.82E-7
1.639E-6
2.79E-7
2.38E-7
9.11E-7
2.36E-7
1.87E-7
2.7715E-5
9.448E-6
3.58E-7
2.535E-5
2.0594E-5
6.81E-7
2.4608E-5
4.62E-7
2.5E-7
3.26E-7
1.536E-6
2.4761E-5
2.43E-7
1.623E-6
1.189E-6
2.8002E-5
1.37E-6
2.5682E-5
3.0432E-5
3.76E-7
3.26E-7
2.72E-7
3.47E-7
2.961E-5
8.45E-7
3.42E-7
5.39E-7
2.0194E-5
1.8229E-5
3.82E-7
2.78E-7
2.07E-7
2.81E-7
5.54E-7
2.49E-7
1.7949E-5
2.54E-7
3.02E-7
8.81E-7
3.14E-7
1.5686E-5
2.98E-7
3.81E-7
1.7552E-5
5.15E-7
2.0713E-5
5.92E-7
1.1335E-5
2.23E-7
1.6164E-5
3.79E-7
1.8152E-5
1.7217E-5
1.8682E-5
1.9856E-5
6.81E-7
1.75E-7
2.69E-7
1.8508E-5
1.5261E-5
1.6714E-5
3.469E-6
3.65E-7
1.3414E-5
2.48E-7
1.4468E-5
3.54E-7
4.01E-7
2.12E-7
9.6E-7
2.46E-7
5.58E-7
1.3869E-5
3.61E-7
2.68E-7
1.5556E-5
1.1942E-5
2.2E-7
1.4831E-5
1.6591E-5
3.12E-7
3.09E-7
1.7378E-5
1.8434E-5
2.08E-7
1.5295E-5
1.808E-5
4.38E-7
1.4476E-5
1.7558E-5
4.5E-7
9.92E-7
1.6155E-5
9.35E-7
1.7006E-5
2.83E-7
1.5656E-5
4.85E-7
4.1E-7
1.3806E-5
6.33E-7
3.33E-7
2.33E-7
4.68E-7
4.89E-7
2.74E-7
3.5E-7
2.36E-7
2.62E-7
2.004E-5
2.63E-7
2.8E-7
1.001E-6
1.326E-5
1.9538E-5
2.93E-7
2.79E-7
2.41E-7
9.71E-7
1.53E-7
2.65E-7
1.8216E-5
3.02E-7
2.19E-7
2.2E-7
4.05E-7
1.8749E-5
3.95E-7
1.8192E-5
2.27E-7
2.88E-7
1.8148E-5
2.81E-7
1.6244E-5
2.01E-7
1.8551E-5
1.6586E-5
1.8414E-5
1.6053E-5
2.65E-7
1.6174E-5
2.71E-7
1.7646E-5
1.9302E-5
2.34E-7
1.6696E-5
1.6733E-5
2.89E-7
2.02E-7
1.7647E-5
3.53E-7
1.48E-6
5.89E-7
1.873E-5
2.45E-7
1.4106E-5
7.18E-7
2.32E-7
1.49E-7
4.43E-7
2.2E-7
1.6265E-5
4.32E-7
1.352E-5
1.4222E-5
1.91E-7
1.7684E-5
4.6E-7
4.17E-7
2.34E-7
4.3E-7
1.4834E-5
4.23E-7
1.4054E-5
5.34E-7
1.7396E-5
1.9685E-5
1.3235E-5
9.17E-7
1.6115E-5
1.6347E-5
2.68E-7
1.879E-5
2.4E-7
2.94E-7
7.18E-7
3.61E-7
1.6519E-5
2.76E-7
1.9544E-5
2.74E-7
2.13E-7
1.6671E-5
2.67E-7
2.42E-7
1.957E-5
1.9001E-5
3.0E-7
2.04E-7
1.76E-7
2.22E-7
7.05E-6
4.87E-7
1.7216E-5
2.43E-7
8.12E-7
2.59E-7
1.6522E-5
2.15E-7
2.16E-7
1.3133E-5
2.37E-7
1.85E-7
4.4E-7
1.3064E-5
1.82E-7
1.8379E-5
3.29E-7
3.47E-7
1.6358E-5
2.22E-7
2.18E-7
2.82E-7
1.4968E-5
1.91E-7
2.45E-7
1.8121E-5
5.42E-7
1.08E-6
3.33E-7
1.9644E-5
7.08E-7
2.64E-7
1.8435E-5
2.29E-7
1.72E-7
1.8966E-5
1.6777E-5
2.56E-7
1.4287E-5
1.9031E-5
2.6E-7
2.96E-7
6.99E-7
2.09E-7
1.6277E-5
9.33E-7
1.6961E-5
2.64E-7
3.73E-7
1.9186E-5
1.85E-7
1.3727E-5
2.54E-7
1.5956E-5
2.61E-7
1.2517E-5
2.3E-7
3.62E-7
1.7672E-5
1.8765E-5
2.61E-7
2.19E-7
1.55E-7
4.01E-7
1.943E-5
2.16E-7
3.21E-7
1.7269E-5
2.6E-7
1.0075E-5
2.26E-7
1.8035E-5
4.5E-7
1.7566E-5
2.29E-7
2.33E-7
1.7571E-5
1.1712E-5
2.37E-7
1.5E-7
1.6557E-5
6.9E-7
1.031E-6
2.52E-7
1.58E-7
1.4805E-5
2.66E-7
2.46E-7
1.7077E-5
1.7149E-5
2.08E-7
1.9034E-5
2.38E-7
3.49E-7
1.69E-5
2.56E-7
1.6435E-5
2.24E-7
4.41E-7
4.14E-7
2.44E-7
4.61E-7
4.38E-7
2.18E-7
3.87E-7
1.2599E-5
4.33E-7
7.51E-7
1.53E-7
2.15E-7
4.47E-7
2.09E-7
1.7024E-5
1.6267E-5
2.35E-7
2.25E-7
1.8617E-5
1.9328E-5
2.03E-7
1.8792E-5
1.8597E-5
3.23E-7
3.61E-7
5.38E-7
2.47E-7
3.56E-7
1.8673E-5
1.6621E-5
2.01E-7
2.14E-7
3.75E-7
1.8063E-5
2.79E-7
1.3757E-5
1.3478E-5
2.02E-7
1.843E-5
8.5E-7
4.3E-7
2.0485E-5
1.559E-6
2.0529E-5
7.7E-7
1.4004E-5
1.8729E-5
3.78E-7
3.58E-7
2.83E-7
1.8042E-5
1.723E-5
1.9658E-5
1.6879E-5
3.8E-7
1.6761E-5
2.43E-7
1.1622E-5
2.21E-7
2.8929E-5
1.363E-6
1.5759E-5
2.57E-7
6.84E-7
4.46E-7
1.1764E-5
2.85E-7
1.7467E-5
3.2E-7
2.24E-7
1.6231E-5
4.4E-7
1.67E-7
7.49E-7
9.03E-7
1.6334E-5
1.8199E-5
2.6E-7
2.86E-7
2.34E-7
3.74E-7
1.7838E-5
2.15E-7
1.8669E-5
2.58E-7
1.7178E-5
2.83E-7
2.02E-7
1.3071E-5
1.043E-6
2.58E-7
1.6932E-5
3.18E-7
1.2825E-5
2.54E-7
1.8158E-5
4.67E-7
3.55E-7
3.03E-7
4.86E-7
2.98E-7
6.24E-7
2.2902E-5
2.1918E-5
1.6774E-5
4.41E-7
2.4065E-5
3.39E-7
1.6636E-5
3.23E-7
2.193E-5
4.04E-7
2.0388E-5
3.82E-7
2.3237E-5
7.37E-7
2.091E-5
2.88E-7
2.08E-5
4.28E-7
3.19E-7
2.3113E-5
1.464E-6
7.43E-7
8.94E-7
1.5339E-5
2.21E-5
3.26E-7
5.55E-7
4.14E-7
2.77E-7
2.1228E-5
2.1659E-5
1.211E-6
2.4097E-5
6.03E-7
2.1008E-5
3.39E-7
2.1442E-5
4.16E-7
1.7163E-5
3.85E-7
4.2822E-5
2.411E-5
2.352E-6
4.3E-7
2.2685E-5
2.0441E-5
6.45E-7
1.2025E-5
4.63E-7
3.28E-7
6.64E-7
2.0404E-5
3.99E-7
2.4221E-5
7.895E-6
5.57E-7
1.231E-6
5.25E-7
3.02E-7
1.5738E-5
2.0863E-5
4.24E-7
1.141E-6
1.7953E-5
2.2785E-5
4.94E-7
2.64E-7
6.37E-7
1.863E-6
1.978E-5
3.36E-7
1.954E-5
3.36E-7
2.0088E-5
1.367E-6
1.9173E-5
2.8E-7
2.1292E-5
1.2225E-5
3.03E-7
3.23E-7
2.0094E-5
1.3488E-5
4.26E-7
4.26E-7
1.95E-5
1.7224E-5
5.79E-7
1.544E-6
5.57E-7
2.9E-7
4.34E-7
1.6173E-5
4.32E-7
9.75E-7
1.3605E-5
3.19E-7
4.71E-7
7.119E-6
5.71E-7
1.7832E-5
6.04E-7
4.24E-7
2.5094E-5
2.1034E-5
3.63E-7
5.05E-7
8.78E-7
3.33E-7
5.06E-7
2.2917E-5
2.2169E-5
2.0706E-5
6.68E-7
2.1052E-5
5.92E-7
2.215E-5
3.46E-7
3.0E-7
5.1E-7
9.11E-7
3.15E-7
4.48E-7
2.2682E-5
2.3518E-5
2.0278E-5
4.1E-7
2.2673E-5
5.44E-7
5.48E-7
2.1179E-5
4.14E-7
1.4938E-5
1.1193E-5
1.6427E-5
3.74E-7
2.2925E-5
3.9E-7
9.03E-7
6.27E-7
2.0451E-5
2.74E-7
5.704E-5
6.67E-7
6.86E-7
4.003E-5
5.0888E-5
3.8388E-5
4.714E-6
2.186E-6
2.0364E-5
3.06E-7
1.0E-6
1.9601E-5
1.7218E-5
5.33E-7
5.07E-7
4.5E-7
3.45E-7
8.72E-7
1.913E-6
2.165E-5
3.46E-7
4.36E-7
2.3134E-5
4.62E-7
2.4912E-5
3.15E-7
4.46E-7
2.61E-7
4.47E-7
6.27E-7
2.0618E-5
2.173E-5
2.78E-7
1.4457E-5
2.59E-7
1.7795E-5
4.81E-7
7.12E-7
5.74E-7
2.0452E-5
4.41E-7
1.2989E-5
2.0533E-5
4.92E-7
2.1271E-5
3.13E-7
2.3256E-5
6.08E-7
2.0179E-5
2.83E-7
2.2164E-5
3.95E-7
2.0038E-5
5.24E-7
2.1012E-5
6.65E-7
2.3164E-5
5.43E-7
2.185E-6
3.62E-7
2.57E-7
1.435E-5
1.6052E-5
1.4646E-5
3.18E-7
7.72E-7
3.32E-7
1.9032E-5
1.3538E-5
2.4E-7
1.4156E-5
1.6729E-5
1.7218E-5
2.3E-7
8.51E-7
8.76E-7
2.04E-7
2.22E-7
9.739E-6
2.5E-7
2.36E-7
4.83E-7
2.34E-7
9.338E-6
1.9E-7
7.83E-7
2.66E-7
6.58E-7
9.242E-6
1.64E-7
2.55E-7
1.3642E-5
3.79E-7
9.992E-6
9.46E-7
2.59E-7
1.3224E-5
1.7465E-5
2.56E-7
2.0138E-5
4.22E-7
4.147E-6
1.053E-6
9.764E-6
2.61E-7
5.85E-7
1.7362E-5
2.43E-7
4.05E-7
1.4704E-5
1.3022E-5
2.32E-7
1.7871E-5
1.9627E-5
2.77E-7
7.37E-7
5.01E-7
2.03E-7
6.674E-6
3.52E-7
2.5E-7
1.7171E-5
1.7582E-5
2.44E-7
1.8953E-5
2.45E-7
1.4906E-5
1.722E-5
1.88E-7
2.42E-7
1.654E-5
3.57E-7
1.7315E-5
2.0E-7
1.7105E-5
2.33E-7
1.7022E-5
1.3095E-5
3.11E-7
4.24E-7
1.6721E-5
3.83E-7
3.85E-7
2.17E-7
1.7012E-5
9.684E-6
2.55E-7
2.52E-7
1.1968E-5
2.44E-7
1.6711E-5
1.9299E-5
3.22E-7
3.25E-7
1.448E-6
6.815E-6
9.14E-7
1.7171E-5
2.87E-7
7.57E-7
1.8226E-5
2.13E-7
4.41E-7
2.76E-7
2.92E-7
8.48E-7
2.2E-7
1.3375E-5
3.38E-7
4.9E-7
1.333E-5
1.46E-5
2.94E-7
3.95E-7
1.57E-7
1.6647E-5
2.52E-7
1.8129E-5
2.96E-7
7.94E-7
1.58E-7
1.092E-6
3.32E-7
3.85E-7
1.3018E-5
1.74E-7
3.76E-7
6.32E-7
1.7064E-5
3.45E-7
3.32E-7
1.62E-7
3.26E-7
1.964E-5
2.17E-7
1.9805E-5
2.7E-7
9.44E-7
1.02E-6
3.59E-7
1.8931E-5
9.81E-7
1.678E-5
4.8E-7
3.24E-7
1.9783E-5
6.79E-7
1.448E-6
1.91E-7
4.169E-6
3.99E-7
2.16E-7
2.84E-7
1.8126E-5
3.07E-7
3.48E-7
6.06E-7
2.07E-7
3.1E-7
6.38E-7
1.6566E-5
2.992E-6
3.07E-7
1.4261E-5
3.15E-7
4.26E-7
1.7719E-5
2.18E-7
2.64E-7
3.4E-7
6.61E-7
4.19E-7
3.4E-7
1.9496E-5
5.43E-7
2.91E-7
1.9028E-5
4.97E-7
2.41E-7
1.2294E-5
1.8737E-5
2.07E-7
2.77E-7
2.17E-7
1.8374E-5
1.3427E-5
2.23E-7
1.7523E-5
1.98E-7
1.829E-5
3.33E-7
2.4E-7
2.44E-7
1.6653E-5
1.807E-5
3.25E-7
3.3344E-5
1.982E-6
3.28E-7
2.3583E-5
4.95E-7
2.198E-5
4.58E-7
9.953E-6
3.02E-7
3.06E-7
2.0724E-5
5.23E-7
1.1348E-5
1.3889E-5
1.6663E-5
3.31E-7
6.39E-7
1.5026E-5
1.9201E-5
1.9014E-5
3.16E-7
3.51E-7
3.55E-7
2.89E-7
1.724E-6
3.3E-7
1.389E-6
2.61E-7
2.0472E-5
2.53E-7
3.86E-7
6.37E-6
4.01E-7
2.0654E-5
3.38E-7
2.87E-7
5.7E-6
1.241E-6
2.67E-7
5.11E-7
2.0727E-5
1.528E-6
1.9638E-5
3.28E-7
8.07E-7
2.05E-7
3.02E-7
2.2536E-5
1.6862E-5
1.5847E-5
3.78E-7
2.73E-7
4.47E-7
2.79E-7
2.1443E-5
3.89E-7
2.89E-7
2.86E-7
3.26E-7
3.38E-7
1.9211E-5
3.56E-7
2.19E-7
8.1E-7
2.74E-7
2.76E-7
2.9E-7
4.76E-7
1.9312E-5
6.21E-7
1.5697E-5
3.15E-7
2.82E-7
1.4895E-5
3.65E-7
2.61E-7
2.2467E-5
2.4E-7
3.81E-7
1.402E-6
1.9076E-5
4.11E-7
2.0794E-5
1.8114E-5
3.91E-7
1.6177E-5
4.18E-7
4.91E-7
3.57E-7
1.021E-6
2.0847E-5
3.4E-7
3.37E-7
1.096E-6
3.27E-7
2.2257E-5
2.1433E-5
4.18E-7
2.27E-7
6.36E-7
2.1662E-5
3.89E-7
3.47E-7
3.0E-7
2.1354E-5
5.3E-7
2.43E-7
7.802E-6
1.317E-6
2.0649E-5
3.51E-7
1.082E-6
2.78E-7
2.085E-5
3.56E-7
6.79E-7
1.4455E-5
9.94E-7
1.7158E-5
1.188E-6
2.0661E-5
4.2E-7
5.56E-7
2.2708E-5
1.0806E-5
1.9738E-5
5.11E-7
2.71E-7
4.46E-7
2.2359E-5
3.32E-7
6.29E-7
4.75E-7
3.97E-7
3.48E-7
3.31E-7
3.36E-7
5.07E-7
2.3974E-5
3.95E-7
4.44E-7
3.73E-7
2.0034E-5
1.122E-6
1.6826E-5
1.067E-6
1.681E-5
6.63E-7
3.03E-7
1.7257E-5
1.538E-6
3.64E-7
4.65E-7
4.14E-7
2.4251E-5
6.58E-7
2.2256E-5
1.3543E-5
4.53E-7
3.89E-7
1.868E-5
2.2329E-5
1.699E-6
1.8688E-5
1.4453E-5
4.24E-7
1.3469E-5
2.43E-7
2.76E-7
4.49E-7
2.8E-7
2.03E-7
1.7516E-5
6.909E-6
9.311E-6
2.7E-7
9.27E-7
2.68E-7
2.01E-7
6.834E-6
1.6858E-5
3.46E-7
2.91E-7
1.9339E-5
2.16E-7
5.55E-7
2.33E-7
1.0362E-5
1.8265E-5
1.084E-6
1.6667E-5
2.79E-7
1.4865E-5
1.6038E-5
2.67E-7
1.6149E-5
3.8E-7
7.07E-7
8.26E-7
1.6897E-5
2.87E-7
4.47E-7
4.93E-7
2.82E-7
2.56E-7
1.66E-7
1.965E-5
2.87E-7
1.9072E-5
2.68E-7
1.8708E-5
1.6627E-5
1.8808E-5
1.4569E-5
1.6129E-5
3.645E-6
1.7234E-5
1.8625E-5
2.31E-7
1.6215E-5
1.069E-6
2.32E-7
1.7169E-5
1.7542E-5
2.11E-7
2.752E-6
4.02E-7
1.3604E-5
2.43E-7
1.5873E-5
3.07E-7
3.12E-7
1.906E-5
5.98E-7
3.78E-7
3.98E-7
2.82E-7
1.7843E-5
2.72E-7
1.134E-5
1.99E-7
1.5302E-5
9.51E-7
4.6E-7
1.6959E-5
6.33E-7
2.71E-7
2.736E-6
2.05E-7
1.7E-5
1.8023E-5
2.11E-7
2.67E-7
1.93E-7
1.696E-5
1.9813E-5
2.13E-7
5.44E-7
1.735E-5
2.9E-7
1.9039E-5
1.665E-5
1.99E-7
2.4E-7
3.56E-7
2.12E-7
2.27E-7
2.18E-7
6.757E-6
1.3293E-5
6.89E-7
1.375E-5
1.8522E-5
2.99E-7
1.662E-5
1.6781E-5
2.3E-7
1.6266E-5
1.8911E-5
2.28E-7
1.0363E-5
1.83E-7
2.55E-7
6.451E-6
1.6086E-5
2.76E-7
2.27E-7
1.6364E-5
2.59E-7
6.299E-6
2.15E-7
1.4367E-5
1.5676E-5
1.1819E-5
1.3238E-5
1.83E-7
1.345E-6
2.08E-7
3.49E-7
4.14E-7
1.9673E-5
3.52E-7
1.114E-6
2.25E-7
2.19E-7
1.8376E-5
8.23E-7
3.4E-7
1.4413E-5
2.15E-7
3.22E-7
9.523E-6
3.12E-7
1.8631E-5
3.5E-7
1.6732E-5
1.81E-7
1.0888E-5
2.7E-7
1.6572E-5
1.8642E-5
1.211E-6
1.7015E-5
2.71E-7
1.2548E-5
3.55E-7
1.803E-5
4.23E-7
4.53E-7
2.34E-5
5.25E-7
1.552E-6
2.078E-6
3.45E-7
2.76E-7
2.2514E-5
3.59E-7
2.2503E-5
3.23E-7
3.39E-7
2.67E-7
2.083E-5
2.47E-7
1.8606E-5
2.63E-7
1.8465E-5
2.79E-7
1.3232E-5
3.45E-7
7.17E-7
1.095E-5
2.76E-7
1.621E-5
2.77E-7
1.5885E-5
1.8966E-5
1.8651E-5
1.6328E-5
2.1E-7
1.8608E-5
2.32E-7
3.6E-7
9.601E-6
3.61E-7
1.6143E-5
3.11E-7
7.04E-7
2.21E-7
2.82E-7
6.686E-6
1.86E-7
7.62E-7
2.09E-7
1.6069E-5
2.57E-7
1.5372E-5
2.51E-7
2.97E-7
1.5366E-5
2.8E-7
1.63E-7
8.85E-7
1.99E-7
3.69E-7
2.64E-7
4.18E-7
8.21E-7
1.8219E-5
1.6825E-5
2.38E-7
5.839E-6
1.7911E-5
2.54E-7
3.46E-7
1.004E-6
2.46E-7
1.5031E-5
1.99E-7
1.5441E-5
1.8757E-5
1.3439E-5
2.36E-7
3.91E-7
1.943E-5
3.33E-7
3.2E-7
2.57E-7
1.6329E-5
2.33E-7
4.82E-7
1.7815E-5
1.6448E-5
1.8466E-5
1.6451E-5
9.16E-7
1.5763E-5
1.5042E-5
2.77E-7
1.9435E-5
2.97E-7
4.15E-7
1.774E-5
1.744E-5
8.11E-7
2.35E-7
1.7065E-5
9.107E-6
1.67E-5
1.96E-7
1.6761E-5
4.8E-7
1.4714E-5
2.55E-7
2.27E-7
2.64E-7
1.8276E-5
3.17E-7
1.5117E-5
9.061E-6
2.27E-7
1.5575E-5
2.28E-7
2.05E-7
1.6939E-5
2.67E-7
1.4035E-5
3.73E-7
1.5725E-5
1.6142E-5
2.34E-7
3.47E-7
1.4958E-5
4.34E-7
1.9896E-5
1.4864E-5
1.6822E-5
1.9295E-5
1.9067E-5
3.21E-7
2.25E-7
2.09E-7
1.91E-7
2.43E-7
1.8656E-5
2.29E-7
2.19E-7
1.7073E-5
7.56E-7
1.6629E-5
2.83E-7
1.66E-7
1.904E-5
4.74E-7
1.6443E-5
2.44E-7
2.03E-7
2.38E-7
2.99E-7
1.4056E-5
3.01E-7
1.7728E-5
1.7776E-5
2.38E-7
1.7983E-5
2.59E-7
2.86E-7
4.63E-7
3.47E-7
1.2336E-5
2.61E-7
1.772E-5
2.3E-7
2.33E-7
3.82E-7
1.744E-5
3.15E-7
9.65E-6
1.4292E-5
1.4352E-5
2.6E-7
1.8908E-5
1.234E-6
2.24E-7
1.666E-5
1.6753E-5
3.69E-7
1.4547E-5
3.11E-7
3.24E-7
1.7758E-5
3.05E-7
9.96E-7
3.03E-7
2.62E-7
1.8714E-5
2.22E-7
2.15E-7
4.01E-7
2.45E-7
1.3389E-5
1.6043E-5
3.12E-7
1.24E-6
9.53E-7
1.6084E-5
4.62E-7
1.7918E-5
2.11E-7
1.8566E-5
1.5877E-5
2.73E-7
1.9663E-5
2.88E-7
1.66E-7
1.7743E-5
3.18E-7
3.6E-7
3.87E-7
5.849E-6
1.62E-7
4.97E-7
2.85E-7
1.7E-7
1.7593E-5
2.08E-7
1.3167E-5
1.79E-7
2.05E-7
9.21E-7
1.342E-6
1.5928E-5
8.67E-7
1.8361E-5
3.29E-7
1.7697E-5
2.61E-7
1.6717E-5
1.6573E-5
2.64E-7
1.62E-7
2.22E-7
1.8912E-5
8.55E-7
9.37E-6
1.66E-7
1.49E-7
3.23E-7
1.8136E-5
2.93E-7
1.6766E-5
1.91E-7
1.739E-5
2.25E-7
1.8329E-5
2.31E-7
2.23E-7
2.09E-7
3.77E-7
9.2E-7
1.86E-7
2.26E-7
1.8209E-5
2.29E-7
5.92E-7
4.31E-7
3.21E-7
9.604E-6
1.8952E-5
1.0678E-5
3.04E-7
2.9771E-5
1.4558E-5
2.1145E-5
1.3085E-5
2.69E-7
3.12E-7
8.65E-7
1.8568E-5
1.84E-7
1.6506E-5
2.49E-7
9.21E-6
2.31E-7
2.75E-7
1.4017E-5
2.18E-7
1.3595E-5
4.35E-7
2.64E-7
8.19E-7
2.11E-7
1.8528E-5
2.73E-7
8.13E-7
2.44E-7
1.7854E-5
3.56E-7
1.6575E-5
2.49E-7
4.66E-7
2.28E-7
3.35E-7
1.923E-6
2.24E-7
9.99E-7
2.07E-7
1.5513E-5
9.88E-7
1.5764E-5
1.3059E-5
1.8441E-5
3.25E-7
2.44E-7
1.7024E-5
2.54E-7
6.54E-7
2.18E-7
2.54E-7
5.581E-6
4.09E-7
1.7439E-5
3.05E-7
1.9272E-5
1.8968E-5
1.8002E-5
1.7E-7
1.7575E-5
2.24E-7
2.06E-7
4.34E-7
1.8519E-5
4.62E-7
2.47E-7
1.49E-7
4.41E-7
1.9061E-5
6.14E-7
1.281E-6
2.48E-7
2.58E-7
1.7131E-5
1.817E-5
2.58E-7
1.47E-7
1.4183E-5
1.8323E-5
2.39E-7
1.1932E-5
3.84E-7
1.6876E-5
3.32E-7
2.32E-7
1.019E-6
2.04E-7
1.97E-7
1.7972E-5
2.33E-7
1.5217E-5
2.68E-7
1.99E-7
7.72E-7
1.8014E-5
2.23E-7
2.13E-7
1.8089E-5
2.29E-7
2.52E-7
2.26E-7
1.7441E-5
3.5E-7
2.09E-7
1.0423E-5
1.1848E-5
1.779E-5
1.4301E-5
1.6957E-5
3.533E-6
1.99E-7
2.01E-7
3.08E-7
8.126E-6
1.4043E-5
2.7E-7
1.836E-5
2.52E-7
2.65E-7
1.78E-7
1.7462E-5
2.55E-7
1.779E-5
2.86E-7
1.7517E-5
1.3647E-5
3.3E-7
1.8466E-5
2.36E-7
2.18E-7
1.7E-7
4.32E-7
2.0E-7
2.14E-7
1.81E-7
1.1488E-5
3.04E-7
9.3E-7
4.87E-7
1.7295E-5
1.899E-5
2.43E-7
1.7039E-5
2.38E-7
2.37E-7
1.3535E-5
4.62E-7
1.8E-7
9.595E-6
3.7623E-5
4.0E-7
1.8956E-5
4.51E-7
2.25E-7
2.38E-7
2.56E-7
1.8497E-5
1.7254E-5
2.76E-7
1.746E-5
7.34E-7
2.13E-7
2.45E-7
5.88E-7
1.2222E-5
1.6794E-5
2.47E-7
1.8503E-5
5.03E-7
8.68E-7
1.3117E-5
3.59E-7
3.23E-7
3.12E-7
2.74E-7
1.139E-6
2.3231E-5
6.28E-7
2.1493E-5
4.07E-7
2.1612E-5
1.235E-6
3.0E-7
1.5037E-5
2.1931E-5
3.37E-7
4.44E-7
2.0717E-5
3.16E-7
3.54E-7
3.07E-7
1.442E-6
3.21E-7
2.2103E-5
1.4155E-5
3.22E-7
1.01E-5
4.51E-7
9.59E-7
1.8276E-5
5.24E-7
1.6741E-5
2.0643E-5
4.95E-7
4.87E-7
3.22E-7
2.1436E-5
3.02E-7
3.17E-7
2.4235E-5
3.79E-7
2.69E-7
4.4E-7
2.75E-7
2.67E-7
3.44E-7
4.284E-6
1.6534E-5
2.1765E-5
1.355E-6
2.0614E-5
3.32E-7
3.43E-7
1.217E-6
2.1415E-5
3.49E-7
1.576E-6
2.58E-7
2.0332E-5
2.85E-7
1.9552E-5
3.7E-7
3.33E-7
1.8593E-5
2.98E-7
2.0002E-5
1.6573E-5
2.3543E-5
4.76E-7
3.42E-7
2.92E-7
1.825E-6
3.0E-7
1.211E-6
1.9981E-5
2.4294E-5
3.56E-7
2.0224E-5
3.5E-7
3.11E-7
1.7896E-5
2.1747E-5
4.95E-7
2.46E-7
5.266E-6
2.9E-7
3.99E-7
1.3656E-5
3.21E-7
3.31E-7
8.68E-7
3.09E-7
2.2282E-5
3.91E-7
2.4421E-5
3.57E-7
2.68E-7
2.2402E-5
1.8325E-5
5.42E-7
1.5967E-5
3.23E-7
3.14E-7
2.354E-5
2.96E-7
2.285E-5
5.25E-7
2.1439E-5
7.96E-7
4.14E-7
2.3455E-5
3.15E-7
4.56E-7
1.3739E-5
4.73E-7
2.1647E-5
2.97E-7
3.98E-7
2.2319E-5
2.52E-7
2.1828E-5
2.96E-7
3.0E-7
2.4603E-5
1.8889E-5
3.66E-7
5.16E-7
2.3892E-5
3.53E-7
2.0452E-5
3.15E-7
2.65E-7
3.34E-7
1.023E-6
2.58E-7
3.04E-7
5.15E-7
2.39E-7
2.71E-7
2.1037E-5
3.17E-7
2.338E-5
7.53E-7
2.49E-7
6.86E-7
4.11E-7
3.17E-7
3.25E-7
2.45E-7
4.55E-7
1.656E-6
3.5E-7
2.4387E-5
3.77E-7
4.93E-7
1.4565E-5
4.09E-7
3.02E-7
2.37E-7
2.2718E-5
2.88E-7
4.25E-7
2.42E-7
2.0541E-5
3.44E-7
4.55E-7
1.3272E-5
3.22E-7
2.758E-6
2.42E-7
2.212E-5
4.67E-7
3.17E-7
4.65E-7
2.9E-7
2.8E-7
1.4189E-5
3.0E-7
1.6652E-5
2.0779E-5
4.47E-7
6.726E-6
3.19E-7
8.093E-6
1.9716E-5
2.92E-7
2.217E-5
1.784E-5
3.49E-7
1.229E-6
4.76E-7
2.4377E-5
2.3465E-5
1.183E-6
2.88E-7
3.68E-7
4.57E-7
2.3859E-5
4.16E-7
2.365E-6
3.83E-7
2.6E-7
2.72E-7
2.3451E-5
2.2414E-5
2.87E-7
2.1288E-5
2.2324E-5
4.91E-7
2.2389E-5
3.33E-7
2.99E-7
5.58E-7
1.947E-6
3.76E-7
1.0958E-5
4.32E-7
2.1196E-5
4.99E-7
7.89E-7
2.3387E-5
5.33E-7
9.907E-6
8.94E-7
2.2972E-5
2.321E-5
3.64E-7
2.264E-5
3.53E-7
7.15E-7
2.54E-7
1.183E-6
2.3076E-5
5.41E-7
5.2966E-5
6.68E-7
1.573E-5
4.39E-7
4.9E-7
1.713E-6
3.59E-7
3.67E-7
2.4687E-5
2.3869E-5
4.14E-7
1.6723E-5
4.18E-7
4.55E-7
3.82E-7
2.1064E-5
3.49E-7
3.13E-7
7.213E-6
8.828E-6
3.85E-7
2.2016E-5
2.1833E-5
5.81E-7
1.601E-6
3.45E-7
2.2858E-5
3.78E-7
2.3949E-5
3.73E-7
2.3058E-5
5.35E-7
4.19E-7
4.27E-7
2.1401E-5
2.3052E-5
1.7725E-5
2.2194E-5
4.03E-7
2.2418E-5
4.04E-7
1.416E-6
2.82E-7
3.09E-7
2.61E-7
6.98E-7
1.9799E-5
5.65E-7
1.199E-6
2.98E-7
2.92E-7
5.97E-7
2.104E-6
1.6353E-5
2.95E-7
1.255E-6
1.2567E-5
3.1E-7
2.1511E-5
1.479E-6
1.994E-5
1.7098E-5
4.44E-7
7.34E-7
2.3E-7
1.7479E-5
3.39E-7
3.04E-7
2.1614E-5
2.83E-7
2.2029E-5
3.48E-7
7.28E-7
2.92E-7
3.36E-7
2.92E-7
6.34E-7
2.0344E-5
1.783E-6
1.582E-6
1.1194E-5
4.33E-7
1.7446E-5
3.94E-7
3.26E-7
2.1297E-5
1.464E-6
6.56E-7
3.13E-7
4.13E-7
2.97E-7
2.4E-7
1.8234E-5
3.55E-7
2.77E-7
3.69E-7
2.2979E-5
3.67E-7
3.71E-7
2.88E-7
1.7107E-5
3.38E-7
2.4E-7
2.1214E-5
4.82E-7
3.21E-7
3.95E-7
2.2585E-5
1.895E-6
3.04E-7
2.79E-7
2.1404E-5
5.07E-7
2.4084E-5
3.39E-7
2.106E-5
2.108E-6
2.0343E-5
2.2926E-5
8.37E-7
1.6208E-5
3.66E-7
1.7244E-5
3.57E-7
2.2554E-5
3.22E-7
4.03E-7
1.886E-6
2.4553E-5
2.1668E-5
2.9E-7
3.46E-7
2.3927E-5
6.44E-7
2.2651E-5
2.8E-7
2.2305E-5
3.38E-7
3.61E-7
1.597E-6
2.2943E-5
5.43E-7
2.2377E-5
4.01E-7
1.249E-6
6.95E-7
1.8848E-5
2.088E-5
5.26E-7
5.65E-7
2.361E-5
3.59E-7
5.58E-7
1.6549E-5
9.65E-7
2.1469E-5
3.59E-7
3.43E-7
2.14E-7
2.2296E-5
3.52E-7
2.3119E-5
4.86E-7
3.11E-7
1.442E-6
2.1942E-5
3.11E-7
3.03E-7
2.1119E-5
1.7359E-5
2.0765E-5
3.916E-6
5.04E-7
1.267E-6
2.65E-7
2.198E-5
2.0495E-5
4.24E-7
1.7314E-5
2.1519E-5
1.556E-6
4.65E-7
9.919E-6
3.44E-7
1.9306E-5
2.2534E-5
7.36E-7
6.42E-7
1.4009E-5
4.3E-7
3.27E-7
2.3771E-5
4.01E-7
2.6E-7
2.1115E-5
3.03E-7
8.71E-7
7.99E-7
1.7296E-5
2.3199E-5
1.136E-6
3.45E-7
1.078E-6
2.2089E-5
3.42E-7
5.69E-7
2.85E-7
1.313E-6
6.45E-7
2.0958E-5
3.4E-7
2.086E-5
3.55E-7
2.1062E-5
5.05E-7
1.539E-6
4.24E-7
1.282E-6
1.9283E-5
2.1429E-5
4.1E-7
2.82E-7
6.34E-7
8.136E-6
3.3E-7
2.041E-5
1.8414E-5
2.0599E-5
1.5695E-5
3.99E-7
8.736E-6
3.22E-7
3.79E-7
3.21E-7
5.55E-7
1.9667E-5
6.58E-7
2.1238E-5
5.03E-7
3.54E-7
2.0535E-5
4.34E-7
1.8243E-5
1.7364E-5
4.7E-7
2.0626E-5
2.2874E-5
5.27E-7
7.728E-6
4.41E-7
3.5E-7
2.0246E-5
3.64E-7
2.96E-7
2.4518E-5
3.16E-7
2.3173E-5
4.3E-7
1.7774E-5
5.07E-7
2.1637E-5
1.104E-6
3.68E-7
3.14E-7
2.3457E-5
3.63E-7
2.9E-7
2.058E-5
7.62E-7
2.1134E-5
3.26E-7
3.32E-7
2.2329E-5
4.47E-7
2.72E-7
4.75E-7
5.45E-7
1.7224E-5
2.79E-7
5.09E-7
3.29E-7
1.6004E-5
3.4E-7
1.469E-6
2.0598E-5
2.0469E-5
3.09E-7
2.09E-7
5.13E-7
4.82E-7
1.378E-6
2.0208E-5
3.57E-7
2.92E-7
2.07E-5
2.3126E-5
3.52E-7
1.376E-5
3.07E-7
3.15E-7
1.317E-6
1.1076E-5
3.57E-7
2.71E-7
2.0736E-5
3.41E-7
3.4E-7
3.98E-7
3.29E-7
3.45E-7
2.99E-7
8.43E-7
1.9696E-5
3.18E-7
2.84E-7
2.1125E-5
2.82E-7
3.3E-7
2.4216E-5
3.2E-7
1.499E-6
2.51E-7
3.03E-7
2.1034E-5
1.5946E-5
4.7E-7
2.37E-7
3.02E-7
2.0503E-5
7.09E-7
1.5661E-5
6.06E-7
2.3446E-5
3.3E-7
1.554E-6
1.6609E-5
3.58E-7
2.99E-7
1.6751E-5
1.0766E-5
3.45E-7
2.65E-7
2.1168E-5
6.82E-7
2.1462E-5
4.3E-7
3.18E-7
2.2136E-5
3.5E-7
4.49E-6
1.6672E-5
3.63E-7
4.32E-7
2.0364E-5
7.791E-6
2.42E-7
1.7521E-5
5.32E-7
1.5586E-5
3.63E-7
1.5171E-5
3.48E-7
2.3774E-5
3.53E-7
2.1404E-5
1.5672E-5
4.19E-7
2.71E-7
2.212E-5
3.57E-7
1.7763E-5
2.0809E-5
4.21E-7
2.2717E-5
6.48E-7
2.265E-5
3.6E-7
1.7434E-5
2.0573E-5
2.84E-7
3.42E-7
2.1083E-5
2.9E-7
1.3763E-5
3.52E-7
3.49E-7
2.34E-7
2.0547E-5
7.67E-7
1.6722E-5
3.21E-7
1.2026E-5
1.351E-6
2.007E-6
3.27E-7
4.39E-7
1.5644E-5
5.9E-7
1.9523E-5
4.57E-7
9.48E-7
1.873E-6
2.99E-7
2.0675E-5
3.74E-7
2.76E-7
2.0397E-5
1.4251E-5
2.0256E-5
3.35E-7
2.0356E-5
3.62E-7
2.3218E-5
3.61E-7
6.925E-6
1.409E-6
4.07E-7
3.0E-7
5.02E-7
2.1066E-5
4.19E-7
5.0E-7
3.38E-7
2.23E-7
2.4462E-5
3.34E-7
2.2883E-5
3.52E-7
1.5557E-5
1.38E-6
5.17E-7
2.1638E-5
9.673E-6
3.32E-7
1.8646E-5
1.062E-6
2.98E-7
1.5807E-5
5.2E-7
2.87E-7
2.2557E-5
4.4E-7
2.84E-7
2.4347E-5
4.4E-7
2.4358E-5
6.02E-7
4.56E-7
2.3986E-5
2.2532E-5
4.02E-7
1.9016E-5
4.72E-7
1.511E-6
2.2885E-5
3.56E-7
3.19E-7
2.1239E-5
2.059E-6
2.106E-5
3.26E-7
2.4002E-5
2.2434E-5
3.53E-7
5.293E-6
2.72E-7
4.45E-7
3.31E-7
2.0844E-5
3.21E-7
2.2596E-5
3.21E-7
1.816E-6
2.1488E-5
6.39E-7
2.0771E-5
3.57E-7
3.64E-7
7.004E-6
2.189E-5
3.84E-7
4.85E-7
3.1E-7
4.04E-7
2.2034E-5
1.6077E-5
2.0399E-5
2.0271E-5
2.3097E-5
1.012E-6
1.351E-6
2.0923E-5
3.56E-7
2.1919E-5
3.4E-7
5.76E-7
1.6301E-5
2.2195E-5
3.35E-7
1.078E-6
1.8862E-5
5.48E-7
5.55E-7
5.15E-7
2.3644E-5
2.1419E-5
3.59E-7
2.227E-5
3.2E-7
1.5821E-5
3.72E-7
1.031E-6
5.41E-7
2.0668E-5
3.72E-7
1.66E-6
3.75E-7
3.33E-7
5.73E-7
4.336E-6
3.38E-7
1.6918E-5
3.61E-7
2.56E-7
4.02E-7
9.666E-6
1.367E-6
3.78E-7
1.9853E-5
3.01E-7
3.02E-7
5.59E-7
5.56E-7
1.031E-6
2.0539E-5
2.84E-7
1.9805E-5
2.1014E-5
2.1174E-5
2.2956E-5
9.81E-7
2.1507E-5
2.89E-7
3.1E-7
4.72E-7
4.3E-7
2.31E-7
8.92E-7
1.277E-6
2.0305E-5
3.87E-7
2.2354E-5
3.93E-7
2.98E-7
2.2346E-5
3.48E-7
2.1288E-5
1.1511E-5
2.3143E-5
2.2358E-5
4.42E-7
2.1009E-5
3.06E-7
2.1094E-5
2.2412E-5
3.71E-7
1.6128E-5
4.0E-7
1.5577E-5
1.1403E-5
2.72E-7
2.0216E-5
2.1085E-5
4.31E-7
9.15E-7
1.98E-5
2.95E-7
4.75E-7
1.5959E-5
9.24E-7
1.9964E-5
1.247E-6
1.9725E-5
3.88E-7
3.18E-7
3.26E-7
2.3657E-5
9.02E-7
3.59E-7
5.83E-7
2.72E-7
3.05E-7
1.031E-6
1.7883E-5
1.0735E-5
5.23E-7
3.86E-7
1.193E-5
2.2089E-5
4.1E-7
2.3077E-5
1.8155E-5
2.0603E-5
3.813E-6
2.1588E-5
3.63E-7
3.19E-7
3.65E-7
4.23E-7
2.0696E-5
3.77E-7
4.59E-7
1.9584E-5
4.22E-7
2.58E-7
1.69E-6
4.61E-7
2.2983E-5
3.23E-7
4.86E-7
3.48E-7
1.9983E-5
2.41E-7
5.31E-7
7.27E-7
3.12E-7
2.72E-7
3.12E-7
3.599E-6
3.1E-7
1.5862E-5
5.49E-7
5.22E-7
3.26E-7
8.78E-7
2.1195E-5
3.51E-7
5.877E-6
1.5781E-5
6.922E-6
3.17E-7
9.343E-6
2.56E-7
3.1E-7
2.0902E-5
3.03E-7
2.0969E-5
4.01E-7
3.25E-7
1.9752E-5
2.291E-5
3.37E-7
3.05E-7
2.4086E-5
4.83E-7
3.22E-7
2.3238E-5
7.611E-6
2.61E-7
2.1821E-5
5.27E-7
2.1797E-5
2.2092E-5
1.18E-6
1.281E-6
1.7234E-5
1.1418E-5
3.87E-7
2.47E-7
2.0667E-5
3.83E-7
1.064E-6
5.38E-7
2.072E-5
3.47E-7
3.22E-7
4.63E-7
3.24E-7
2.35E-7
2.025E-6
3.07E-7
1.382E-6
2.0716E-5
3.03E-7
2.0991E-5
2.0887E-5
4.18E-7
1.6317E-5
3.27E-7
5.08E-7
2.42E-7
1.7936E-5
4.07E-7
2.0043E-5
3.64E-7
2.72E-7
2.1376E-5
3.89E-7
9.612E-6
3.37E-7
3.48E-7
5.62E-7
1.2045E-5
3.16E-7
1.375E-6
1.9943E-5
3.3E-7
1.983E-6
1.6335E-5
3.35E-7
3.76E-7
5.95E-7
2.4053E-5
3.24E-7
6.19E-7
1.8312E-5
3.29E-7
1.9884E-5
2.291E-5
9.67E-7
1.6682E-5
4.51E-7
2.067E-5
3.34E-7
4.33E-7
3.2E-7
1.3044E-5
2.5E-7
1.9839E-5
2.98E-7
3.0E-7
1.8799E-5
2.83E-7
4.18E-7
8.78E-7
6.2E-7
4.69E-7
3.6E-7
3.32E-7
2.99E-7
2.1244E-5
5.44E-7
2.93E-7
3.45E-7
2.085E-5
3.07E-7
2.43E-7
2.3592E-5
3.64E-7
2.79E-7
2.3948E-5
2.95E-7
4.51E-7
7.675E-6
1.1446E-5
2.96E-7
3.99E-7
2.83E-7
6.69E-7
1.192E-6
3.53E-7
9.505E-6
2.38E-7
3.74E-7
4.04E-7
1.619E-6
2.26E-7
1.195E-6
5.69E-7
5.06E-7
3.93E-7
2.2707E-5
3.13E-7
8.141E-6
2.0609E-5
1.143E-6
4.55E-7
1.6599E-5
3.53E-7
2.58E-7
9.662E-6
2.77E-7
2.2172E-5
2.1745E-5
1.182E-6
2.39E-7
1.7187E-5
7.54E-7
4.83E-7
2.2654E-5
3.02E-7
5.2563E-5
8.71E-7
5.13E-7
7.08E-7
6.44E-7
2.3462E-5
5.1E-7
1.4586E-5
7.701E-6
8.64E-7
1.4695E-5
5.99E-7
4.08E-7
4.14E-7
2.3467E-5
2.2446E-5
1.7024E-5
1.7073E-5
5.73E-7
1.7818E-5
3.0E-7
1.8887E-5
2.92E-7
1.0713E-5
3.41E-7
4.05E-7
1.8198E-5
9.844E-6
1.8022E-5
2.92E-7
1.8234E-5
2.49E-7
2.83E-7
1.7602E-5
1.395E-6
6.46E-7
1.98E-7
2.78E-7
3.36E-7
1.8248E-5
2.05E-7
1.7697E-5
3.13E-7
2.01E-7
1.8159E-5
8.262E-6
2.5E-7
4.49E-7
2.06E-7
3.64E-7
2.65E-7
1.8264E-5
2.51E-7
1.7322E-5
1.6773E-5
2.55E-7
5.462E-6
2.18E-7
1.77E-7
1.634E-5
3.01E-7
1.7409E-5
6.72E-7
2.0465E-5
1.8077E-5
2.23E-7
3.33E-7
2.55E-7
2.16E-7
1.0188E-5
2.92E-7
1.7044E-5
2.57E-7
6.202E-6
4.18E-7
4.94E-7
1.7372E-5
3.52E-7
2.84E-7
6.09E-7
4.73E-7
1.6756E-5
1.5956E-5
2.91E-7
6.799E-6
1.3891E-5
6.46E-7
2.05E-7
1.0698E-5
3.56E-7
2.94E-7
2.43E-7
4.01E-7
1.7835E-5
5.13E-7
4.06E-7
2.47E-7
2.03E-7
1.7947E-5
1.73E-5
2.65E-7
4.05E-7
2.03E-7
2.43E-7
1.035E-6
2.49E-7
1.7504E-5
5.36E-7
2.26E-7
1.64E-7
1.2017E-5
2.4E-7
1.8218E-5
2.43E-7
1.1816E-5
2.01E-7
2.8E-7
3.988E-6
2.3E-7
3.53E-7
1.356E-6
3.59E-7
1.675E-5
1.6635E-5
2.48E-7
2.06E-7
1.7144E-5
2.2E-7
5.04E-7
1.6989E-5
2.95E-7
3.36E-7
6.337E-6
1.73E-7
2.08E-7
1.9267E-5
2.3E-7
1.7835E-5
2.4E-7
1.5227E-5
1.6534E-5
2.55E-7
2.59E-7
6.325E-6
1.91E-7
2.78E-7
1.6938E-5
2.24E-7
2.43E-7
1.6614E-5
1.76E-7
3.41E-7
2.668E-6
2.25E-7
1.7741E-5
8.59E-7
1.57E-7
4.62E-7
1.9528E-5
2.34E-7
3.26E-7
1.232E-6
2.29E-7
4.53E-7
1.7455E-5
2.25E-7
1.668E-5
1.6345E-5
2.21E-7
8.409E-6
2.15E-7
2.68E-7
2.41E-7
9.266E-6
3.2E-7
1.77E-7
4.24E-7
2.04E-7
1.1822E-5
1.73E-7
1.9113E-5
1.7231E-5
2.31E-7
4.09E-7
1.357E-5
2.53E-7
1.9198E-5
1.7271E-5
4.8E-7
4.13E-7
3.41E-7
1.3037E-5
2.37E-7
1.8248E-5
2.51E-7
2.85E-7
2.5E-7
2.11E-7
1.7437E-5
2.14E-7
1.6086E-5
1.6125E-5
2.02E-7
2.47E-7
1.3574E-5
2.28E-7
2.21E-7
5.7E-7
5.14E-7
3.26E-7
2.62E-7
1.99E-7
1.335E-5
7.7E-7
2.07E-7
4.29E-6
2.28E-7
1.79E-7
1.95E-7
2.69E-7
3.849E-6
2.59E-7
1.558E-5
5.21E-7
6.438E-6
8.545E-6
5.72E-7
2.71E-7
7.583E-6
3.98E-7
1.92E-7
2.73E-7
5.7597E-5
1.288E-6
1.9091E-5
5.31E-7
2.9E-7
2.528E-5
4.24E-7
2.1634E-5
1.094E-6
2.1133E-5
3.74E-7
1.255E-6
1.5645E-5
4.36E-7
2.0101E-5
3.97E-7
2.12E-7
1.166E-6
4.13E-7
3.11E-7
2.38E-7
2.0866E-5
3.89E-7
8.64E-7
3.72E-7
1.4794E-5
5.48E-7
3.2E-7
2.11E-7
2.55E-7
1.99E-7
2.0E-7
1.7524E-5
1.655E-5
1.9244E-5
2.39E-7
1.6934E-5
1.364E-5
3.92E-7
1.8884E-5
6.419E-6
2.2E-7
1.098E-6
1.8557E-5
2.33E-7
1.2468E-5
3.0E-7
1.8018E-5
2.29E-7
1.9559E-5
2.35E-7
2.65E-7
1.91E-7
8.2E-7
1.8238E-5
1.7911E-5
2.02E-7
4.48E-7
3.21E-7
3.1E-7
6.74E-7
4.21E-7
1.8317E-5
2.01E-7
1.6927E-5
2.32E-7
1.7862E-5
1.4848E-5
1.6447E-5
3.543E-6
1.004E-6
1.7333E-5
3.07E-7
1.89E-7
2.29E-7
2.27E-7
7.215E-6
2.26E-7
1.5969E-5
2.08E-7
1.3734E-5
1.85E-7
1.61E-7
1.7347E-5
2.13E-7
2.07E-7
1.853E-6
2.15E-7
1.0911E-5
2.01E-7
1.8006E-5
1.857E-5
1.5731E-5
1.604E-5
2.38E-7
6.75E-7
1.3176E-5
2.51E-7
2.57E-7
7.27E-7
1.8295E-5
3.11E-7
2.1907E-5
4.21E-7
1.155E-6
1.487E-6
2.2171E-5
3.86E-7
3.53E-7
8.88E-7
2.1219E-5
1.6182E-5
3.39E-7
2.1139E-5
2.1795E-5
4.06E-7
1.9941E-5
2.0798E-5
4.44E-7
2.1632E-5
2.1453E-5
3.53E-7
1.7757E-5
3.78E-7
7.9E-7
2.2005E-5
1.682E-6
6.52E-7
3.24E-7
3.5E-7
6.24E-7
3.41E-7
7.48E-7
3.25E-7
3.12E-7
2.274E-5
6.49E-7
5.643E-6
2.77E-7
3.2E-7
1.473E-6
2.75E-7
6.14E-7
3.39E-7
3.76E-7
3.01E-7
2.21E-7
4.26E-7
2.2384E-5
4.38E-7
2.0807E-5
7.566E-6
2.74E-7
1.261E-6
1.6934E-5
3.46E-7
1.6692E-5
3.16E-7
1.5833E-5
1.9569E-5
3.63E-7
3.75E-7
2.3463E-5
1.497E-6
2.2196E-5
4.23E-7
2.87E-7
2.3328E-5
3.52E-7
3.34E-7
3.87E-7
2.1111E-5
5.13E-7
3.07E-7
2.3254E-5
3.26E-7
2.249E-5
6.23E-7
2.2559E-5
4.285E-6
2.9E-7
2.65E-7
2.2329E-5
2.1231E-5
4.15E-7
2.1445E-5
3.31E-7
2.0873E-5
1.143E-6
2.091E-5
2.3262E-5
3.14E-7
2.0689E-5
1.969E-5
1.5423E-5
3.11E-7
4.0E-7
5.26E-7
2.48E-7
3.01E-7
3.1E-7
5.71E-7
1.901E-5
3.22E-7
3.16E-7
6.6E-7
3.52E-7
1.5691E-5
3.59E-7
1.015E-6
2.85E-7
2.0878E-5
2.92E-7
9.56E-7
2.0536E-5
1.9833E-5
2.3152E-5
3.48E-7
4.24E-7
2.0669E-5
3.68E-7
3.86E-7
2.82E-7
2.3666E-5
4.76E-7
2.1245E-5
8.03E-7
2.0856E-5
4.09E-7
2.3504E-5
1.9942E-5
2.1326E-5
2.0919E-5
1.612E-6
3.97E-7
3.02E-7
5.632E-6
2.0876E-5
8.169E-6
8.84E-7
2.95E-7
1.8525E-5
3.66E-7
1.339E-6
3.72E-7
2.3188E-5
3.28E-7
2.0524E-5
2.2939E-5
1.7001E-5
1.246E-6
2.94E-7
2.95E-7
2.1561E-5
3.51E-7
2.0863E-5
7.21E-7
2.1583E-5
5.89E-7
7.2E-7
2.0802E-5
8.3E-7
2.56E-7
4.02E-7
1.601E-5
3.75E-7
3.59E-7
3.0E-7
1.5279E-5
2.8E-7
6.87E-7
1.947E-5
3.22E-7
1.008E-6
4.48E-7
2.93E-7
1.7217E-5
3.33E-7
4.26E-7
1.1003E-5
2.87E-7
2.0653E-5
2.0923E-5
3.42E-7
2.71E-7
1.3636E-5
2.91E-7
1.6714E-5
4.97E-7
1.763E-5
2.301E-5
2.86E-7
1.061E-6
8.619E-6
2.83E-7
2.42E-7
4.18E-7
7.52E-7
7.26E-7
1.5195E-5
3.11E-7
1.9839E-5
2.0727E-5
8.98E-7
2.44E-7
2.63E-7
2.3641E-5
4.17E-7
2.55E-7
1.5995E-5
2.79E-7
4.12E-7
2.75E-7
2.3325E-5
1.5158E-5
1.25E-6
2.54E-7
2.74E-7
2.3266E-5
3.27E-7
2.3705E-5
1.8159E-5
2.32E-7
1.539E-6
2.1849E-5
1.127E-6
1.7187E-5
2.39E-7
2.53E-7
3.93E-7
1.809E-5
1.0306E-5
1.53E-6
1.639E-6
1.0916E-5
3.08E-7
6.2E-7
2.2814E-5
5.26E-7
1.256E-6
2.67E-7
5.78E-7
2.2469E-5
2.2755E-5
3.28E-7
3.2E-7
3.36E-7
1.93E-7
3.09E-7
5.65E-7
1.7753E-5
2.4201E-5
4.23E-7
2.03E-7
2.88E-7
2.1488E-5
4.71E-7
2.3092E-5
4.03E-7
3.09E-7
3.45E-7
7.698E-6
3.1E-7
2.1906E-5
3.55E-7
1.719E-6
2.83E-7
4.46E-7
2.2515E-5
3.64E-7
1.486E-6
2.0723E-5
3.02E-7
2.74E-7
2.5E-7
1.6435E-5
4.24E-7
2.85E-7
2.26E-7
1.5533E-5
3.39E-7
4.53E-7
2.0756E-5
3.26E-7
3.13E-7
2.1323E-5
3.24E-7
1.8646E-5
2.95E-7
3.79E-7
2.2715E-5
2.95E-7
1.754E-6
2.88E-7
2.9E-7
1.7029E-5
3.57E-7
2.4268E-5
3.13E-7
3.2E-7
2.35E-7
4.19E-7
2.77E-7
1.139E-6
2.55E-7
4.53E-7
2.3571E-5
2.48E-7
2.6E-7
2.4198E-5
2.88E-7
2.3023E-5
2.4089E-5
2.3351E-5
4.32E-7
2.99E-7
2.1287E-5
2.89E-7
1.142E-5
2.79E-7
1.864E-6
4.66E-7
1.376E-6
2.0891E-5
2.0206E-5
6.27E-7
3.28E-7
2.2043E-5
3.63E-7
4.66E-7
1.5271E-5
3.59E-7
2.84E-7
2.1381E-5
3.06E-7
2.6E-7
2.1628E-5
3.411E-6
6.06E-7
3.77E-7
2.0881E-5
3.1E-7
1.8822E-5
1.7965E-5
2.091E-5
2.82E-7
2.1977E-5
3.91E-7
1.713E-6
2.4342E-5
1.371E-6
4.16E-7
2.3278E-5
4.41E-7
2.5E-7
2.1186E-5
2.75E-7
2.1433E-5
1.519E-6
5.29E-7
2.61E-7
9.03E-7
2.0101E-5
2.82E-7
1.694E-6
2.92E-7
1.8869E-5
4.18E-7
3.37E-7
1.24E-6
2.77E-7
4.01E-7
3.16E-7
4.35E-7
9.21E-7
5.679E-6
4.48E-7
2.56E-7
3.44E-7
2.93E-7
4.36E-7
4.62E-7
3.96E-7
2.0817E-5
3.44E-7
2.77E-7
1.3579E-5
2.0168E-5
4.16E-7
8.63E-7
5.49E-7
3.42E-7
3.93E-7
7.368E-6
4.7E-7
4.12E-7
7.252E-6
2.19E-7
3.56E-7
2.2913E-5
1.753E-5
2.0519E-5
3.884E-6
4.51E-7
2.86E-7
4.01E-7
2.55E-7
6.94E-7
2.0111E-5
3.7E-7
2.4038E-5
3.31E-7
1.9958E-5
3.06E-7
9.71E-7
2.3391E-5
4.05E-7
2.1311E-5
1.187E-6
2.57E-7
2.94E-7
1.8838E-5
2.83E-7
3.76E-7
2.1329E-5
2.59E-7
4.03E-7
2.2817E-5
2.88E-7
1.6443E-5
2.0885E-5
2.0438E-5
2.3042E-5
1.067E-6
1.6537E-5
2.1902E-5
3.38E-7
2.0585E-5
4.94E-7
6.59E-7
2.81E-7
3.41E-7
1.6797E-5
3.33E-7
2.86E-7
5.9E-7
2.78E-7
3.49E-7
8.964E-6
9.96E-7
2.55E-7
4.43E-7
2.0352E-5
3.55E-7
2.1479E-5
3.99E-7
2.76E-7
2.15E-7
4.65E-7
1.9868E-5
2.071E-6
1.8563E-5
3.27E-7
4.0E-7
2.1915E-5
7.08E-7
4.09E-7
1.6997E-5
2.99E-7
1.4693E-5
2.54E-7
2.89E-7
2.89E-7
2.1565E-5
3.25E-7
2.2598E-5
4.44E-7
7.55E-7
2.4519E-5
2.4632E-5
2.97E-7
8.33E-7
9.0E-7
7.57E-7
3.05E-7
4.69E-7
3.66E-7
1.008E-6
2.94E-7
4.17E-7
7.661E-6
3.73E-7
1.258E-6
8.22E-7
2.4408E-5
5.07E-7
2.33E-7
4.83E-7
1.7266E-5
2.2503E-5
3.16E-7
2.4562E-5
3.32E-7
1.6873E-5
3.18E-7
2.1067E-5
3.2E-7
8.09E-7
2.81E-7
2.49E-7
2.1534E-5
3.3E-7
2.1281E-5
7.771E-6
3.59E-7
3.88E-7
3.9E-7
2.63E-7
2.0942E-5
5.31E-7
6.71E-7
1.6214E-5
3.7E-7
4.64E-7
7.203E-6
3.3E-7
2.5044E-5
3.59E-7
2.469E-5
4.33E-7
2.4403E-5
2.83E-7
3.88E-7
2.72E-7
2.0751E-5
2.4011E-5
2.78E-7
3.23E-7
3.9E-7
1.7706E-5
3.56E-7
2.373E-5
2.54E-7
4.39E-7
3.54E-7
1.532E-6
1.84E-7
2.2787E-5
2.9E-7
2.63E-7
2.0941E-5
2.41E-7
1.0125E-5
3.3E-7
6.367E-6
1.6075E-5
4.57E-7
2.16E-7
1.236E-6
3.63E-7
2.36E-7
4.48E-7
3.02E-7
3.66E-7
3.71E-7
1.077E-6
2.27E-7
2.76E-7
9.091E-6
3.42E-7
6.25E-7
1.7925E-5
7.08E-7
2.65E-7
2.2408E-5
4.52E-7
1.1834E-5
4.17E-7
1.617E-6
3.15E-7
9.176E-6
2.0446E-5
7.18E-7
2.63E-7
2.3033E-5
3.12E-7
2.94E-7
9.124E-6
2.9E-7
2.4519E-5
2.3729E-5
6.77E-7
8.81E-7
3.22E-7
3.86E-7
1.496E-6
2.82E-7
3.08E-7
5.92E-7
2.68E-7
2.5083E-5
2.45E-7
2.3872E-5
2.75E-7
1.6279E-5
3.57E-7
2.0959E-5
1.8366E-5
1.692E-6
3.66E-7
7.887E-6
5.59E-7
7.214E-6
2.0747E-5
1.124E-6
3.77E-7
1.4027E-5
3.74E-7
3.84E-7
2.85E-7
3.78E-7
8.897E-6
2.73E-7
1.7136E-5
3.28E-7
2.46E-7
2.1788E-5
2.95E-7
2.4651E-5
4.12E-7
4.87E-7
3.31E-7
1.234E-6
3.36E-7
2.3553E-5
5.02E-7
2.22E-7
4.84E-7
3.31E-7
2.63E-7
3.91E-7
3.57E-7
5.89E-7
1.7512E-5
3.25E-7
3.57E-7
3.06E-7
1.124E-5
4.85E-7
3.41E-7
2.4087E-5
1.107E-6
2.0758E-5
6.2E-7
2.2121E-5
2.87E-7
2.2795E-5
1.9254E-5
2.0617E-5
3.48E-7
2.4189E-5
3.08E-7
9.08E-7
1.6941E-5
2.66E-7
2.229E-5
3.28E-7
1.3E-6
1.085E-6
3.06E-7
1.4038E-5
4.78E-7
4.28E-7
3.43E-7
3.27E-7
2.61E-7
3.08E-7
2.74E-7
7.86E-7
2.26E-7
2.38E-7
4.99E-7
2.3167E-5
3.05E-7
3.18E-7
4.52E-7
2.92E-7
2.76E-7
3.45E-7
3.68E-7
2.9E-7
2.75E-7
3.33E-7
2.69E-7
2.83E-7
2.2903E-5
2.1353E-5
3.02E-7
3.99E-7
1.076E-6
1.64E-5
2.82E-7
2.0547E-5
2.85E-7
3.7E-7
5.89E-7
3.73E-7
2.62E-7
5.81E-7
2.3386E-5
2.41E-7
1.392E-6
3.05E-7
4.27E-7
2.3254E-5
3.7E-7
3.78E-7
2.9E-7
6.38E-7
2.0122E-5
2.78E-7
4.07E-7
3.5E-7
1.6611E-5
3.09E-7
2.1504E-5
4.14E-7
2.2716E-5
4.14E-7
1.7568E-5
4.34E-7
2.0626E-5
3.46E-7
2.3108E-5
3.9E-7
2.244E-5
3.69E-7
3.58E-7
1.302E-6
1.604E-5
3.67E-7
1.9805E-5
2.8E-7
2.43E-7
5.38E-7
4.15E-7
2.28E-7
2.2193E-5
3.32E-7
2.86E-7
2.49E-7
2.3349E-5
3.9E-7
2.1341E-5
2.1287E-5
2.1024E-5
9.78E-7
2.1302E-5
3.58E-7
6.194E-6
2.48E-7
2.0676E-5
3.93E-7
2.1913E-5
2.57E-7
4.65E-7
4.67E-7
4.5E-7
2.097E-5
3.5E-7
3.33E-7
2.0274E-5
3.24E-7
2.79E-7
3.39E-7
2.31E-7
2.1774E-5
2.1628E-5
2.83E-7
2.23E-7
3.69E-7
3.24E-7
4.17E-7
2.1332E-5
2.79E-7
2.3E-7
2.1991E-5
2.68E-7
1.9307E-5
4.2E-7
2.2324E-5
3.96E-7
2.4615E-5
1.8718E-5
3.2E-7
3.84E-7
1.9136E-5
3.81E-7
2.2365E-5
2.52E-7
7.01E-7
1.7476E-5
1.477E-5
1.6183E-5
2.55E-7
1.9869E-5
4.0E-7
2.17E-7
1.289E-6
1.5567E-5
3.64E-7
2.0845E-5
3.25E-7
2.291E-5
2.75E-7
2.3891E-5
3.23E-7
5.19E-7
3.11E-7
3.18E-7
2.72E-7
3.05E-7
1.161E-5
2.52E-7
4.43E-7
2.86E-7
1.0103E-5
2.95E-7
3.13E-7
5.982E-6
7.982E-6
3.03E-7
2.2239E-5
3.44E-7
2.2138E-5
3.09E-7
4.52E-7
2.2659E-5
1.5804E-5
2.37E-7
1.9849E-5
2.8E-7
3.04E-7
2.1914E-5
2.86E-7
2.2128E-5
2.72E-7
2.91E-7
2.3553E-5
6.593E-6
3.32E-7
2.65E-7
2.7734E-5
2.2163E-5
3.06E-7
2.18E-7
4.78E-7
2.2943E-5
3.35E-7
2.52E-7
5.67E-7
1.4429E-5
2.64E-7
1.7094E-5
2.5025E-5
4.82E-7
3.47E-7
2.3106E-5
2.0601E-5
3.3E-7
3.81E-7
3.29E-7
2.1982E-5
3.27E-7
6.04E-7
2.0698E-5
4.51E-7
1.7028E-5
3.07E-7
2.2245E-5
2.73E-7
1.6771E-5
2.0376E-5
3.12E-7
3.37E-7
1.9472E-5
1.658E-6
3.74E-7
1.617E-5
3.15E-7
1.9175E-5
3.04E-7
5.02E-7
3.15E-7
4.29E-7
2.94E-7
1.8686E-5
3.79E-7
2.66E-7
3.06E-7
1.6036E-5
3.01E-7
2.56E-7
2.1957E-5
2.61E-7
2.97E-7
2.1948E-5
3.11E-7
3.51E-7
1.4829E-5
3.12E-7
3.62E-7
4.12E-7
3.32E-7
1.8043E-5
2.2789E-5
3.18E-7
2.0806E-5
3.32E-7
2.2599E-5
1.7098E-5
2.0504E-5
4.094E-6
1.104E-6
4.01E-7
3.77E-7
4.19E-7
2.56E-7
6.369E-6
1.9518E-5
1.222E-6
3.33E-7
3.08E-7
2.3083E-5
1.6054E-5
2.29E-7
2.0636E-5
3.35E-7
3.67E-7
1.9759E-5
2.15E-7
2.0875E-5
1.492E-6
1.9548E-5
2.43E-7
2.3464E-5
2.6E-7
2.1709E-5
2.51E-7
2.3E-7
4.79E-7
1.6024E-5
2.76E-7
1.9658E-5
3.56E-7
2.71E-7
6.143E-6
3.13E-7
1.9829E-5
2.64E-7
2.1971E-5
3.85E-7
1.1386E-5
2.72E-7
2.81E-7
1.239E-6
3.01E-7
2.74E-7
2.0725E-5
1.5804E-5
1.239E-6
2.75E-7
2.9E-7
2.73E-7
9.28E-7
2.46E-7
3.98E-7
6.839E-6
5.07E-7
2.36E-7
1.306E-5
4.55E-7
4.67E-7
1.7149E-5
1.588E-5
4.8E-7
1.259E-5
2.48E-7
3.25E-7
7.49E-7
3.3E-7
2.3631E-5
3.31E-7
1.4564E-5
2.94E-7
1.7535E-5
4.04E-7
2.63E-7
1.2559E-5
3.6E-7
1.4829E-5
4.51E-7
2.164E-5
1.7639E-5
3.28E-7
2.1136E-5
9.52E-7
5.64E-7
2.79E-7
1.008E-6
1.3082E-5
2.3411E-5
3.34E-7
2.1634E-5
3.42E-7
3.25E-7
9.27E-7
3.27E-7
3.24E-7
3.93E-7
2.3813E-5
2.2726E-5
3.38E-7
1.99E-7
2.3056E-5
3.2E-7
1.053E-6
3.11E-7
1.67E-7
1.6998E-5
1.5707E-5
3.23E-7
2.1991E-5
1.2469E-5
2.73E-7
2.72E-7
3.06E-7
9.484E-6
5.65E-7
1.603E-6
1.651E-6
3.31E-7
2.1657E-5
5.36E-7
2.1451E-5
2.25E-7
2.64E-7
2.2128E-5
4.09E-7
2.1845E-5
3.8E-7
3.51E-7
4.16E-7
2.66E-7
3.2E-7
4.42E-7
2.4068E-5
3.52E-7
2.75E-7
4.94E-7
2.335E-5
8.38E-7
6.49E-7
2.028E-5
1.8492E-5
2.52E-7
3.92E-7
2.3094E-5
2.3031E-5
1.8295E-5
2.94E-7
2.86E-7
4.29E-7
2.2473E-5
4.01E-7
2.52E-7
2.94E-7
1.6864E-5
2.2078E-5
1.6254E-5
2.58E-7
2.1243E-5
4.81E-7
4.61E-7
3.45E-7
4.0E-7
1.6401E-5
2.86E-7
2.0413E-5
4.01E-7
3.33E-7
2.391E-5
2.37E-7
2.43E-7
1.734E-6
2.96E-7
2.196E-5
2.3836E-5
2.1935E-5
4.77E-7
3.34E-7
1.469E-6
2.57E-7
2.3444E-5
3.99E-7
3.67E-7
4.62E-7
4.98E-7
2.2255E-5
3.39E-7
2.95E-7
2.65E-7
5.003E-6
2.64E-7
1.263E-6
2.74E-7
4.16E-7
2.49E-7
1.7009E-5
3.1E-7
2.26E-7
2.0557E-5
2.81E-7
1.297E-5
1.37E-6
2.2975E-5
3.81E-7
2.78E-7
3.22E-7
9.78E-6
2.71E-7
1.239E-6
2.0391E-5
2.53E-7
1.6471E-5
4.81E-7
1.286E-6
3.43E-7
2.3514E-5
1.3292E-5
2.0155E-5
3.06E-7
1.9949E-5
5.65E-7
2.63E-7
2.3337E-5
1.9426E-5
4.59E-7
2.278E-5
2.1595E-5
4.41E-7
1.943E-5
2.94E-7
3.67E-7
1.3274E-5
2.69E-7
2.97E-7
1.9065E-5
2.77E-7
1.3979E-5
2.87E-7
1.6475E-5
2.51E-7
2.23E-7
1.8961E-5
1.3156E-5
1.89E-7
1.7038E-5
8.54E-7
1.7284E-5
2.28E-7
6.16E-7
1.4875E-5
3.92E-7
1.3965E-5
2.69E-7
2.74E-7
1.0418E-5
1.82E-7
7.387E-6
2.37E-7
1.705E-5
2.27E-7
1.7737E-5
1.87E-7
2.89E-7
1.0476E-5
1.94E-5
3.49E-7
1.49E-7
5.411E-6
1.0911E-5
1.8186E-5
2.08E-7
2.23E-7
9.3E-7
2.12E-7
1.8948E-5
1.86E-7
1.1353E-5
2.23E-7
2.71E-7
4.67E-7
1.46E-7
1.3761E-5
1.6734E-5
6.41E-7
6.15E-6
4.02E-7
6.717E-6
2.06E-7
4.18E-7
7.165E-6
2.72E-7
4.04E-7
1.7684E-5
1.7969E-5
3.11E-7
9.47E-7
9.86E-7
1.7125E-5
2.57E-7
1.6968E-5
2.1E-7
1.3994E-5
1.925E-5
1.6425E-5
1.7576E-5
3.47E-7
1.7013E-5
3.52E-7
2.19E-7
5.5E-7
1.9294E-5
2.82E-7
2.28E-7
2.87E-7
1.99E-7
1.055E-6
1.365E-6
1.7E-7
2.14E-7
1.6671E-5
2.3E-7
5.06E-7
1.7652E-5
1.6287E-5
7.06E-6
3.34E-7
2.66E-7
2.52E-7
1.48E-7
2.05E-7
1.951E-6
3.73E-7
1.9035E-5
3.54E-7
1.99E-7
1.7547E-5
3.28E-7
2.91E-7
4.64E-7
1.3107E-5
2.31E-7
1.654E-5
1.3135E-5
1.77E-7
1.6581E-5
3.79E-7
1.55E-7
3.1E-7
1.5658E-5
2.86E-7
3.32E-7
9.09E-7
3.74E-7
3.61E-7
8.22E-7
3.07E-7
1.1378E-5
1.5796E-5
2.63E-7
1.72E-5
2.08E-7
2.38E-7
3.38E-7
1.0861E-5
2.95E-7
6.21E-7
1.895E-5
2.07E-7
2.23E-7
3.69E-7
1.0534E-5
1.1698E-5
1.74E-7
1.9002E-5
2.5E-7
6.77E-7
1.3272E-5
2.38E-7
3.01E-7
1.7096E-5
3.94E-7
2.45E-7
3.05E-7
1.4903E-5
1.8501E-5
2.03E-7
2.8E-7
5.287E-6
1.7229E-5
3.94E-7
6.38E-7
1.7E-7
2.32E-7
6.29E-7
2.03E-7
1.8701E-5
1.4416E-5
7.44E-7
2.39E-7
9.79E-7
1.222E-6
1.76E-7
2.03E-7
2.28E-7
1.6117E-5
2.45E-7
2.3676E-5
2.83E-7
4.3E-7
2.39E-7
2.0532E-5
5.04E-7
2.1515E-5
4.13E-7
4.53E-7
4.32E-7
4.8E-7
2.82E-7
4.88E-7
2.77E-7
3.58E-7
1.6841E-5
2.1947E-5
2.94E-7
1.69E-6
2.35E-7
3.88E-7
3.03E-7
2.84E-7
2.35E-7
2.42E-7
2.43E-7
2.65E-7
2.2105E-5
2.86E-7
7.91E-7
2.69E-7
6.05E-7
6.664E-6
2.62E-7
2.1745E-5
3.33E-7
2.4271E-5
3.21E-7
1.7755E-5
3.44E-7
2.57E-7
2.1071E-5
1.586E-6
4.03E-7
2.94E-7
2.17E-7
2.29E-7
5.84E-7
3.07E-7
1.617E-6
3.07E-7
2.7E-7
2.58E-7
3.27E-7
2.54E-7
2.4477E-5
2.58E-7
3.15E-7
3.214E-6
4.07E-7
2.26E-7
2.1058E-5
4.01E-7
2.3638E-5
3.11E-7
2.2079E-5
2.78E-7
1.245E-6
2.55E-7
1.89E-7
5.15E-7
2.3071E-5
2.3084E-5
1.8194E-5
2.0671E-5
3.714E-6
1.0505E-5
3.28E-7
8.264E-6
3.07E-7
2.0436E-5
2.32E-7
9.8E-7
1.388E-6
3.16E-7
3.16E-7
2.3336E-5
4.15E-7
6.0E-7
3.47E-7
2.2044E-5
2.34E-7
2.77E-7
7.681E-6
2.86E-7
3.04E-7
3.18E-7
2.3265E-5
2.37E-7
2.2112E-5
2.0321E-5
3.68E-7
4.23E-7
2.1201E-5
3.19E-7
1.9753E-5
2.58E-7
2.64E-7
3.15E-7
4.42E-7
5.1E-7
1.9E-7
3.26E-7
1.847E-6
4.08E-7
2.1691E-5
3.41E-7
9.368E-6
2.19E-7
2.98E-7
1.73E-7
2.1433E-5
1.122E-6
1.095E-6
1.8009E-5
2.68E-7
9.33E-7
2.4176E-5
2.85E-7
3.05E-7
1.359E-6
2.58E-7
2.83E-7
2.1122E-5
1.394E-6
1.481E-6
2.62E-7
1.738E-6
3.8E-7
1.88E-7
5.61E-7
2.65E-7
2.072E-5
3.28E-7
4.72E-7
5.45E-7
2.49E-7
2.44E-7
2.1686E-5
3.22E-7
2.4528E-5
2.9E-7
1.8911E-5
3.55E-7
4.07E-7
1.881E-6
3.18E-7
2.62E-7
2.79E-7
1.2649E-5
2.071E-5
2.46E-7
1.5726E-5
2.66E-7
2.1479E-5
1.0003E-5
2.51E-7
2.69E-7
1.6572E-5
1.6085E-5
3.47E-7
2.2839E-5
3.39E-7
2.1816E-5
1.179E-6
2.2858E-5
2.61E-7
2.56E-7
2.2663E-5
3.05E-7
4.03E-7
2.48E-7
2.3677E-5
3.14E-7
1.865E-5
3.36E-7
2.1193E-5
2.7E-7
3.39E-7
2.3153E-5
2.21E-7
1.5675E-5
3.95E-7
2.3414E-5
2.8E-7
2.73E-7
2.0387E-5
4.66E-7
1.705E-6
1.337E-6
3.15E-7
2.73E-7
2.1383E-5
3.5E-7
1.7875E-5
1.29E-6
3.75E-7
2.97E-7
3.1E-7
2.53E-7
2.0373E-5
1.7947E-5
3.13E-7
2.71E-7
2.0079E-5
2.34E-7
2.1151E-5
2.47E-7
2.57E-7
2.3428E-5
3.22E-7
2.1841E-5
3.15E-7
7.708E-6
4.44E-7
2.2944E-5
3.04E-7
2.2583E-5
2.3546E-5
3.54E-7
3.22E-7
9.83E-7
2.1169E-5
9.881E-6
1.29E-6
2.65E-7
2.69E-7
5.96E-6
2.97E-7
2.64E-7
7.044E-6
3.14E-7
2.2E-7
2.8E-7
3.09E-7
3.25E-7
2.1405E-5
3.05E-7
2.81E-7
1.382E-6
7.297E-6
3.11E-7
1.8791E-5
2.33E-7
6.41E-7
2.1682E-5
6.28E-7
1.9951E-5
7.16E-7
3.38E-7
1.9374E-5
1.695E-6
3.25E-7
1.274E-5
2.33E-7
1.9517E-5
2.82E-7
1.6323E-5
2.74E-7
1.8634E-5
2.43E-7
2.25E-7
4.01E-7
1.6691E-5
3.55E-7
2.0328E-5
1.6004E-5
3.01E-7
2.303E-5
2.82E-7
2.0932E-5
2.97E-7
2.3623E-5
3.4E-7
2.3758E-5
3.68E-7
2.46E-7
3.82E-7
2.68E-7
2.4582E-5
7.719E-6
2.59E-7
9.818E-6
2.1729E-5
4.35E-7
1.5896E-5
2.0601E-5
1.147E-6
2.2337E-5
9.08E-7
2.524E-5
2.3229E-5
3.09E-7
3.48E-7
2.89E-7
2.4156E-5
3.57E-7
2.337E-5
2.258E-5
2.1718E-5
3.24E-7
2.2703E-5
3.33E-7
4.25E-7
2.73E-7
1.09E-6
2.42E-7
2.3288E-5
3.52E-7
2.1926E-5
3.84E-7
2.0667E-5
2.0613E-5
2.49E-7
9.01E-7
1.9429E-5
2.2572E-5
3.7E-7
2.1671E-5
2.62E-7
3.37E-7
2.26E-7
9.05E-7
1.5605E-5
3.62E-7
2.6E-7
2.0902E-5
1.802E-6
2.0318E-5
3.07E-7
3.68E-7
2.2729E-5
2.8E-7
2.1171E-5
2.4E-7
2.75E-7
2.0688E-5
3.02E-7
6.5E-7
1.94E-7
1.8616E-5
8.422E-6
5.83E-7
9.574E-6
3.2E-7
2.52E-7
4.58E-7
2.31E-7
1.9746E-5
4.55E-7
2.2037E-5
4.09E-7
1.8872E-5
2.395E-5
2.0945E-5
2.65E-7
2.64E-7
1.9914E-5
1.7301E-5
4.25E-7
4.232E-6
2.68E-7
1.8833E-5
3.74E-7
2.0E-7
1.9182E-5
2.59E-7
5.682E-6
8.734E-6
2.84E-7
2.51E-7
5.31E-7
4.05E-7
3.78E-7
2.0436E-5
4.04E-7
4.0E-7
2.48E-7
2.2807E-5
1.287E-5
2.69E-7
3.32E-7
2.46E-7
1.5772E-5
3.53E-7
1.87E-7
2.0491E-5
2.62E-7
4.11E-7
2.7E-7
1.1091E-5
3.31E-7
2.58E-7
1.9974E-5
2.99E-7
2.84E-7
4.43E-7
1.9358E-5
8.56E-7
1.9212E-5
2.71E-7
2.1062E-5
2.025E-6
4.37E-7
3.13E-7
2.38E-7
2.4308E-5
2.1229E-5
3.72E-7
2.1187E-5
3.17E-7
5.66E-7
2.3832E-5
1.9812E-5
2.52E-7
2.1193E-5
3.1E-7
3.02E-7
2.2192E-5
1.9981E-5
2.88E-7
2.95E-7
2.1551E-5
1.149E-6
2.11E-7
1.7195E-5
2.1034E-5
6.13E-7
3.46E-7
3.14E-7
2.269E-5
4.41E-7
2.47E-7
5.54E-7
2.49E-7
2.407E-5
2.73E-7
3.3E-7
3.34E-7
2.52E-7
2.3356E-5
2.45E-7
2.61E-7
1.6265E-5
2.97E-7
2.243E-5
4.14E-7
2.76E-7
2.2873E-5
6.28E-7
2.4E-7
2.75E-7
1.49E-5
1.841E-6
2.37E-7
4.13E-7
3.01E-7
1.7192E-5
2.9E-7
2.48E-7
2.2528E-5
3.63E-7
2.1286E-5
4.36E-7
4.53E-7
2.18E-7
2.266E-5
2.92E-7
1.3E-6
2.75E-7
2.0895E-5
3.54E-7
2.0595E-5
4.0E-7
2.72E-7
3.1E-7
1.87E-7
2.3206E-5
2.37E-7
3.33E-7
6.407E-6
2.08E-7
2.2626E-5
4.2E-7
2.074E-5
4.0E-7
6.5E-7
3.19E-7
7.53E-7
2.39E-7
2.34E-7
3.95E-7
2.55E-7
2.0921E-5
2.62E-7
4.76E-7
1.273E-6
3.06E-7
2.48E-7
1.014E-6
3.07E-7
1.363E-6
2.87E-7
2.8E-7
7.99E-7
2.27E-7
2.0191E-5
4.92E-7
2.62E-7
4.73E-7
1.671E-5
1.9897E-5
3.2E-7
3.185E-6
2.2402E-5
2.1383E-5
1.5894E-5
3.73E-7
2.278E-5
2.6478E-5
4.64E-7
9.96E-7
1.156E-6
2.97E-7
2.97E-7
5.3E-7
2.1839E-5
3.178E-6
2.3897E-5
3.36E-7
4.7768E-5
3.95E-7
2.1941E-5
5.85E-7
2.96E-7
1.187E-6
2.1054E-5
3.01E-7
3.24E-7
3.83E-7
1.2956E-5
2.23E-7
1.6653E-5
3.42E-7
2.74E-7
1.7439E-5
4.16E-7
1.1034E-5
2.15E-7
4.77E-7
1.21E-6
1.0908E-5
2.21E-7
1.8684E-5
1.533E-5
1.6857E-5
3.414E-6
1.5317E-5
1.4997E-5
1.3847E-5
2.38E-7
2.75E-7
1.6998E-5
1.7429E-5
2.11E-7
1.5305E-5
3.05E-7
1.75E-7
1.38E-5
1.7093E-5
2.21E-7
2.37E-7
2.753E-6
2.02E-7
2.54E-7
1.5343E-5
2.3E-7
1.6593E-5
8.22E-7
1.47E-7
1.9822E-5
2.36E-7
3.73E-7
1.546E-5
2.45E-7
1.74E-7
1.5723E-5
7.788E-6
2.78E-7
3.61E-7
1.8911E-5
3.29E-7
1.5018E-5
1.89E-7
1.98E-7
1.9941E-5
1.5788E-5
2.41E-7
2.04E-7
1.9183E-5
1.339E-5
1.4736E-5
2.54E-7
1.7155E-5
2.75E-7
1.5354E-5
1.9025E-5
9.62E-7
9.03E-7
1.6038E-5
3.0E-7
3.32E-7
2.9E-7
1.9451E-5
3.41E-7
4.48E-7
1.55E-7
5.35E-7
3.2E-7
2.65E-7
5.82E-7
2.33E-7
1.9405E-5
2.89E-7
1.3719E-5
2.44E-7
1.7267E-5
2.41E-7
1.8985E-5
2.3E-7
3.88E-7
1.8986E-5
2.19E-7
1.8771E-5
1.2872E-5
8.34E-7
1.6E-7
1.85E-7
7.419E-6
2.34E-7
4.242E-6
4.703E-6
2.2E-7
2.28E-7
5.95E-7
1.59E-7
8.14E-7
8.23E-7
1.58E-7
3.73E-7
1.7787E-5
1.7876E-5
2.65E-7
3.65E-7
1.011E-6
4.0E-7
1.7639E-5
2.41E-7
1.952E-5
2.24E-7
1.8E-7
3.01E-7
1.703E-5
3.25E-7
3.06E-7
6.71E-7
1.874E-5
1.5197E-5
2.13E-7
1.4179E-5
2.51E-7
5.93E-7
1.7211E-5
2.53E-7
1.6356E-5
3.28E-7
2.76E-7
1.84E-7
3.94E-7
2.01E-7
2.12E-7
9.29E-7
1.6918E-5
2.52E-7
1.781E-6
2.33E-7
1.9183E-5
3.14E-7
1.9224E-5
2.7E-7
2.83E-7
9.07E-7
5.38E-7
1.65E-7
4.35E-7
4.87E-7
1.004E-6
1.4497E-5
2.52E-7
5.53E-7
1.6181E-5
1.75E-7
1.6822E-5
3.26E-7
2.37E-7
1.6381E-5
1.99E-7
6.659E-6
5.738E-6
7.17E-7
2.34E-7
1.8328E-5
6.497E-6
1.3133E-5
2.23E-7
1.7418E-5
2.38E-7
3.71E-7
1.51E-7
6.5E-7
1.75E-7
1.394E-5
9.189E-6
1.64E-7
1.9308E-5
1.73E-7
1.6766E-5
5.22E-7
5.0E-7
1.92E-7
3.49E-7
2.17E-7
1.9394E-5
1.85E-7
1.841E-5
2.33E-7
1.287E-5
2.05E-7
1.3309E-5
1.6032E-5
2.02E-7
2.4E-7
6.39E-7
7.93E-7
4.2E-7
2.35E-7
5.114E-6
1.7807E-5
6.208E-6
2.03E-7
7.488E-6
4.43E-7
1.5801E-5
4.28E-7
1.91E-7
4.048E-6
6.335E-6
2.63E-7
1.8448E-5
2.45E-7
1.7469E-5
1.85E-7
1.287E-6
2.36E-7
2.1E-7
2.09E-7
1.3637E-5
2.76E-7
3.51E-7
2.46E-7
1.93E-7
8.97E-7
2.15E-7
6.25E-6
2.57E-7
1.4345E-5
2.27E-7
1.6659E-5
5.69E-7
7.56E-7
1.3016E-5
2.43E-7
1.6482E-5
2.74E-7
1.98E-7
4.19E-7
1.5686E-5
1.9423E-5
1.8827E-5
1.8103E-5
4.09E-7
2.04E-7
2.29E-7
7.63E-7
6.241E-6
1.7E-7
1.257E-6
3.89E-7
2.72E-7
1.7053E-5
1.8274E-5
2.9E-7
5.79E-7
4.9E-7
2.04E-7
1.98E-7
1.3796E-5
1.0134E-5
1.6192E-5
6.631E-6
2.07E-7
4.44E-7
1.6036E-5
1.99E-7
1.6575E-5
1.7715E-5
2.46E-7
1.6334E-5
2.71E-7
2.37E-7
5.76E-7
1.96E-7
1.832E-5
1.6595E-5
2.19E-7
2.5298E-5
7.64E-7
4.95E-7
2.83E-7
1.786E-6
2.2412E-5
2.1268E-5
2.4316E-5
5.11E-7
2.1457E-5
9.338E-6
3.42E-7
1.6625E-5
1.8112E-5
3.4E-7
2.0166E-5
1.424E-6
4.21E-7
5.44E-7
1.9674E-5
1.6563E-5
2.87E-7
1.9961E-5
3.45E-7
9.42E-7
7.1E-7
1.9004E-5
3.17E-7
1.9441E-5
2.4484E-5
4.89E-7
1.907E-5
3.0E-7
2.3418E-5
3.78E-7
2.1101E-5
2.63E-7
2.81E-7
1.5489E-5
4.07E-7
4.51E-7
2.428E-5
5.23E-7
1.5188E-5
1.041E-6
3.88E-7
2.0578E-5
2.93E-7
2.22E-7
2.23E-7
2.3702E-5
1.1393E-5
3.26E-7
2.63E-7
6.83E-7
2.1441E-5
4.74E-7
4.062E-6
2.98E-7
4.89E-7
2.91E-7
7.72E-7
2.2574E-5
2.1686E-5
3.24E-7
2.22E-7
3.27E-7
8.08E-7
1.8858E-5
4.29E-7
3.6E-7
2.92E-7
2.47E-7
2.3058E-5
2.0608E-5
3.71E-7
2.0868E-5
5.2E-7
2.1665E-5
5.31E-7
5.73E-7
2.3451E-5
3.55E-7
4.14E-7
2.2283E-5
3.43E-7
8.67E-7
9.215E-6
3.6E-7
1.5791E-5
1.049E-6
4.01E-7
2.28E-7
2.97E-7
1.1018E-5
1.5953E-5
3.22E-7
2.049E-5
4.31E-7
2.67E-7
2.3162E-5
5.77E-7
2.0861E-5
3.03E-7
1.6004E-5
3.29E-7
5.25E-7
4.75E-7
3.07E-7
9.769E-6
2.34E-7
6.107E-6
1.2517E-5
2.0369E-5
2.2176E-5
5.04E-7
1.612E-6
2.1075E-5
3.57E-7
3.08E-7
4.07E-7
1.5831E-5
2.0702E-5
2.59E-7
2.133E-5
2.1811E-5
2.57E-7
1.6727E-5
3.05E-7
2.2274E-5
3.58E-7
3.07E-7
1.6349E-5
4.19E-7
2.3591E-5
3.54E-7
3.09E-7
2.5E-7
1.512E-6
2.0714E-5
2.95E-7
2.2777E-5
4.51E-7
5.43E-7
1.363E-6
2.74E-7
6.579E-6
2.2439E-5
3.59E-7
2.1126E-5
1.56E-5
8.59E-7
1.9418E-5
3.42E-7
2.3356E-5
2.2524E-5
3.79E-7
2.73E-7
1.048E-6
2.0748E-5
4.57E-7
3.86E-7
3.69E-7
3.44E-7
1.6363E-5
3.37E-7
2.1457E-5
1.9371E-5
4.73E-7
3.5E-7
2.1089E-5
1.091E-6
3.08E-7
1.5823E-5
3.26E-7
2.0382E-5
2.2259E-5
1.7977E-5
2.0367E-5
3.89E-6
5.87E-7
4.37E-7
2.4114E-5
3.71E-7
2.0654E-5
2.4609E-5
7.7308E-5
6.99E-7
4.92E-7
2.3903E-5
3.35E-7
2.4518E-5
1.6553E-5
3.24E-7
2.132E-5
3.68E-7
4.72E-7
2.39E-7
2.3974E-5
3.93E-7
2.2905E-5
3.94E-7
4.59E-7
2.2486E-5
2.1629E-5
3.55E-7
3.48E-7
2.3985E-5
2.2122E-5
1.487E-6
2.122E-5
4.71E-7
1.136E-6
1.4089E-5
5.73E-7
3.98E-7
6.43E-7
2.62E-7
2.49E-7
4.66E-7
6.17E-7
3.65E-7
2.79E-7
4.26E-7
5.77E-7
1.2287E-5
3.92E-7
2.98E-7
4.85E-7
2.73E-7
2.23E-7
4.33E-7
4.69E-7
2.65E-7
2.0923E-5
3.24E-7
3.79E-7
2.3119E-5
3.99E-7
2.2819E-5
4.18E-7
3.33E-7
7.42E-7
2.98E-7
5.02E-7
3.45E-7
2.79E-7
2.71E-7
4.15E-7
6.51E-7
3.5E-7
2.2864E-5
5.03E-7
2.3408E-5
4.73E-7
3.56E-7
3.65E-7
4.09E-7
2.1481E-5
5.07E-7
1.896E-6
2.63E-7
7.311E-6
2.1655E-5
3.12E-7
2.1005E-5
3.29E-7
2.2542E-5
3.9E-7
2.92E-7
2.1909E-5
2.074E-5
2.93E-7
4.08E-7
5.72E-7
2.2391E-5
5.19E-7
2.1949E-5
3.02E-7
2.2146E-5
3.4E-7
1.904E-5
2.3258E-5
2.2418E-5
4.39E-7
1.7946E-5
7.861E-6
4.19E-7
2.91E-7
2.1079E-5
2.0374E-5
2.0283E-5
8.693E-6
2.7E-7
2.1803E-5
3.62E-7
3.05E-7
2.1913E-5
2.56E-7
2.2032E-5
2.1322E-5
3.7E-7
2.1556E-5
4.06E-7
1.972E-5
3.44E-7
2.3129E-5
5.52E-7
3.77E-7
9.01E-7
2.75E-7
3.35E-7
2.3659E-5
1.735E-5
3.92E-7
2.0851E-5
1.1128E-5
1.0533E-5
4.86E-7
1.8603E-5
1.8619E-5
3.22E-7
2.39E-7
4.64E-7
3.01E-7
2.34E-7
4.02E-7
1.6641E-5
2.11E-7
1.8364E-5
2.82E-7
1.331E-6
4.41E-7
1.8645E-5
3.54E-7
1.96E-7
8.96E-7
3.83E-7
1.44E-7
1.7737E-5
2.16E-7
1.7961E-5
2.18E-7
1.79E-7
4.18E-7
1.7053E-5
1.3414E-5
2.33E-7
1.7129E-5
9.515E-6
3.16E-7
1.6506E-5
1.4706E-5
1.7807E-5
3.08E-7
1.7152E-5
1.6375E-5
3.48E-7
3.67E-7
1.98E-7
3.07E-7
8.4E-7
2.05E-7
1.5633E-5
1.3102E-5
2.24E-7
1.726E-5
1.1216E-5
2.16E-7
1.3592E-5
1.6961E-5
2.08E-7
6.445E-6
2.08E-7
1.7046E-5
1.6995E-5
1.3259E-5
2.28E-7
1.7292E-5
1.7026E-5
5.91E-7
1.5335E-5
1.6299E-5
3.01E-7
1.98E-7
4.38E-7
4.3E-7
1.88E-7
1.7816E-5
3.31E-7
1.7128E-5
2.19E-7
6.06E-7
1.7372E-5
2.59E-7
7.31E-7
2.55E-7
1.4832E-5
8.211E-6
1.6742E-5
6.057E-6
3.13E-7
1.9138E-5
2.23E-7
1.8971E-5
6.27E-7
2.79E-7
3.24E-7
1.6939E-5
2.21E-7
4.48E-6
2.69E-7
1.644E-5
2.49E-7
1.3354E-5
1.8891E-5
2.69E-7
3.23E-7
1.2814E-5
3.03E-7
1.89E-7
1.1963E-5
2.24E-7
1.6726E-5
3.85E-7
1.3355E-5
4.42E-7
1.7375E-5
1.4955E-5
1.035E-6
1.44E-7
1.8401E-5
2.26E-7
3.45E-7
3.64E-7
1.8685E-5
2.12E-7
1.7507E-5
2.43E-7
3.79E-7
1.8646E-5
5.98E-7
2.01E-7
2.59E-7
1.8614E-5
2.83E-7
2.99E-7
1.7772E-5
1.7229E-5
3.69E-7
1.2318E-5
2.01E-7
1.209E-6
2.02E-7
8.7E-7
1.89E-7
1.81E-7
1.6326E-5
2.24E-7
2.22E-7
5.41E-7
3.37E-7
2.02E-7
2.87E-7
1.8841E-5
2.16E-7
7.537E-6
3.86E-7
2.194E-6
2.02E-7
1.49E-7
3.63E-7
1.8133E-5
3.6E-7
3.2E-7
2.68E-7
1.8221E-5
3.15E-7
3.04E-7
1.7128E-5
2.16E-7
2.08E-7
1.4692E-5
3.34E-7
2.59E-7
3.21E-7
2.74E-7
3.02E-7
1.46E-7
4.8E-7
1.5103E-5
4.51E-7
3.97E-7
2.1E-7
1.7345E-5
2.3E-7
1.8591E-5
2.6E-7
1.4549E-5
1.3114E-5
3.92E-7
1.6843E-5
3.69E-7
3.86E-7
2.41E-7
2.07E-7
2.61E-7
3.11E-7
1.8601E-5
6.32E-7
2.74E-7
1.4472E-5
2.15E-7
3.1E-7
1.95E-7
2.56E-7
2.84E-7
1.9274E-5
3.24E-7
1.7663E-5
2.57E-7
2.62E-7
2.2049E-5
4.56E-7
3.58E-7
9.585E-6
3.85E-7
2.48E-7
3.98E-7
7.988E-6
1.9356E-5
4.67E-7
3.46E-7
5.89E-7
1.9965E-5
4.64E-7
3.33E-7
1.933E-5
1.972E-5
3.68E-7
1.9185E-5
8.51E-6
2.9E-7
1.8312E-5
1.4429E-5
3.71E-7
2.6E-7
1.9414E-5
1.9106E-5
3.95E-7
4.58E-7
3.76E-7
1.1089E-5
3.11E-7
4.1E-7
2.97E-7
7.0E-7
2.3852E-5
4.39E-7
5.84E-7
3.31E-7
4.37E-7
1.204E-6
3.1E-7
2.28E-7
2.0327E-5
1.9346E-5
2.78E-7
1.8816E-5
1.1471E-5
1.016E-6
1.9233E-5
3.09E-7
6.68E-7
2.3644E-5
1.9311E-5
3.45E-7
2.0067E-5
3.05E-7
3.39E-7
2.2679E-5
3.86E-7
5.3E-7
1.9623E-5
2.9E-7
1.9703E-5
2.99E-7
1.591E-6
2.1688E-5
3.51E-7
2.0502E-5
4.8E-7
1.9156E-5
3.49E-7
1.322E-6
2.1046E-5
2.0169E-5
2.2147E-5
2.88E-7
2.2341E-5
3.22E-7
2.92E-7
1.5005E-5
3.05E-7
1.9052E-5
3.06E-7
2.1305E-5
2.3087E-5
1.5543E-5
4.34E-7
8.205E-6
3.28E-7
8.63E-7
1.5646E-5
4.62E-7
2.0049E-5
3.91E-7
4.74E-7
9.062E-6
2.59E-7
2.21E-7
2.255E-5
2.0919E-5
4.35E-7
1.99E-6
1.5736E-5
6.93E-7
1.8835E-5
2.98E-7
2.2413E-5
1.9285E-5
3.84E-7
2.89E-7
3.16E-7
5.24E-7
3.1E-7
2.2394E-5
1.9205E-5
4.29E-7
4.26E-7
2.63E-7
