6.8993E-5
1.3598E-5
1.052E-6
7.55E-7
1.8556E-5
8.14E-7
2.746E-5
7.11E-7
9.22E-7
2.1757E-5
9.19E-7
3.5991E-5
8.68E-7
1.7419E-5
7.15E-7
2.6255E-5
9.4E-7
2.1222E-5
5.17E-7
2.1845E-5
1.5644E-5
5.96E-7
3.837E-6
1.275E-6
4.75E-7
6.01E-7
1.1826E-5
5.56E-7
1.4825E-5
2.898E-6
4.8E-7
1.9649E-5
5.14E-7
2.9095E-5
2.1006E-5
8.87E-7
2.5663E-5
5.63E-7
2.4037E-5
6.65E-7
6.71E-7
3.85E-7
6.42E-7
4.43E-7
1.881E-6
5.07E-7
2.6375E-5
1.3082E-5
6.12E-7
2.6443E-5
6.17E-7
2.155E-6
4.57E-7
2.0975E-5
1.8374E-5
5.69E-7
5.06E-7
3.3455E-5
5.52E-7
2.4327E-5
2.7775E-5
2.3729E-5
1.9346E-5
7.58E-7
1.9397E-5
5.83E-7
2.3728E-5
2.3659E-5
5.59E-7
7.21E-7
4.11E-7
2.459E-6
2.567E-5
5.94E-7
4.93E-7
1.8564E-5
2.4125E-5
2.7927E-5
5.54E-7
2.7793E-5
2.157E-6
6.04E-7
6.28E-7
1.9414E-5
2.5968E-5
6.39E-7
5.45E-7
2.4454E-5
4.92E-7
2.1382E-5
6.76E-7
5.01E-7
6.12E-7
1.9774E-5
5.04E-7
1.9205E-5
2.3716E-5
9.75E-7
4.31E-7
4.89E-7
5.98E-7
4.91E-7
1.936E-6
4.69E-7
2.1486E-5
1.118E-6
5.22E-7
2.1932E-5
1.3806E-5
5.85E-7
3.397E-6
2.009E-5
5.29E-7
4.84E-7
1.4981E-5
2.3869E-5
1.8058E-5
5.54E-7
2.1142E-5
4.92E-7
4.33E-7
1.2345E-5
1.5291E-5
1.3824E-5
5.41E-7
5.69E-7
2.6462E-5
5.12E-7
1.7651E-5
6.44E-7
2.1061E-5
8.64E-7
6.86E-7
2.4405E-5
5.66E-7
4.88E-7
4.228E-6
1.6013E-5
6.23E-7
2.08E-6
1.4835E-5
5.77E-7
6.02E-7
1.268E-6
3.76E-7
2.6282E-5
1.514E-6
6.92E-7
2.3383E-5
1.7854E-5
1.9118E-5
9.88E-7
8.14E-7
7.93E-7
7.54E-7
7.86E-7
4.24E-7
1.673E-6
1.8862E-5
7.32E-7
1.9932E-5
6.42E-7
7.06E-7
3.93E-7
6.48E-7
2.0824E-5
6.7E-7
1.039E-6
2.5545E-5
5.41E-7
5.76E-7
5.52E-7
3.36E-7
4.59E-7
3.189E-6
3.007E-6
4.24E-7
5.3E-7
9.98E-7
1.6734E-5
4.3E-7
2.2972E-5
6.06E-7
2.2626E-5
1.5014E-5
1.75E-6
5.15E-7
2.5956E-5
1.8459E-5
5.34E-7
7.25E-7
5.17E-7
2.2385E-5
1.17E-6
4.07E-7
1.419E-5
1.8362E-5
7.24E-7
5.71E-7
1.807E-6
1.067E-6
4.16E-7
3.68E-7
2.1576E-5
6.36E-7
5.2E-7
3.79E-7
4.16E-7
2.351E-6
2.3966E-5
5.38E-7
5.04E-7
6.16E-7
2.1633E-5
5.21E-7
2.716E-6
2.2494E-5
4.2E-7
6.24E-7
4.69E-7
1.313E-6
3.79E-7
3.69E-7
1.894E-5
4.48E-7
8.45E-7
1.921E-5
5.34E-7
2.322E-5
4.1E-7
5.18E-7
6.57E-7
6.504E-6
1.5677E-5
4.22E-7
4.16E-7
2.9827E-5
1.624E-6
5.99E-7
3.75E-7
2.1517E-5
5.49E-7
1.5655E-5
6.49E-7
8.29E-7
3.96E-7
2.0563E-5
1.4292E-5
1.868E-6
1.9164E-5
5.28E-7
2.6532E-5
6.11E-7
4.51E-7
4.35E-7
9.71E-7
1.3731E-5
4.74E-7
5.75E-7
1.3308E-5
4.99E-7
6.2E-7
4.09E-7
1.061E-6
2.148E-6
2.6233E-5
7.29E-7
2.3267E-5
7.62E-7
1.5077E-5
5.13E-7
4.83E-7
2.3048E-5
8.35E-7
5.0E-7
5.3E-7
3.68E-7
2.6793E-5
5.95E-7
3.79E-7
2.5057E-5
3.568E-6
5.14E-7
7.041E-6
1.762E-6
2.1492E-5
3.67E-6
5.06E-7
2.9581E-5
6.17E-7
5.18E-7
2.7072E-5
5.79E-7
2.4217E-5
4.5E-7
3.87E-7
2.4923E-5
3.347E-6
5.24E-7
1.2303E-5
9.0E-7
2.3576E-5
2.843E-6
5.05E-7
4.09E-7
2.5612E-5
5.47E-7
4.98E-7
2.2567E-5
1.1824E-5
5.69E-7
4.835E-6
3.77E-7
2.6927E-5
2.0497E-5
5.34E-7
4.41E-7
2.7342E-5
4.52E-7
8.82E-7
4.69E-6
5.88E-7
2.4534E-5
1.5971E-5
6.11E-7
2.2864E-5
4.82E-7
2.5267E-5
2.5773E-5
6.78E-7
1.9426E-5
4.93E-7
6.2E-7
2.2368E-5
8.41E-7
5.97E-7
3.41E-7
2.4741E-5
5.15E-7
2.2605E-5
4.43E-7
4.9E-7
2.1037E-5
8.13E-7
2.6861E-5
5.25E-7
6.97E-7
1.4803E-5
5.21E-7
4.13E-7
2.2076E-5
4.76E-7
1.5595E-5
5.83E-7
1.8426E-5
1.239E-5
4.6E-7
2.465E-6
2.4821E-5
2.4336E-5
5.3E-7
2.2083E-5
1.3344E-5
6.53E-7
2.4735E-5
5.85E-7
2.4458E-5
6.02E-7
9.841E-6
5.49E-7
5.17E-7
1.8153E-5
2.4768E-5
1.589E-6
1.333E-6
5.35E-7
2.4299E-5
1.1224E-5
1.7578E-5
4.81E-7
6.65E-7
2.4471E-5
2.736E-5
6.04E-7
9.98E-7
4.92E-7
5.29E-7
1.442E-5
5.6E-7
1.3963E-5
7.64E-7
4.46E-7
2.141E-6
2.0742E-5
5.04E-7
1.5187E-5
4.76E-7
3.87E-7
2.2795E-5
5.99E-7
2.8009E-5
7.22E-7
4.23E-7
2.5334E-5
1.9604E-5
6.38E-7
4.15E-7
2.6582E-5
6.16E-7
2.324E-6
1.7948E-5
7.02E-7
4.02E-7
4.81E-7
4.46E-7
1.114E-6
1.9194E-5
5.77E-7
3.759E-6
4.31E-7
1.107E-6
4.62E-7
2.5448E-5
1.585E-5
6.24E-7
5.9E-7
8.84E-7
1.9468E-5
5.27E-7
5.95E-7
1.4623E-5
4.57E-7
1.949E-6
5.07E-7
1.503E-6
5.27E-7
4.73E-7
2.1853E-5
5.64E-7
9.53E-7
4.36E-7
4.74E-7
2.5549E-5
8.84E-7
3.79E-7
6.95E-7
6.49E-7
3.41E-7
4.39E-7
2.5656E-5
7.31E-7
7.17E-7
1.7904E-5
2.2598E-5
8.06E-7
1.5164E-5
5.9E-7
2.338E-6
2.0378E-5
5.36E-7
5.83E-7
5.67E-7
4.1E-7
2.6952E-5
5.45E-7
2.6791E-5
2.3832E-5
1.0905E-5
5.0E-7
8.6E-7
2.665E-5
1.072E-6
2.6308E-5
8.31E-7
4.43E-7
9.657E-6
6.4E-7
2.6591E-5
1.8261E-5
1.598E-5
5.11E-7
2.3374E-5
6.58E-7
2.6224E-5
7.43E-7
1.7435E-5
6.79E-7
8.01E-7
1.7897E-5
2.1656E-5
4.95E-7
7.63E-7
4.34E-7
4.65E-7
2.4093E-5
2.7351E-5
6.77E-7
4.78E-7
2.6426E-5
6.04E-7
5.05E-7
6.36E-7
2.2114E-5
6.93E-7
4.3E-7
1.9E-5
2.5187E-5
5.94E-7
2.352E-6
7.46E-7
2.8873E-5
5.74E-7
5.67E-7
6.498E-6
4.61E-7
3.6E-7
1.518E-6
3.7E-7
2.1078E-5
6.51E-7
1.148E-6
1.9688E-5
4.98E-7
2.552E-6
8.37E-7
4.86E-7
4.34E-7
2.4287E-5
1.5446E-5
2.464E-6
2.0672E-5
4.79E-7
2.5485E-5
2.221E-6
1.8927E-5
5.83E-7
7.34E-7
2.4644E-5
6.78E-7
2.8716E-5
1.899E-6
2.3655E-5
4.93E-7
6.36E-7
4.1E-7
2.7845E-5
1.937E-5
5.66E-7
1.849E-6
1.9678E-5
1.584E-6
5.06E-7
7.65E-7
5.8E-7
2.6193E-5
5.62E-7
1.9827E-5
4.86E-7
9.11E-6
6.8E-7
5.92E-7
4.82E-7
6.67E-7
4.34E-7
5.4E-7
2.6841E-5
1.9659E-5
3.094E-5
1.5317E-5
2.508E-5
1.165E-6
4.97E-7
1.06E-6
8.83E-7
2.136E-5
5.67E-7
4.43E-7
6.65E-7
1.8869E-5
1.3112E-5
2.509E-5
6.17E-7
9.3E-7
2.4282E-5
5.87E-7
1.044E-6
1.057E-5
4.92E-7
4.69E-7
1.8062E-5
2.6296E-5
1.978E-5
2.5105E-5
6.31E-7
2.325E-5
1.5E-6
2.6387E-5
1.36E-6
4.28E-7
1.3835E-5
1.2376E-5
1.9254E-5
1.7159E-5
5.85E-7
2.2825E-5
1.972E-6
4.94E-7
2.9507E-5
5.97E-7
7.46E-7
2.536E-6
7.69E-7
1.111E-6
6.47E-7
2.7176E-5
1.967E-6
1.564E-6
2.4696E-5
6.98E-7
2.0036E-5
5.14E-7
4.42E-7
2.3739E-5
5.81E-7
9.5E-7
2.2937E-5
4.68E-7
4.08E-7
1.7336E-5
1.742E-6
1.5056E-5
6.61E-7
5.34E-7
1.5378E-5
5.3E-7
7.51E-7
5.79E-7
2.6189E-5
1.5051E-5
1.9445E-5
8.5E-7
2.0335E-5
1.6397E-5
1.04E-6
2.1607E-5
6.02E-7
9.08E-7
2.3314E-5
6.8E-7
1.796E-6
2.2718E-5
7.07E-7
1.4733E-5
5.83E-7
2.5599E-5
5.57E-7
1.8587E-5
4.67E-7
4.02E-7
1.6826E-5
2.2336E-5
5.18E-7
1.7916E-5
6.45E-7
8.2E-7
3.75E-7
9.24E-7
5.68E-7
2.1257E-5
5.42E-7
5.79E-7
7.05E-7
2.573E-6
1.5419E-5
7.51E-7
3.682E-6
1.8691E-5
5.18E-7
2.0685E-5
2.483E-6
4.91E-7
4.64E-7
6.82E-7
2.569E-5
1.8232E-5
5.71E-7
6.64E-7
6.91E-7
4.6E-7
3.89E-7
2.5409E-5
5.34E-7
2.2195E-5
5.09E-7
2.3073E-5
8.75E-7
1.5046E-5
6.21E-7
7.912E-6
5.16E-7
4.3335E-5
1.241E-6
2.484E-5
2.11E-6
2.0282E-5
1.7184E-5
6.69E-7
5.86E-7
2.6009E-5
2.5046E-5
6.83E-7
3.0039E-5
2.6279E-5
2.92E-6
5.51E-7
8.95E-7
2.4203E-5
6.57E-7
1.662E-6
2.646E-6
5.12E-7
4.79E-7
2.5975E-5
5.86E-7
7.02E-7
2.1652E-5
2.0008E-5
2.193E-6
5.19E-7
4.21E-7
6.06E-7
4.81E-7
2.4571E-5
1.158E-6
2.0168E-5
2.3037E-5
1.562E-5
5.99E-7
4.43E-7
2.7048E-5
6.52E-7
9.86E-7
7.31E-7
2.5188E-5
2.5872E-5
7.52E-7
4.34E-7
8.61E-7
5.98E-7
3.98E-7
2.5265E-5
7.05E-7
1.114E-6
5.95E-7
5.08E-7
1.9908E-5
2.2984E-5
1.83E-6
1.835E-6
1.9682E-5
2.5817E-5
6.72E-7
2.4573E-5
5.99E-7
2.2822E-5
9.32E-7
4.7E-7
5.05E-7
2.4007E-5
2.7137E-5
8.85E-7
2.5101E-5
5.84E-7
3.7E-7
1.4262E-5
1.7757E-5
4.96E-7
1.5253E-5
6.07E-7
1.411E-5
2.5758E-5
6.95E-7
6.19E-7
6.21E-7
1.155E-6
4.38E-7
1.9721E-5
5.84E-7
7.06E-7
4.26E-7
4.62E-7
1.8936E-5
5.77E-7
6.81E-7
5.47E-7
2.0692E-5
1.5826E-5
7.08E-7
2.6631E-5
8.94E-7
1.012E-6
1.2921E-5
5.91E-7
1.594E-6
2.6619E-5
5.75E-7
4.3E-7
2.1029E-5
8.37E-7
2.658E-5
5.68E-7
6.13E-7
9.2E-7
1.3042E-5
7.71E-7
4.57E-7
1.8091E-5
5.72E-7
5.65E-7
5.08E-7
1.7675E-5
5.26E-7
2.011E-6
1.009E-6
5.42E-7
1.5031E-5
5.29E-7
4.79E-7
2.0371E-5
5.37E-7
3.655E-6
4.11E-7
1.0172E-5
8.22E-7
7.05E-7
2.4688E-5
5.51E-7
2.241E-5
2.0686E-5
6.65E-7
1.832E-6
1.9831E-5
6.54E-7
2.8836E-5
5.39E-7
9.57E-7
5.1E-7
2.303E-6
5.88E-7
1.9488E-5
6.83E-7
4.84E-7
2.4166E-5
6.58E-7
4.37E-7
4.74E-7
2.5675E-5
2.0358E-5
5.44E-7
4.2E-7
2.6429E-5
7.25E-7
4.36E-7
1.2691E-5
8.76E-7
1.4984E-5
4.87E-7
1.9341E-5
5.21E-7
2.483E-5
5.57E-7
9.76E-7
2.3192E-5
1.5392E-5
5.76E-7
8.68E-7
7.62E-7
2.5684E-5
7.1E-7
5.88E-7
2.6804E-5
5.37E-7
3.92E-7
5.23E-7
2.6563E-5
6.06E-7
2.1454E-5
8.92E-7
5.44E-7
2.3497E-5
5.52E-7
6.19E-7
2.451E-6
1.828E-6
1.9924E-5
7.21E-7
4.38E-7
2.0079E-5
1.5059E-5
5.66E-7
1.9111E-5
5.3E-7
1.4434E-5
5.51E-7
4.76E-7
4.67E-7
1.718E-6
5.76E-7
1.9045E-5
6.14E-7
5.49E-7
2.5503E-5
5.54E-7
7.18E-7
2.3851E-5
1.66E-5
7.38E-7
4.01E-7
1.98E-6
3.687E-6
1.8599E-5
5.25E-7
4.31E-7
1.8087E-5
5.92E-7
1.8379E-5
1.3219E-5
4.3E-7
4.84E-7
4.7E-7
6.37E-7
2.459E-5
1.8764E-5
5.68E-7
2.5488E-5
5.73E-7
1.6678E-5
5.35E-7
1.015E-6
1.081E-6
2.7161E-5
6.61E-7
1.7385E-5
6.1E-7
2.1532E-5
6.93E-7
4.3E-7
1.6767E-5
2.7966E-5
5.82E-7
6.74E-7
2.2622E-5
6.28E-7
3.1735E-5
2.883E-6
1.6969E-5
2.4761E-5
2.4424E-5
2.5846E-5
5.73E-7
1.6371E-5
5.43E-7
1.167E-6
1.5053E-5
4.58E-7
1.6497E-5
2.5521E-5
4.78E-7
2.9299E-5
5.93E-7
2.3343E-5
5.31E-7
2.0052E-5
2.3548E-5
5.1E-7
2.4266E-5
4.35E-7
1.733E-6
4.35E-7
5.93E-7
1.767E-6
4.12E-7
2.1557E-5
5.22E-7
2.0452E-5
4.36E-7
1.8329E-5
2.5692E-5
7.23E-7
4.19E-7
4.1E-7
9.06E-7
2.1773E-5
6.1E-7
4.6E-7
5.26E-7
1.524E-6
5.74E-7
4.06E-7
5.61E-7
6.401E-6
5.03E-7
2.0812E-5
1.021E-6
2.099E-5
5.62E-7
2.5895E-5
4.57E-7
4.99E-7
4.68E-7
2.0254E-5
5.38E-7
4.34E-7
2.0567E-5
4.98E-7
2.6445E-5
4.91E-7
4.45E-7
2.7304E-5
5.2E-7
6.72E-7
1.5634E-5
6.23E-7
4.03E-7
2.7854E-5
1.9878E-5
5.72E-7
2.0076E-5
5.02E-7
1.7895E-5
5.29E-7
1.057E-6
1.2893E-5
5.83E-7
6.38E-7
1.9941E-5
6.93E-7
2.3186E-5
4.69E-7
4.91E-7
2.3232E-5
5.13E-7
1.8681E-5
1.9011E-5
4.22E-7
2.8798E-5
5.11E-7
2.6483E-5
2.5541E-5
5.03E-7
1.7059E-5
2.875E-6
2.483E-6
4.47E-7
2.834E-6
1.6513E-5
1.4922E-5
4.82E-7
5.09E-7
1.4633E-5
4.47E-7
6.37E-7
5.12E-7
2.042E-5
4.91E-7
3.89E-7
1.255E-5
5.35E-7
1.9607E-5
7.01E-7
6.0E-7
4.62E-7
4.1E-7
5.48E-7
5.445E-6
5.05E-7
3.9E-7
3.52E-7
1.9881E-5
3.345E-6
2.574E-5
6.03E-7
6.21E-7
4.75E-7
1.5589E-5
1.875E-5
4.68E-7
6.52E-7
6.31E-6
2.5297E-5
6.18E-7
5.17E-7
8.7E-7
4.59E-7
2.2397E-5
1.4685E-5
1.8309E-5
7.95E-7
2.5098E-5
7.89E-7
5.43E-7
2.4873E-5
2.0086E-5
4.72E-7
5.0E-7
2.1372E-5
5.28E-7
5.39E-7
4.32E-7
4.59E-7
2.0615E-5
5.41E-7
2.5707E-5
9.822E-6
5.72E-7
1.5835E-5
4.57E-7
6.18E-7
4.4E-7
2.4611E-5
4.86E-7
2.2165E-5
2.2745E-5
1.5517E-5
1.9835E-5
5.42E-7
3.92E-7
1.5371E-5
4.39E-7
3.92E-7
5.55E-7
9.474E-6
2.6062E-5
4.45E-7
2.328E-6
1.4853E-5
5.8E-7
1.2749E-5
4.47E-7
4.51E-7
2.5069E-5
5.36E-7
4.46E-7
7.312E-6
4.4E-7
2.524E-5
5.17E-7
6.0E-7
6.72E-7
5.27E-7
2.484E-6
2.5269E-5
4.81E-7
3.96E-7
4.14E-7
4.0E-7
1.7911E-5
5.12E-7
4.11E-7
3.62E-7
2.594E-5
1.819E-6
2.6625E-5
6.56E-7
6.38E-7
1.4338E-5
4.83E-7
3.71E-7
2.389E-5
5.18E-7
2.4564E-5
4.66E-7
2.489E-5
4.83E-7
2.2275E-5
1.21E-6
4.61E-7
4.75E-7
3.72E-7
6.39E-7
5.511E-6
3.73E-7
3.64E-7
8.87E-7
5.43E-7
4.37E-7
3.41E-7
2.5458E-5
1.893E-6
2.1391E-5
4.39E-7
2.62E-5
4.85E-7
3.74E-7
3.21E-6
7.36E-7
8.09E-7
5.47E-7
1.3341E-5
4.02E-7
4.53E-7
1.1597E-5
4.89E-7
4.06E-7
2.4308E-5
1.8357E-5
4.73E-7
2.0323E-5
1.5215E-5
4.75E-7
2.4603E-5
2.777E-6
5.5E-7
1.5485E-5
4.41E-7
4.96E-7
2.7147E-5
2.3282E-5
1.5463E-5
4.94E-7
2.0465E-5
2.455E-5
1.8956E-5
2.4832E-5
5.6E-7
3.28E-7
1.7609E-5
1.9398E-5
8.087E-6
4.18E-7
3.95E-7
8.55E-7
2.0547E-5
4.95E-7
2.6727E-5
5.86E-7
4.26E-7
1.9507E-5
2.3429E-5
1.4843E-5
4.93E-7
1.9788E-5
6.25E-7
1.661E-6
4.07E-7
1.2609E-5
2.5182E-5
1.885E-6
6.4E-7
8.12E-7
2.267E-6
1.8333E-5
7.76E-7
3.405E-6
3.32E-7
3.1192E-5
6.76E-7
3.79E-7
3.67E-7
5.02E-7
2.151E-5
4.67E-7
5.4E-7
3.77E-7
4.82E-7
5.2E-7
2.7862E-5
7.68E-7
9.57E-7
2.5678E-5
5.31E-7
1.7572E-5
5.37E-7
4.61E-7
7.75E-7
6.21E-7
4.56E-7
2.2372E-5
1.533E-5
5.23E-7
2.5505E-5
5.54E-7
2.25E-6
4.557E-6
2.0378E-5
3.747E-6
5.99E-7
2.6822E-5
2.9067E-5
2.3336E-5
6.54E-7
1.8474E-5
5.99E-7
2.1081E-5
6.66E-7
4.8E-7
2.4056E-5
7.38E-7
4.96E-7
4.66E-7
2.3687E-5
2.292E-5
2.2835E-5
6.3E-7
2.6229E-5
7.67E-7
4.12E-7
5.848E-6
1.671E-6
4.8E-7
6.05E-7
3.74E-7
2.7954E-5
7.96E-7
4.53E-7
2.3424E-5
8.03E-7
2.175E-6
2.6266E-5
5.89E-7
2.6313E-5
5.89E-7
5.48E-7
5.94E-7
2.6626E-5
2.4038E-5
6.59E-7
2.3116E-5
9.938E-6
7.75E-7
1.1391E-5
1.397E-6
2.3863E-5
5.68E-7
4.99E-7
2.398E-5
1.067E-6
1.781E-6
2.7098E-5
6.03E-7
5.39E-7
5.43E-7
8.863E-6
2.6663E-5
5.95E-7
1.124E-6
2.663E-5
6.19E-7
2.3674E-5
6.0E-7
2.7222E-5
6.79E-7
2.048E-6
5.5E-7
2.9372E-5
6.58E-6
4.76E-7
1.6029E-5
1.5646E-5
6.11E-7
6.45E-7
1.8284E-5
7.44E-7
5.04E-7
4.41E-7
1.8611E-5
4.97E-7
1.18E-6
4.42E-7
7.95E-7
6.4E-7
5.96E-7
6.97E-7
1.3303E-5
7.48E-7
6.99E-7
2.1206E-5
6.44E-7
5.91E-7
6.23E-7
1.9986E-5
8.21E-7
2.5144E-5
1.6269E-5
8.05E-7
2.992E-6
6.12E-7
8.88E-7
5.18E-7
2.7611E-5
7.17E-7
2.691E-5
5.75E-7
2.3846E-5
2.7386E-5
5.72E-7
7.06E-7
2.592E-5
2.6856E-5
5.63E-7
6.15E-7
2.0229E-5
2.4465E-5
8.64E-7
1.392E-5
1.642E-5
5.14E-7
9.51E-7
3.98E-7
2.2887E-5
5.83E-7
2.6203E-5
2.133E-6
2.0334E-5
1.0E-6
2.0222E-5
8.39E-7
5.47E-7
2.236E-5
1.5789E-5
6.26E-7
1.9807E-5
5.55E-7
7.8E-7
2.0465E-5
5.34E-7
2.512E-6
1.012E-6
1.9509E-5
5.8E-7
3.92E-7
2.4208E-5
2.3093E-5
1.5492E-5
2.1589E-5
2.6273E-5
2.3925E-5
1.7712E-5
5.16E-7
4.36E-7
2.5242E-5
6.75E-7
1.5818E-5
4.81E-7
5.71E-7
2.5779E-5
5.62E-7
4.12E-7
2.8473E-5
2.737E-5
4.1155E-5
1.163E-6
2.7872E-5
1.913E-5
4.78E-7
6.45E-7
2.2514E-5
4.93E-7
2.3201E-5
4.98E-7
4.23E-7
6.81E-7
2.8119E-5
4.7E-7
5.46E-7
2.1428E-5
2.473E-5
6.09E-7
2.3933E-5
5.01E-7
2.6176E-5
5.43E-7
6.02E-7
1.5046E-5
7.18E-7
2.3387E-5
2.2145E-5
4.87E-7
4.47E-7
2.6E-6
2.3231E-5
5.13E-7
2.7101E-5
1.4024E-5
9.73E-7
1.981E-5
5.16E-7
8.41E-7
2.5585E-5
6.0E-7
1.983E-6
1.952E-6
1.9958E-5
8.85E-7
2.2865E-5
5.03E-7
4.29E-7
4.39E-7
2.5703E-5
9.11E-7
2.0806E-5
2.3959E-5
5.76E-7
3.86E-7
6.36E-7
4.38E-7
1.9526E-5
4.56E-7
2.0393E-5
1.925E-6
4.91E-7
4.07E-7
2.1081E-5
5.17E-7
2.5261E-5
2.7013E-5
4.84E-7
4.94E-7
2.0114E-5
4.48E-7
4.37E-7
2.73E-6
9.31E-7
2.6381E-5
4.84E-7
2.0504E-5
5.12E-7
3.82E-7
2.649E-5
9.61E-7
1.435E-6
6.12E-7
3.81E-7
1.3515E-5
1.7957E-5
4.55E-7
4.74E-7
3.79E-7
4.12E-7
4.08E-7
2.4205E-5
1.6181E-5
4.73E-7
2.2462E-5
5.03E-7
2.4207E-5
4.55E-7
2.125E-6
1.9387E-5
5.1E-7
1.6677E-5
5.05E-7
3.72E-7
4.86E-7
1.7945E-5
3.79E-7
3.15E-7
1.2379E-5
1.0741E-5
2.69E-7
9.03E-6
2.46E-7
2.25E-7
1.6952E-5
1.676E-6
9.45E-7
9.44E-7
1.1743E-5
2.8E-7
2.61E-7
1.2176E-5
1.011E-6
2.6E-7
2.64E-7
1.2951E-5
2.39E-7
1.1031E-5
6.09E-6
1.2847E-5
8.443E-6
2.35E-7
1.098E-5
1.3865E-5
4.62E-7
2.37E-7
1.4526E-5
3.19E-7
1.3501E-5
4.81E-7
5.53E-7
3.41E-7
1.3449E-5
8.948E-6
1.146E-5
4.23E-7
3.52E-7
1.2977E-5
7.685E-6
3.42E-7
2.59E-7
2.65E-7
1.4851E-5
9.57E-7
1.3006E-5
6.13E-7
1.997E-5
5.77E-7
6.33E-7
3.92E-7
2.689E-5
1.8938E-5
8.06E-7
1.377E-5
4.58E-7
1.2226E-5
2.114E-6
3.63E-7
1.4847E-5
2.617E-5
4.6E-7
5.18E-7
3.85E-7
1.5461E-5
4.75E-7
4.81E-7
2.2708E-5
1.142E-6
2.6497E-5
1.2629E-5
2.079E-6
1.3528E-5
5.886E-6
4.54E-7
2.6599E-5
4.41E-7
2.0969E-5
2.2663E-5
1.5127E-5
8.09E-7
3.99E-7
5.17E-7
7.214E-6
1.9512E-5
5.04E-7
1.1787E-5
4.97E-7
1.9113E-5
4.93E-7
2.481E-5
7.23E-7
2.491E-6
3.74E-7
4.93E-7
2.6571E-5
5.12E-7
4.1E-7
9.01E-7
2.3163E-5
1.143E-6
4.86E-7
4.61E-7
2.3125E-5
3.334E-6
1.7182E-5
4.64E-7
6.96E-7
2.3693E-5
4.29E-7
5.47E-7
2.0697E-5
4.08E-7
5.86E-6
4.62E-7
4.19E-7
2.2427E-5
9.65E-7
4.84E-7
5.61E-7
3.99E-7
4.0E-7
5.46E-7
2.6255E-5
1.9886E-5
4.41E-7
4.19E-7
5.22E-7
4.94E-7
8.42E-7
2.3013E-5
6.07E-7
2.1457E-5
1.582E-5
6.53E-7
2.6063E-5
4.11E-7
3.88E-7
2.4848E-5
4.97E-7
5.42E-7
3.62E-7
2.968E-6
4.07E-7
1.933E-6
1.9489E-5
2.6158E-5
4.25E-7
3.62E-7
2.4677E-5
1.787E-6
1.764E-5
1.625E-6
1.8292E-5
1.643E-6
1.2423E-5
4.56E-7
2.1856E-5
5.28E-7
2.2794E-5
1.5615E-5
4.57E-7
3.82E-7
2.5335E-5
9.66E-7
1.5122E-5
5.02E-7
5.77E-7
2.0879E-5
4.34E-7
5.67E-7
8.55E-7
1.4553E-5
4.15E-7
3.61E-7
2.0569E-5
4.84E-7
1.7874E-5
5.38E-7
3.93E-7
2.2403E-5
2.6043E-5
5.24E-7
5.8E-7
6.57E-6
1.617E-6
1.2554E-5
4.3E-7
5.78E-7
3.76E-7
2.2525E-5
2.0031E-5
5.02E-7
1.8272E-5
4.41E-7
3.76E-7
4.44E-7
1.9889E-5
4.11E-7
2.0528E-5
1.7532E-5
1.843E-6
4.17E-7
4.47E-7
3.602E-6
4.66E-7
1.2701E-5
4.48E-7
6.34E-7
3.69E-7
3.96E-7
4.83E-7
1.8146E-5
2.1143E-5
5.62E-7
4.2E-7
2.1336E-5
3.7E-7
3.94E-7
1.833E-5
2.249E-5
2.4357E-5
4.57E-7
5.37E-7
2.5042E-5
4.16E-7
3.98E-7
2.4052E-5
5.42E-7
7.01E-7
5.15E-7
1.6734E-5
5.43E-7
3.89E-7
7.28E-7
1.4693E-5
4.44E-7
3.59E-7
1.6005E-5
4.24E-7
5.23E-7
9.198E-6
3.524E-6
3.85E-7
1.4975E-5
7.04E-7
3.88E-7
2.6726E-5
3.85E-7
2.6839E-5
5.99E-7
1.3311E-5
4.21E-7
1.5175E-5
4.32E-7
2.6066E-5
8.09E-7
4.94E-6
3.7E-7
2.0038E-5
5.22E-7
2.3044E-5
6.3E-7
7.18E-7
2.5733E-5
6.19E-7
5.78E-7
5.48E-7
3.94E-7
1.964E-5
4.52E-7
5.98E-7
2.4008E-5
9.24E-7
6.77E-7
8.7E-7
7.24E-7
6.01E-7
4.96E-7
5.61E-7
2.0192E-5
6.06E-7
3.92E-7
3.78E-7
1.717E-5
4.86E-7
5.06E-7
1.976E-6
4.75E-7
6.6E-7
3.576E-6
2.5618E-5
1.582E-6
2.4807E-5
1.6042E-5
5.41E-7
4.28E-7
2.0081E-5
4.88E-7
4.97E-7
2.0779E-5
4.46E-7
2.196E-6
5.95E-7
2.8225E-5
6.26E-7
4.61E-7
2.624E-5
2.0694E-5
1.517E-6
6.09E-7
2.5467E-5
4.69E-7
4.19E-7
2.3192E-5
5.12E-7
1.051E-6
3.91E-7
5.53E-7
2.5E-6
2.4605E-5
1.199E-6
2.6816E-5
1.4451E-5
2.0185E-5
4.773E-6
5.81E-7
2.4938E-5
1.9644E-5
4.77E-7
4.72E-7
6.27E-7
2.6104E-5
4.57E-7
5.43E-7
1.724E-5
5.2E-7
2.329E-6
2.4556E-5
2.4601E-5
5.26E-7
2.3426E-5
5.55E-7
1.595E-6
2.2174E-5
2.4141E-5
1.231E-6
2.4525E-5
8.0E-7
7.3E-7
5.0E-7
3.88E-7
4.66E-7
8.393E-6
6.53E-7
8.753E-6
4.16E-7
6.41E-7
1.7588E-5
4.42E-7
2.4227E-5
4.43E-7
1.1473E-5
3.93E-7
1.4341E-5
7.81E-7
2.0124E-5
1.977E-5
3.89E-7
1.3985E-5
5.66E-7
2.361E-6
9.02E-7
5.88E-7
3.76E-7
5.79E-7
2.6628E-5
2.4928E-5
4.21E-7
4.38E-7
5.365E-6
2.3403E-5
5.11E-7
2.4499E-5
4.69E-7
3.89E-7
1.708E-6
3.61E-7
2.4417E-5
6.51E-7
2.3753E-5
6.47E-7
4.18E-7
2.2738E-5
4.08E-7
2.4543E-5
5.88E-7
2.63E-6
5.4E-7
2.0219E-5
1.9855E-5
4.95E-7
6.17E-7
1.923E-6
1.7357E-5
4.26E-7
6.29E-7
3.67E-7
2.1021E-5
9.23E-7
3.78E-7
5.57E-7
4.33E-7
3.5E-7
4.65E-7
2.4329E-5
4.54E-7
3.95E-7
4.28E-7
5.32E-7
2.4834E-5
1.4305E-5
9.09E-7
3.343E-6
2.4398E-5
4.79E-7
4.57E-7
2.0315E-5
6.71E-7
2.3307E-5
4.52E-7
1.8105E-5
3.89E-7
2.147E-6
2.457E-5
4.7E-7
5.18E-7
2.2911E-5
1.0E-6
1.6699E-5
5.04E-7
4.74E-7
1.6426E-5
5.04E-7
2.0984E-5
1.504E-5
4.36E-7
4.6E-7
3.356E-6
2.4841E-5
4.11E-7
4.27E-7
7.93E-7
2.2101E-5
5.29E-7
3.56E-7
2.15E-5
1.768E-5
4.18E-7
5.78E-7
5.2E-7
2.69E-6
7.23E-7
1.475E-6
5.2E-7
5.04E-7
5.75E-7
2.5416E-5
4.75E-7
2.631E-5
5.89E-7
4.21E-7
3.64E-7
4.51E-7
2.489E-6
4.38E-7
3.38E-7
8.52E-7
2.0E-5
5.47E-7
2.1637E-5
4.85E-7
4.62E-7
1.8321E-5
5.19E-7
2.0994E-5
4.94E-7
4.13E-7
2.6448E-5
4.25E-7
2.4608E-5
1.998E-6
1.862E-5
4.74E-7
4.54E-7
2.3605E-5
5.23E-7
8.12E-7
2.3424E-5
2.4989E-5
2.1289E-5
1.3824E-5
1.7552E-5
8.32E-7
1.6778E-5
1.5625E-5
5.11E-7
2.5519E-5
1.8974E-5
4.72E-7
2.3921E-5
1.7666E-5
4.93E-7
4.41E-7
8.44E-7
2.4346E-5
6.6E-7
1.8106E-5
6.86E-7
3.69E-7
2.4666E-5
1.8573E-5
2.456E-5
4.9E-7
2.192E-6
2.458E-6
4.86E-7
2.6686E-5
1.8332E-5
7.66E-7
5.08E-7
2.2847E-5
2.2785E-5
3.342E-6
1.5517E-5
3.98E-7
2.4491E-5
4.81E-7
6.44E-7
3.25E-7
4.21E-7
2.018E-5
1.475E-6
4.75E-7
1.8379E-5
4.05E-7
4.12E-7
2.3938E-5
2.0484E-5
5.02E-7
1.7775E-5
4.42E-7
2.7E-7
5.11E-7
5.75E-7
1.9065E-5
2.2323E-5
2.5409E-5
3.92E-7
1.4002E-5
1.322E-5
4.32E-7
2.5054E-5
5.1E-7
3.535E-6
2.1772E-5
2.3864E-5
4.85E-7
2.3084E-5
4.84E-7
3.97E-7
1.2435E-5
3.11E-6
1.7841E-5
1.627E-6
1.5587E-5
7.48E-7
1.8002E-5
3.93E-7
2.4368E-5
1.2842E-5
7.19E-7
4.83E-7
5.2E-7
2.3635E-5
5.02E-7
1.046E-6
2.4283E-5
4.86E-7
2.0496E-5
4.49E-7
2.5651E-5
5.62E-7
2.2244E-5
4.54E-7
2.4964E-5
6.08E-7
1.6119E-5
1.381E-5
3.8E-7
2.6026E-5
6.13E-7
1.905E-6
1.2753E-5
3.97E-7
6.44E-7
6.33E-7
8.96E-7
2.5286E-5
4.43E-7
4.15E-7
1.4737E-5
2.0081E-5
4.81E-7
2.0473E-5
7.32E-7
1.2447E-5
6.69E-7
4.83E-7
6.48E-7
3.3145E-5
5.67E-7
1.4943E-5
5.08E-7
4.92E-7
2.0885E-5
4.31E-7
2.2152E-5
4.76E-7
9.9E-7
2.6769E-5
4.6E-7
3.76E-7
2.5277E-5
3.89E-7
3.53E-7
3.94E-7
2.5619E-5
4.6E-7
2.4917E-5
2.236E-5
2.0353E-5
4.72E-7
3.77E-7
2.5301E-5
1.9539E-5
2.5752E-5
1.719E-6
1.901E-5
4.61E-7
3.95E-7
1.337E-6
3.48E-7
6.55E-7
2.0506E-5
4.43E-7
2.4378E-5
4.28E-7
2.1773E-5
5.1E-7
1.7098E-5
5.98E-7
1.6121E-5
4.23E-7
9.49E-7
2.449E-5
2.1051E-5
2.076E-6
5.11E-7
4.14E-7
2.2792E-5
4.79E-7
3.97E-7
3.69E-7
3.67E-7
2.5331E-5
4.34E-7
6.29E-7
2.6014E-5
5.77E-7
3.34E-7
1.8046E-5
4.18E-7
1.964E-5
4.95E-7
5.17E-7
7.25E-7
1.553E-5
1.934E-6
3.55E-7
1.8383E-5
4.03E-7
4.73E-7
2.3478E-5
4.04E-7
4.23E-7
1.3853E-5
1.5706E-5
2.4395E-5
4.26E-7
3.58E-7
2.3181E-5
6.28E-7
2.5602E-5
1.8774E-5
1.688E-6
2.161E-5
5.16E-7
2.5302E-5
9.37E-7
4.51E-7
4.08E-7
2.012E-6
3.83E-7
2.6601E-5
4.57E-7
2.5493E-5
7.493E-6
4.35E-7
2.5183E-5
2.3125E-5
7.21E-7
1.692E-6
1.879E-6
3.74E-7
7.83E-7
1.542E-6
2.0144E-5
4.06E-7
2.6844E-5
4.35E-7
2.0365E-5
2.0375E-5
4.09E-7
5.68E-7
2.3231E-5
3.78E-7
2.5857E-5
5.53E-7
1.8759E-5
4.72E-7
4.93E-7
7.11E-7
4.53E-7
7.027E-6
4.16E-7
6.12E-7
2.5452E-5
2.4049E-5
2.757E-6
3.08E-6
1.7569E-5
4.38E-7
2.0015E-5
2.1433E-5
5.17E-7
5.82E-7
4.93E-7
2.5475E-5
5.57E-7
3.92E-7
3.72E-6
3.58E-7
1.397E-5
4.07E-7
4.91E-7
6.87E-7
3.94E-7
5.47E-7
3.66E-7
3.8E-7
2.2236E-5
5.29E-7
4.5E-7
5.33E-7
5.34E-7
2.2584E-5
1.4314E-5
4.4E-7
8.53E-7
5.44E-7
3.75E-7
1.4703E-5
3.57E-7
2.0274E-5
3.97E-7
6.29E-7
4.8E-7
2.5513E-5
4.55E-7
6.09E-7
3.51E-7
9.44E-7
4.27E-7
2.9074E-5
4.88E-7
4.93E-7
2.5906E-5
4.37E-7
5.71E-7
1.9269E-5
4.11E-7
8.51E-7
5.57E-7
4.23E-7
2.0155E-5
2.0315E-5
6.55E-7
9.65E-7
6.61E-7
1.472E-6
2.269E-5
1.737E-6
1.9042E-5
5.83E-7
1.9102E-5
4.47E-7
6.08E-7
1.424E-6
7.23E-7
2.1285E-5
6.04E-7
4.12E-7
2.6564E-5
5.11E-7
5.03E-7
2.6021E-5
1.044E-6
2.5769E-5
2.7268E-5
5.59E-7
5.97E-7
8.04E-7
2.5885E-5
6.06E-7
1.324E-6
4.57E-7
5.24E-7
6.8E-7
5.07E-7
1.125E-6
1.8993E-5
1.098E-6
1.121E-6
2.6473E-5
2.0713E-5
4.6E-7
3.82E-7
5.06E-7
1.944E-6
3.58E-7
3.9E-7
8.21E-7
6.18E-7
3.49E-7
2.0583E-5
1.9115E-5
2.008E-5
2.0519E-5
1.084E-6
4.61E-7
2.1745E-5
5.91E-7
4.16E-7
2.6339E-5
2.3632E-5
6.48E-7
5.09E-7
5.26E-7
1.346E-6
1.7566E-5
5.06E-7
4.59E-7
3.92E-7
3.21E-7
5.13E-7
3.06E-7
9.39E-7
1.692E-6
1.6565E-5
4.52E-7
4.14E-7
4.31E-7
2.6133E-5
5.63E-7
2.0926E-5
2.6154E-5
2.6202E-5
1.9677E-5
5.87E-7
5.57E-7
3.684E-6
4.45E-7
6.38E-7
4.42E-7
5.85E-7
2.5793E-5
5.27E-7
2.7801E-5
7.66E-7
6.67E-7
2.5662E-5
5.82E-7
5.86E-7
5.31E-7
2.6178E-5
5.22E-7
1.8906E-5
4.83E-7
5.24E-7
5.77E-7
3.84E-7
1.545E-6
4.6E-7
5.78E-7
2.667E-5
1.5085E-5
4.87E-7
2.2281E-5
2.6716E-5
1.047E-6
1.844E-5
5.18E-7
4.65E-7
3.88E-7
2.13E-6
1.8238E-5
4.45E-7
3.99E-7
1.699E-6
2.3859E-5
1.826E-6
2.0288E-5
2.6296E-5
6.2E-7
5.64E-7
4.13E-7
4.43E-7
3.0094E-5
9.83E-7
4.37E-7
9.69E-7
2.6888E-5
1.9943E-5
5.86E-7
5.53E-7
6.35E-7
4.88E-7
8.88E-7
4.74E-7
2.6878E-5
5.95E-7
4.41E-7
1.764E-6
3.76E-7
1.7093E-5
6.08E-7
5.78E-7
3.6748E-5
1.544E-6
2.7741E-5
5.6E-7
2.6703E-5
6.14E-7
1.9627E-5
6.1E-7
3.1813E-5
2.7261E-5
2.091E-5
2.481E-5
1.805E-6
5.52E-7
4.04E-7
2.3745E-5
1.5639E-5
1.9579E-5
6.4E-7
6.85E-7
2.7426E-5
4.94E-7
1.9837E-5
5.23E-7
6.59E-7
5.31E-7
2.113E-6
4.57E-7
5.23E-7
1.9151E-5
5.8E-7
4.68E-7
2.0355E-5
2.6403E-5
5.63E-7
1.7224E-5
2.4455E-5
5.66E-7
6.15E-7
2.7279E-5
2.193E-5
5.28E-7
2.7442E-5
2.393E-5
7.69E-7
1.5106E-5
2.2547E-5
1.069E-6
1.635E-6
1.8932E-5
1.84E-6
2.0717E-5
4.63E-7
1.9162E-5
8.84E-7
7.68E-7
1.4009E-5
1.333E-6
4.99E-7
4.72E-7
7.18E-7
1.299E-6
6.66E-7
5.01E-7
4.02E-7
4.31E-7
2.6301E-5
5.07E-7
4.68E-7
2.298E-6
2.7402E-5
2.6388E-5
6.76E-7
4.68E-7
6.89E-7
1.958E-6
3.7E-7
5.31E-7
2.6057E-5
5.2E-7
4.39E-7
5.33E-7
8.32E-7
2.8799E-5
5.28E-7
2.2195E-5
4.79E-7
4.65E-7
2.5558E-5
4.36E-7
2.1754E-5
4.46E-7
2.6411E-5
2.1275E-5
2.6127E-5
1.9027E-5
4.53E-7
1.9765E-5
4.36E-7
2.474E-5
2.4644E-5
5.37E-7
2.035E-5
2.1577E-5
4.61E-7
5.86E-7
2.6959E-5
5.8E-7
3.744E-6
7.25E-7
2.4695E-5
5.54E-7
1.4376E-5
1.496E-6
4.23E-7
4.16E-7
6.75E-7
4.5E-7
2.1883E-5
6.82E-7
2.6591E-5
2.9129E-5
5.32E-7
2.7863E-5
5.1E-7
6.17E-7
3.86E-7
7.13E-7
1.5857E-5
5.37E-7
1.5193E-5
3.66E-7
2.8202E-5
2.5043E-5
2.7992E-5
1.832E-6
2.0758E-5
2.143E-5
5.54E-7
2.6456E-5
5.09E-7
5.57E-7
1.801E-6
1.074E-6
1.8874E-5
4.94E-7
2.7039E-5
4.86E-7
4.46E-7
2.1116E-5
4.4E-7
5.7E-7
2.6655E-5
2.3784E-5
6.19E-7
4.34E-7
5.24E-7
3.62E-7
1.364E-6
6.04E-7
2.671E-5
4.92E-7
1.974E-6
6.85E-7
1.8647E-5
4.35E-7
3.8E-7
1.2945E-5
5.92E-7
3.84E-7
3.6E-7
2.8411E-5
4.71E-7
2.4375E-5
9.27E-7
2.83E-7
1.819E-5
5.01E-7
4.67E-7
4.84E-7
1.6269E-5
5.21E-7
3.97E-7
2.385E-5
7.13E-7
2.419E-6
3.25E-7
2.7252E-5
1.612E-6
6.23E-7
2.4388E-5
9.65E-7
3.71E-7
2.7026E-5
2.0833E-5
4.83E-7
1.6012E-5
3.1312E-5
6.64E-7
7.36E-7
1.028E-6
4.22E-7
1.8273E-5
2.239E-6
2.086E-5
4.93E-7
5.76E-7
2.4929E-5
4.65E-7
1.4032E-5
4.19E-7
1.9079E-5
4.1E-7
1.1912E-5
4.38E-7
4.7E-7
2.7677E-5
2.4104E-5
4.59E-7
4.62E-7
4.8E-7
3.31E-7
2.6286E-5
4.59E-7
7.54E-7
2.367E-5
5.54E-7
1.5179E-5
5.01E-7
2.361E-5
3.93E-7
2.7774E-5
4.82E-7
8.12E-7
2.7647E-5
1.0398E-5
4.23E-7
4.24E-7
1.9958E-5
1.583E-6
5.31E-7
5.0E-7
4.96E-7
1.5636E-5
4.13E-7
4.03E-7
2.622E-5
2.177E-5
5.11E-7
2.8206E-5
5.46E-7
6.91E-7
2.1015E-5
5.56E-7
2.002E-5
5.58E-7
5.2E-7
1.027E-6
5.84E-7
7.31E-7
3.15E-7
4.02E-7
5.44E-7
1.1605E-5
5.37E-7
1.951E-6
3.56E-7
5.15E-7
4.41E-7
4.14E-7
2.5015E-5
2.0128E-5
5.43E-7
4.74E-7
2.4725E-5
2.6241E-5
4.88E-7
2.6261E-5
2.8747E-5
3.96E-7
7.51E-7
6.64E-7
3.78E-7
3.51E-7
2.3185E-5
2.6609E-5
4.38E-7
4.05E-7
3.41E-7
2.8314E-5
6.24E-7
2.6244E-5
1.4008E-5
5.08E-7
1.9134E-5
1.224E-6
5.16E-7
2.2711E-5
1.855E-6
2.702E-5
9.16E-7
3.1023E-5
2.6006E-5
5.75E-7
5.2E-7
4.74E-7
2.6468E-5
2.0644E-5
2.4943E-5
1.9935E-5
5.38E-7
2.1175E-5
4.95E-7
1.0843E-5
5.64E-7
2.6203E-5
2.17E-6
1.9259E-5
4.71E-7
1.795E-6
9.22E-7
2.7057E-5
5.09E-7
2.7474E-5
6.33E-7
3.42E-7
1.8636E-5
5.2E-7
4.0E-7
2.008E-6
1.767E-6
2.6874E-5
2.566E-5
5.64E-7
5.34E-7
5.24E-7
1.054E-6
2.8357E-5
5.2E-7
2.3758E-5
5.04E-7
2.4036E-5
4.76E-7
4.82E-7
2.7665E-5
2.615E-6
4.42E-7
2.6555E-5
6.73E-7
2.7539E-5
5.4E-7
1.9726E-5
6.37E-7
5.2E-7
3.62E-7
5.99E-7
3.99E-7
3.55E-7
2.3613E-5
2.316E-5
1.3999E-5
6.02E-7
2.6229E-5
5.58E-7
1.6106E-5
4.79E-7
2.8297E-5
5.39E-7
1.9294E-5
6.48E-7
2.6404E-5
1.012E-6
2.6716E-5
6.51E-7
2.7841E-5
6.18E-7
4.65E-7
2.4778E-5
2.655E-6
8.69E-7
9.96E-7
2.3467E-5
2.3891E-5
5.4E-7
9.06E-7
6.05E-7
4.68E-7
2.5391E-5
2.4793E-5
1.843E-6
2.6814E-5
7.75E-7
3.77E-7
4.79E-7
1.9752E-5
7.26E-7
1.4103E-5
5.2E-7
1.8947E-5
2.6204E-5
2.668E-6
4.78E-7
2.2528E-5
2.1294E-5
9.24E-7
2.9473E-5
4.78E-7
5.14E-7
9.68E-7
2.303E-5
5.43E-7
2.7689E-5
1.5735E-5
8.86E-7
2.121E-6
8.28E-7
3.97E-7
1.2904E-5
2.6904E-5
5.52E-7
9.93E-7
1.6186E-5
2.3936E-5
5.05E-7
4.86E-7
8.56E-7
3.779E-6
2.1251E-5
5.31E-7
2.1572E-5
5.4E-7
2.0753E-5
1.909E-6
2.0574E-5
4.65E-7
2.8116E-5
9.348E-6
4.34E-7
3.91E-7
2.0361E-5
1.1213E-5
4.74E-7
5.85E-7
2.8455E-5
1.5874E-5
4.89E-7
2.791E-6
7.17E-7
5.21E-7
7.47E-7
1.4671E-5
8.85E-7
1.725E-6
1.1267E-5
6.15E-7
5.85E-7
1.4705E-5
8.16E-7
1.6752E-5
7.53E-7
5.79E-7
3.0606E-5
2.0112E-5
4.6E-7
7.18E-7
8.11E-7
6.04E-7
6.61E-7
2.4093E-5
2.4547E-5
1.9753E-5
6.79E-7
2.1885E-5
7.62E-7
2.6127E-5
5.08E-7
4.09E-7
7.24E-7
7.67E-7
5.63E-7
6.26E-7
2.4695E-5
2.7051E-5
2.1965E-5
5.78E-7
2.3538E-5
7.4E-7
5.95E-7
2.7155E-5
4.78E-7
2.3834E-5
2.3169E-5
2.3478E-5
4.97E-7
2.2048E-5
4.65E-7
5.1E-7
3.94E-7
1.8803E-5
4.93E-7
2.1767E-5
4.56E-7
4.62E-7
2.636E-5
1.6043E-5
2.0081E-5
7.24E-7
2.416E-6
1.9295E-5
4.17E-7
1.819E-6
1.9723E-5
1.7049E-5
6.46E-7
4.52E-7
7.66E-7
3.97E-7
1.43E-6
1.729E-6
2.1381E-5
5.09E-7
4.45E-7
2.5707E-5
5.17E-7
2.8471E-5
5.86E-7
5.55E-7
4.24E-7
6.39E-7
6.07E-7
2.7835E-5
2.8066E-5
4.39E-7
2.6366E-5
5.57E-7
1.7081E-5
4.6E-7
6.7E-7
5.9E-7
1.9969E-5
4.5E-7
2.6126E-5
2.3082E-5
4.35E-7
2.1795E-5
6.05E-7
2.7267E-5
5.76E-7
2.0851E-5
5.21E-7
2.6285E-5
7.16E-7
2.021E-5
6.62E-7
2.6501E-5
4.92E-7
2.6128E-5
4.94E-7
5.6E-7
6.01E-7
3.81E-7
2.6386E-5
1.4329E-5
2.2451E-5
5.13E-7
1.842E-6
4.95E-7
2.4227E-5
1.359E-5
5.38E-7
2.8482E-5
2.0881E-5
2.1531E-5
5.64E-7
1.667E-6
2.321E-6
3.94E-7
7.63E-7
2.4517E-5
4.4E-7
4.86E-7
1.019E-6
4.76E-7
2.436E-5
4.12E-7
2.183E-6
4.06E-7
9.81E-7
2.6312E-5
4.8E-7
3.85E-7
1.4198E-5
7.91E-7
8.088E-6
2.602E-6
5.94E-7
1.4192E-5
1.9709E-5
4.29E-7
2.6312E-5
5.64E-7
1.2964E-5
1.769E-6
2.4139E-5
4.67E-7
1.227E-6
2.1416E-5
5.8E-7
5.57E-7
1.5061E-5
2.2679E-5
4.2E-7
2.7363E-5
2.6026E-5
5.14E-7
7.21E-7
4.72E-7
4.07E-7
1.5563E-5
6.2E-7
5.18E-7
2.1748E-5
2.6791E-5
4.82E-7
2.6425E-5
6.53E-7
1.5684E-5
2.2252E-5
4.2E-7
4.26E-7
1.8681E-5
6.47E-7
2.7347E-5
5.5E-7
2.6712E-5
4.61E-7
2.7788E-5
2.6207E-5
6.36E-7
5.09E-7
1.9665E-5
4.72E-7
5.64E-7
3.6E-7
2.8395E-5
2.3082E-5
4.72E-7
4.47E-7
1.0313E-5
4.6E-7
1.8945E-5
2.3532E-5
5.47E-7
4.72E-7
3.055E-6
1.5462E-5
1.746E-6
1.9244E-5
7.38E-7
1.606E-6
2.2132E-5
4.32E-7
6.4E-7
4.29E-7
4.64E-7
2.12E-6
4.19E-7
2.5478E-5
6.49E-7
1.041E-6
1.534E-5
1.457E-5
5.05E-7
7.4E-7
3.45E-7
2.0625E-5
4.86E-7
2.2888E-5
5.6E-7
1.228E-6
3.54E-7
2.214E-6
4.88E-7
5.24E-7
1.1384E-5
4.67E-7
5.88E-7
8.01E-7
2.0943E-5
5.07E-7
6.08E-7
4.15E-7
5.07E-7
2.629E-5
5.1E-7
2.4906E-5
5.03E-7
1.843E-6
2.202E-6
5.39E-7
2.5634E-5
1.77E-6
1.9671E-5
7.43E-7
3.77E-7
2.4772E-5
1.439E-6
3.276E-6
3.83E-7
1.001E-5
6.5E-7
3.91E-7
5.98E-7
2.2749E-5
4.6E-7
5.37E-7
1.059E-6
3.38E-7
5.39E-7
9.28E-7
2.4197E-5
7.98E-6
4.09E-7
4.6842E-5
1.294E-6
7.09E-7
2.8063E-5
5.44E-7
5.66E-7
5.38E-7
1.739E-6
9.64E-7
6.3E-7
2.6602E-5
8.62E-7
4.06E-7
2.661E-5
1.226E-6
4.1E-7
2.6526E-5
2.7266E-5
5.89E-7
4.54E-7
5.21E-7
2.4206E-5
1.2923E-5
4.72E-7
2.1779E-5
5.59E-7
2.6758E-5
6.09E-7
4.13E-7
4.55E-7
1.8579E-5
2.5951E-5
4.9E-7
2.5967E-5
2.623E-6
6.23E-7
2.6365E-5
7.69E-7
2.5848E-5
4.16E-7
1.886E-5
4.33E-7
3.31E-7
2.5077E-5
5.8E-7
2.2567E-5
2.16E-5
1.4798E-5
5.57E-7
1.186E-6
1.2913E-5
1.8268E-5
1.8396E-5
4.4E-7
4.63E-7
3.84E-7
4.72E-7
3.345E-6
4.95E-7
2.905E-6
3.59E-7
2.3966E-5
4.46E-7
7.44E-7
1.281E-5
5.06E-7
2.2811E-5
4.88E-7
6.07E-7
1.1423E-5
1.413E-6
3.69E-7
6.37E-7
2.3255E-5
1.92E-6
1.9352E-5
5.15E-7
7.71E-7
4.6E-7
4.7E-7
2.5828E-5
1.4514E-5
2.6206E-5
7.39E-7
4.22E-7
6.52E-7
5.26E-7
2.5959E-5
4.92E-7
5.61E-7
4.24E-7
4.71E-7
4.5633E-5
2.2712E-5
4.93E-7
3.77E-7
1.678E-6
3.74E-7
3.74E-7
4.61E-7
5.08E-7
1.9193E-5
5.65E-7
2.0336E-5
5.97E-7
3.96E-7
1.1509E-5
4.42E-7
3.49E-7
2.3746E-5
5.75E-7
8.13E-7
1.782E-6
1.8559E-5
6.85E-7
2.2411E-5
1.7297E-5
4.93E-7
1.2561E-5
5.63E-7
5.55E-7
3.68E-7
1.165E-6
1.963E-5
4.54E-7
5.39E-7
1.355E-6
4.1E-7
2.357E-5
3.2548E-5
7.49E-7
4.43E-7
8.42E-7
4.47E-7
4.28E-7
4.5E-7
4.33E-7
2.5696E-5
5.41E-7
5.62E-7
1.6752E-5
1.962E-6
2.054E-5
4.24E-7
1.349E-6
3.42E-7
2.2114E-5
4.86E-7
6.44E-7
2.629E-5
9.26E-7
1.3648E-5
1.386E-6
1.8503E-5
4.3E-7
4.79E-7
2.369E-5
1.9135E-5
2.0219E-5
4.93E-7
5.05E-7
6.17E-7
2.6501E-5
5.18E-7
1.122E-6
3.48E-7
5.44E-7
2.78E-7
3.55E-7
3.25E-7
6.74E-7
1.5325E-5
2.89E-7
3.86E-7
4.08E-7
1.0941E-5
6.37E-7
1.4851E-5
1.046E-6
9.734E-6
5.06E-7
3.24E-7
9.114E-6
1.426E-6
3.75E-7
3.71E-7
3.36E-7
1.4899E-5
3.0E-7
1.4566E-5
7.127E-6
3.32E-7
3.58E-7
1.5012E-5
1.4621E-5
2.67E-7
1.4946E-5
8.477E-6
3.48E-7
7.48E-6
2.37E-7
2.87E-7
6.76E-7
2.32E-7
3.04E-7
1.2477E-5
9.724E-6
3.962E-6
2.56E-7
1.268E-6
2.67E-7
2.93E-7
1.0145E-5
1.1884E-5
4.11E-7
3.4E-7
1.5515E-5
3.13E-7
2.65E-7
2.51E-7
1.0794E-5
1.3431E-5
1.055E-6
1.1623E-5
3.05E-7
9.29E-6
1.004E-5
2.52E-7
1.125E-5
3.33E-7
1.107E-6
1.325E-6
1.179E-5
2.19E-7
6.03E-7
5.26E-7
2.4E-7
2.44E-7
2.89E-7
1.5052E-5
3.58E-7
1.4718E-5
2.87E-7
1.6265E-5
1.1257E-5
1.3356E-5
8.981E-6
1.1345E-5
4.36E-7
1.2444E-5
1.4168E-5
2.18E-7
1.1484E-5
1.441E-6
2.64E-7
1.2498E-5
1.5513E-5
2.96E-7
3.827E-6
4.06E-7
7.561E-6
2.46E-7
1.1193E-5
2.85E-7
3.6E-7
1.3507E-5
6.08E-7
4.16E-7
5.23E-7
3.27E-7
1.4888E-5
2.55E-7
1.4508E-5
2.51E-7
6.3531E-5
2.345E-6
6.09E-7
5.8387E-5
7.32E-7
4.66E-7
6.974E-6
3.83E-7
2.5358E-5
2.5849E-5
4.87E-7
4.37E-7
4.01E-7
4.3344E-5
2.5538E-5
6.8E-7
3.15E-7
1.5074E-5
3.76E-7
1.355E-5
1.1528E-5
2.65E-7
2.22E-7
3.98E-7
2.61E-7
2.39E-7
2.8E-7
1.0104E-5
1.5002E-5
9.79E-7
9.649E-6
1.6156E-5
3.55E-7
1.1522E-5
1.2038E-5
3.13E-7
1.1402E-5
1.4064E-5
2.76E-7
1.3167E-5
2.7E-7
2.99E-7
9.475E-6
1.0904E-5
2.71E-7
2.54E-7
1.1931E-5
2.31E-7
8.787E-6
3.03E-7
8.874E-6
1.1672E-5
6.674E-6
7.865E-6
3.51E-7
2.011E-6
2.92E-7
4.63E-7
4.16E-7
1.4881E-5
3.19E-7
2.79E-7
2.48E-7
2.91E-7
1.3422E-5
1.002E-6
3.06E-7
8.807E-6
2.51E-7
4.14E-7
3.91E-6
3.11E-7
1.3513E-5
4.0E-7
1.1653E-5
2.3E-7
5.46E-6
2.41E-7
1.1466E-5
1.4011E-5
3.09E-7
1.3059E-5
3.15E-7
6.57E-6
4.35E-7
1.1803E-5
2.4E-7
3.48E-7
1.4847E-5
5.38E-7
2.99E-7
2.54E-6
2.97E-7
3.03E-7
1.4663E-5
2.86E-7
1.4685E-5
2.77E-7
2.68E-7
2.16E-7
1.434E-5
3.06E-7
1.4661E-5
2.34E-7
1.3016E-5
2.28E-7
8.242E-6
3.74E-7
1.055E-6
5.597E-6
2.49E-7
1.1571E-5
2.69E-7
1.1346E-5
1.4936E-5
1.3332E-5
1.0898E-5
2.31E-7
1.4184E-5
2.07E-7
4.65E-7
1.4381E-5
3.15E-7
1.2104E-5
3.14E-7
9.5E-7
2.83E-7
2.81E-7
1.1306E-5
2.78E-7
6.03E-7
2.38E-7
1.1845E-5
5.7E-7
1.1705E-5
2.93E-7
4.07E-7
1.1551E-5
2.45E-7
2.04E-7
8.23E-7
2.42E-7
2.25E-7
2.39E-7
3.57E-7
5.51E-7
1.5019E-5
1.1325E-5
2.61E-7
8.433E-6
1.3096E-5
2.49E-7
4.04E-7
8.81E-7
2.37E-7
9.38E-6
4.55E-7
1.1254E-5
1.5067E-5
1.2046E-5
2.43E-7
2.83E-7
1.4587E-5
3.11E-7
2.95E-7
2.71E-7
1.0846E-5
4.63E-7
5.66E-7
1.4644E-5
1.2878E-5
1.3503E-5
1.1083E-5
1.016E-6
1.1398E-5
9.486E-6
2.51E-7
1.6425E-5
2.97E-7
5.63E-7
1.4761E-5
1.4341E-5
2.493E-6
2.63E-7
1.4593E-5
1.3744E-5
1.4313E-5
2.37E-7
1.2993E-5
6.19E-7
9.034E-6
2.24E-7
2.31E-7
2.87E-7
1.4225E-5
2.38E-7
9.82E-6
1.3687E-5
2.57E-7
1.2641E-5
2.84E-7
2.15E-7
1.4019E-5
2.82E-7
7.983E-6
3.57E-7
1.0206E-5
1.2517E-5
3.06E-7
4.25E-7
9.611E-6
2.63E-7
1.4943E-5
1.6149E-5
1.3694E-5
1.5218E-5
1.4198E-5
2.77E-7
2.85E-7
2.27E-7
2.25E-7
3.07E-7
1.4373E-5
2.44E-7
2.32E-7
1.1503E-5
9.96E-7
1.098E-5
2.46E-7
2.12E-7
1.4428E-5
3.45E-7
1.4749E-5
2.8E-7
2.78E-7
2.36E-7
3.53E-7
1.4742E-5
2.97E-7
1.4695E-5
1.4177E-5
2.44E-7
1.6784E-5
4.55E-7
3.44E-7
2.35E-7
6.06E-7
1.3539E-5
2.83E-7
1.2788E-5
3.08E-7
2.34E-7
2.39E-7
1.4762E-5
2.68E-7
1.3875E-5
9.533E-6
8.856E-6
2.91E-7
1.381E-5
3.31E-7
2.49E-7
1.1416E-5
1.139E-5
3.73E-7
8.787E-6
2.53E-7
4.39E-7
1.2273E-5
2.51E-7
1.073E-6
2.44E-7
2.88E-7
1.4618E-5
2.85E-7
2.22E-7
3.66E-7
2.62E-7
6.967E-6
1.0908E-5
3.82E-7
1.414E-6
1.017E-6
1.1082E-5
5.6E-7
1.4276E-5
2.83E-7
1.4571E-5
1.0782E-5
2.36E-7
1.4572E-5
2.9E-7
4.97E-7
1.4278E-5
2.45E-7
4.3E-7
5.03E-7
8.489E-6
2.25E-7
5.67E-7
3.18E-7
2.63E-7
1.2937E-5
2.47E-7
7.113E-6
2.13E-7
2.5E-7
1.504E-6
2.037E-6
1.1384E-5
8.66E-7
1.5264E-5
4.26E-7
1.3168E-5
3.25E-7
1.2178E-5
1.2601E-5
2.83E-7
2.42E-7
2.23E-7
1.516E-5
6.92E-7
1.3947E-5
2.43E-7
2.83E-7
4.28E-7
1.4019E-5
3.64E-7
1.238E-5
2.73E-7
1.3979E-5
2.44E-7
1.5529E-5
4.35E-7
4.68E-7
2.59E-7
4.12E-7
1.425E-6
2.46E-7
2.2E-7
2.67E-7
2.46E-7
8.56E-7
3.4E-7
5.35E-7
4.196E-6
1.3288E-5
1.4564E-5
3.82E-7
1.4297E-5
1.4757E-5
1.341E-5
6.161E-6
2.86E-7
3.22E-7
1.297E-6
1.3077E-5
3.15E-7
1.58E-5
3.14E-7
8.431E-6
2.71E-7
3.48E-7
8.855E-6
2.71E-7
8.747E-6
3.94E-7
2.83E-7
7.65E-7
2.5E-7
1.4615E-5
2.91E-7
1.121E-6
2.41E-7
1.289E-5
3.47E-7
1.2241E-5
2.51E-7
6.04E-7
2.63E-7
3.8E-7
2.886E-6
2.16E-7
3.68E-7
2.09E-7
1.1378E-5
1.046E-6
1.1391E-5
1.3138E-5
1.5641E-5
2.95E-7
2.64E-7
1.1642E-5
2.76E-7
1.203E-6
2.27E-7
3.2E-7
8.381E-6
6.0E-7
1.4284E-5
4.02E-7
1.4327E-5
1.3805E-5
1.4456E-5
2.39E-7
1.4158E-5
2.67E-7
2.47E-7
5.77E-7
1.4605E-5
2.92E-7
2.64E-7
2.15E-7
5.4E-7
1.4997E-5
4.07E-7
1.961E-6
2.75E-7
2.93E-7
1.4057E-5
1.3898E-5
2.43E-7
2.5E-7
1.3851E-5
1.4631E-5
2.88E-7
1.4256E-5
4.85E-7
1.2241E-5
3.53E-7
2.38E-7
1.522E-6
2.55E-7
2.75E-7
1.5313E-5
2.5E-7
1.1011E-5
4.01E-7
2.57E-7
1.156E-6
1.2682E-5
2.98E-7
2.41E-7
1.4456E-5
4.52E-7
2.34E-7
2.11E-7
1.1699E-5
3.4E-7
2.64E-7
9.087E-6
1.4793E-5
1.3195E-5
8.826E-6
1.1286E-5
4.63E-7
4.11E-7
2.87E-7
3.53E-7
1.2104E-5
9.639E-6
3.03E-7
1.4574E-5
2.72E-7
2.71E-7
2.4E-7
1.4383E-5
4.7E-7
1.2841E-5
2.7E-7
2.51E-7
9.606E-6
5.54E-7
4.1285E-5
8.62E-7
8.42E-7
4.05E-7
8.9E-7
5.0E-7
3.17E-7
3.98E-7
1.0268E-5
4.81E-7
1.707E-6
1.244E-6
2.0787E-5
2.3099E-5
5.01E-7
1.6701E-5
3.33E-7
2.82E-7
1.177E-5
5.82E-7
2.67E-7
1.3988E-5
1.1164E-5
4.65E-7
1.3386E-5
3.28E-7
3.0E-7
2.6E-7
3.27E-7
1.4846E-5
1.1875E-5
2.37E-7
1.4585E-5
1.071E-6
6.4E-7
3.06E-7
2.43E-7
1.4184E-5
1.5149E-5
3.5E-7
1.3768E-5
4.24E-7
1.284E-6
7.259E-6
3.06E-7
2.41E-7
2.02E-7
2.33E-7
1.365E-6
1.5186E-5
5.28E-7
1.4428E-5
2.63E-7
1.4389E-5
1.13E-6
2.58E-7
1.4592E-5
1.3713E-5
2.16E-7
3.78E-7
1.1463E-5
2.19E-7
3.34E-7
2.27E-7
1.55E-6
2.49E-7
1.3239E-5
6.268E-6
2.92E-7
1.1566E-5
3.3E-7
9.61E-7
9.495E-6
2.91E-7
7.996E-6
1.1329E-5
2.58E-7
2.81E-7
2.67E-7
1.2257E-5
2.3E-7
2.37E-7
1.4771E-5
2.62E-7
2.21E-7
2.79E-7
2.5E-7
2.35E-7
2.36E-7
4.789E-6
1.041E-5
2.332E-5
2.16E-6
1.5707E-5
3.98E-7
2.44E-7
1.172E-6
1.4175E-5
3.38E-7
1.464E-6
2.33E-7
1.06E-5
4.03E-7
1.1011E-5
2.27E-7
4.83E-7
9.475E-6
2.33E-7
1.1596E-5
