1.1381E-5
1.913E-6
1.5862E-5
1.259E-6
5.386E-6
8.29E-7
5.333E-6
8.63E-7
1.108E-6
2.749E-6
1.225E-6
1.159E-5
9.65E-7
1.556E-6
9.81E-7
5.008E-6
1.384E-6
4.25E-6
7.69E-7
6.26E-7
3.274E-6
9.27E-7
5.162E-6
2.706E-6
8.42E-7
7.93E-7
5.157E-6
1.023E-6
1.192E-6
5.665E-6
8.81E-7
7.04E-7
7.29E-7
5.866E-6
3.347E-6
1.449E-6
4.377E-6
8.18E-7
4.236E-6
9.72E-7
9.87E-7
7.97E-7
1.098E-6
8.45E-7
4.078E-6
1.34E-6
6.243E-6
8.87E-7
1.051E-6
6.196E-6
8.09E-7
4.244E-6
7.95E-7
2.308E-6
2.68E-6
8.26E-7
9.67E-7
6.366E-6
9.07E-7
1.3204E-5
3.255E-6
4.668E-6
9.7E-7
1.123E-6
5.602E-6
1.004E-6
5.056E-6
4.885E-6
1.157E-6
1.091E-6
8.27E-7
3.905E-6
2.015E-6
8.39E-7
7.78E-7
2.707E-6
5.046E-6
3.297E-6
7.96E-7
4.422E-6
4.51E-6
1.43E-6
8.76E-7
1.159E-6
4.013E-6
8.2E-7
7.99E-7
5.48E-6
7.84E-7
4.318E-6
8.97E-7
7.39E-7
1.068E-6
4.071E-6
8.37E-7
5.563E-6
4.223E-6
1.768E-6
8.35E-7
7.65E-7
9.33E-7
8.21E-7
2.222E-6
7.98E-7
3.975E-6
7.26E-7
7.83E-7
3.378E-6
7.97E-7
9.95E-7
3.907E-6
7.35E-7
8.33E-7
8.23E-7
1.654E-6
3.808E-6
1.675E-6
8.98E-7
2.585E-6
8.09E-7
7.34E-7
2.8579E-5
5.614E-6
1.063E-6
1.264E-6
8.76E-7
5.897E-6
2.706E-6
1.712E-6
8.3E-7
2.45E-6
8.73E-7
1.099E-6
5.159E-6
9.39E-7
8.87E-7
6.377E-6
9.51E-7
1.091E-6
4.147E-6
1.617E-6
9.32E-7
8.44E-7
2.738E-6
8.74E-7
5.713E-6
2.973E-6
1.087E-6
3.361E-6
1.814E-6
6.399E-6
1.094E-6
1.559E-6
1.023E-6
8.65E-7
1.213E-6
8.9E-7
2.363E-6
4.921E-6
1.103E-6
9.22E-7
8.4E-7
1.003E-6
7.46E-7
9.65E-7
1.009E-6
1.018E-6
1.462E-6
7.591E-6
1.144E-6
1.166E-6
8.35E-7
7.94E-7
8.37E-7
2.634E-6
3.934E-6
9.87E-7
1.017E-6
1.066E-6
2.407E-6
1.125E-6
4.298E-6
9.03E-7
4.791E-6
7.84E-7
1.949E-6
8.06E-7
4.187E-6
4.698E-6
9.38E-7
1.054E-6
9.21E-7
5.194E-6
1.828E-6
9.17E-7
7.76E-7
4.785E-6
9.08E-7
9.31E-7
2.128E-6
8.0E-7
7.74E-7
9.62E-7
3.17E-6
9.8E-7
9.84E-7
7.61E-7
7.64E-7
4.074E-6
6.199E-6
9.24E-7
8.11E-7
9.47E-7
8.6E-7
8.27E-7
3.061E-6
2.167E-6
7.96E-7
9.98E-7
8.86E-7
2.126E-6
9.26E-7
1.025E-6
1.261E-6
9.04E-7
1.328E-6
7.98E-7
6.17E-7
6.747E-6
1.23E-6
8.34E-7
1.184E-6
9.44E-7
7.14E-7
7.15E-7
7.95E-7
3.153E-6
2.419E-6
1.027E-6
7.03E-7
8.48E-7
7.78E-7
6.636E-6
1.005E-6
1.473E-6
7.57E-7
3.262E-6
1.088E-6
2.724E-6
2.476E-6
9.69E-7
8.46E-7
8.41E-7
7.93E-7
1.082E-6
9.2E-7
1.146E-6
2.356E-6
8.82E-7
1.563E-6
7.06E-7
5.83E-7
7.03E-7
2.527E-6
5.097E-6
5.62E-6
7.5E-7
4.773E-6
3.1146E-5
2.778E-6
5.5E-7
6.01E-7
1.887E-6
6.79E-7
5.59E-7
4.45E-7
3.87E-7
1.777E-6
3.9E-7
4.29E-7
2.187E-6
4.28E-7
4.01E-7
5.78E-7
1.203E-6
9.85E-7
2.141E-6
5.93E-7
4.38E-7
6.29E-7
4.93E-7
1.642E-6
4.29E-7
1.604E-6
4.47E-7
4.46E-7
3.87E-7
4.25E-7
3.93E-7
5.48E-7
4.66E-7
6.57E-7
3.7E-7
4.1E-7
4.01E-7
2.302E-6
3.93E-7
4.66E-7
1.717E-6
5.15E-7
3.61E-7
1.301E-6
3.99E-7
1.983E-6
3.041E-6
4.31E-7
3.78E-7
1.701E-6
3.58E-7
5.53E-7
1.384E-6
3.97E-7
2.151E-6
5.66E-7
3.52E-7
1.801E-6
4.42E-7
2.624E-6
1.018E-6
3.67E-7
7.5E-7
3.68E-7
5.11E-7
9.77E-7
7.15E-7
3.89E-7
3.77E-7
2.149E-6
4.25E-7
1.727E-6
4.08E-7
5.84E-7
1.406E-6
3.98E-7
1.399E-6
3.94E-7
5.76E-7
2.228E-6
3.81E-7
4.7E-7
1.602E-6
3.75E-7
5.95E-7
4.01E-7
4.79E-7
8.79E-7
3.67E-7
1.099E-6
1.174E-6
1.995E-6
4.41E-7
1.532E-6
1.031E-6
4.1E-7
2.056E-6
6.04E-7
1.877E-6
3.97E-7
1.203E-6
4.24E-7
4.07E-7
3.055E-6
2.957E-6
9.22E-7
1.367E-6
3.75E-7
4.02E-7
1.648E-6
1.97E-6
4.48E-7
4.82E-7
2.098E-6
1.45E-6
6.83E-7
7.81E-7
3.86E-7
6.47E-7
2.259E-6
4.69E-7
5.61E-7
4.95E-7
4.51E-7
1.561E-6
1.687E-6
5.91E-7
2.504E-6
3.82E-7
4.52E-7
1.825E-6
5.71E-7
2.438E-6
5.58E-7
4.52E-7
2.312E-6
5.15E-7
4.11E-7
4.05E-7
1.155E-6
4.25E-7
1.688E-6
1.311E-6
4.33E-7
4.16E-7
4.67E-7
4.55E-7
4.41E-7
1.931E-6
7.47E-7
2.443E-6
4.19E-7
1.123E-6
4.15E-7
1.881E-6
5.25E-7
4.31E-7
4.74E-7
6.31E-7
1.395E-6
4.69E-7
5.68E-7
9.17E-7
4.08E-7
9.62E-7
4.28E-7
5.97E-7
4.01E-7
4.22E-7
1.162E-6
4.58E-7
5.7E-7
3.68E-7
5.51E-7
2.302E-6
8.11E-7
4.36E-7
1.062E-6
7.78E-7
3.81E-7
4.07E-7
2.403E-6
4.39E-7
6.65E-7
1.16E-6
1.18E-6
6.28E-7
2.309E-6
5.1E-7
1.209E-6
7.78E-7
4.64E-7
5.28E-7
5.7E-7
4.29E-7
1.684E-6
5.16E-7
1.51E-6
1.201E-6
2.12E-6
4.05E-7
4.02E-7
1.709E-6
4.46E-7
1.459E-6
8.06E-7
4.42E-7
6.33E-7
4.42E-7
1.438E-6
1.504E-6
5.01E-7
4.73E-7
2.074E-6
4.9E-7
2.363E-6
5.57E-7
2.212E-6
5.19E-7
5.61E-7
1.004E-6
4.15E-7
4.34E-7
6.27E-7
3.93E-7
4.34E-7
4.89E-7
1.384E-6
4.65E-7
3.95E-7
4.36E-7
4.18E-7
5.18E-7
5.88E-7
8.2E-7
4.87E-7
3.95E-7
8.57E-7
2.773E-6
4.6E-7
1.603E-6
5.42E-7
1.513E-6
4.2E-7
4.38E-7
6.78E-7
2.903E-6
5.44E-7
1.28E-6
5.15E-7
1.493E-6
3.81E-7
1.33E-6
9.18E-7
4.88E-7
2.77E-6
6.88E-7
4.74E-7
3.42E-7
2.509E-6
9.61E-7
2.078E-6
1.185E-6
4.23E-7
1.971E-6
1.775E-6
2.412E-6
3.74E-7
5.56E-7
1.396E-6
4.93E-7
1.968E-6
1.414E-6
1.633E-6
3.56E-7
3.1E-7
3.63E-7
1.393E-6
1.301E-6
4.0E-7
1.043E-6
6.69E-7
9.13E-7
4.65E-7
6.79E-7
5.76E-7
2.583E-6
4.81E-7
1.131E-6
4.64E-7
5.94E-7
4.26E-7
4.18E-7
5.38E-7
6.29E-7
4.29E-7
4.17E-7
2.077E-6
4.54E-7
1.468E-6
4.61E-7
1.975E-6
4.69E-7
4.74E-7
8.37E-7
7.28E-7
1.947E-6
3.96E-7
4.35E-7
6.12E-7
4.09E-7
4.75E-7
2.511E-6
4.34E-7
3.86E-7
2.462E-6
5.22E-7
3.35E-7
5.29E-7
3.66E-7
4.44E-7
8.66E-7
1.881E-6
3.4E-7
1.865E-6
3.99E-7
1.57E-6
4.02E-7
6.9E-7
8.97E-7
3.7E-7
1.579E-6
5.93E-7
6.66E-7
1.279E-6
3.92E-7
4.51E-7
1.06E-6
3.73E-7
2.241E-6
3.53E-7
5.5E-7
2.044E-6
5.93E-7
4.05E-7
4.3E-7
2.227E-6
9.94E-7
1.33E-6
2.079E-6
4.44E-7
1.116E-6
3.81E-7
4.43E-7
3.82E-7
3.9E-7
4.2E-7
2.053E-6
3.64E-7
3.15E-7
1.486E-6
1.001E-6
8.39E-7
3.67E-7
4.79E-7
4.38E-7
4.07E-7
6.55E-7
3.82E-7
1.308E-6
7.02E-7
2.404E-6
7.19E-7
8.25E-7
5.76E-7
5.27E-7
8.97E-7
6.04E-7
3.98E-7
2.212E-6
5.45E-7
9.12E-7
1.907E-6
4.95E-7
2.391E-6
5.12E-7
6.3E-7
3.67E-7
1.871E-6
4.67E-7
3.63E-7
1.746E-6
1.116E-6
3.75E-7
8.62E-7
5.26E-7
6.67E-7
4.47E-7
1.13E-6
3.64E-7
1.568E-6
4.6E-7
3.54E-7
5.59E-7
2.065E-6
9.07E-7
6.42E-7
4.26E-7
1.582E-6
4.66E-7
1.175E-6
1.619E-6
4.08E-7
3.73E-7
4.04E-7
2.31E-6
1.503E-6
4.43E-7
6.23E-7
6.54E-7
4.33E-7
6.39E-7
1.376E-6
4.05E-7
2.24E-6
3.62E-7
1.183E-6
6.46E-7
2.217E-6
5.08E-7
6.68E-7
3.65E-7
1.572E-6
4.8E-7
4.02E-7
1.23E-6
7.34E-7
4.01E-7
4.36E-7
4.61E-7
2.634E-6
1.851E-6
3.56E-7
6.39E-7
6.07E-7
1.118E-6
4.93E-7
3.67E-7
4.66E-7
4.4E-7
9.24E-7
9.2E-7
3.84E-7
5.2E-7
2.288E-6
3.53E-7
4.22E-7
5.23E-7
1.095E-6
7.8E-7
4.24E-7
4.95E-7
4.95E-7
4.2E-7
5.02E-7
5.55E-7
1.116E-6
4.233E-6
1.179E-6
3.96E-7
3.48E-7
1.871E-6
5.26E-7
8.7E-7
4.8E-7
1.898E-6
2.773E-6
5.27E-7
3.86E-7
5.36E-7
3.99E-7
3.81E-7
2.083E-6
3.73E-7
8.42E-7
5.03E-7
4.72E-7
6.67E-7
1.752E-6
8.82E-7
1.146E-6
6.78E-7
1.737E-6
4.86E-7
4.95E-7
3.67E-7
1.261E-6
7.54E-7
4.05E-7
3.52E-7
9.1E-7
1.6E-6
8.58E-7
2.102E-6
4.48E-7
5.13E-7
4.21E-7
7.42E-7
4.02E-7
1.66E-6
4.51E-7
4.5E-7
4.856E-6
6.3E-7
5.53E-7
4.38E-7
8.92E-7
3.9E-7
4.94E-7
7.41E-7
5.79E-7
3.6E-7
3.4E-7
2.034E-6
3.66E-7
4.87E-7
3.22E-7
9.28E-7
3.89E-7
5.9E-7
3.45E-7
6.34E-7
1.005E-6
5.11E-7
4.3E-7
9.27E-7
1.718E-6
4.49E-7
4.34E-7
1.992E-6
7.03E-7
1.038E-6
4.18E-7
3.79E-7
4.18E-7
6.05E-7
4.51E-7
3.93E-7
1.137E-6
3.53E-7
6.4E-7
5.24E-7
1.008E-6
4.78E-7
3.43E-7
8.38E-7
4.85E-7
5.16E-7
5.31E-7
3.73E-7
1.329E-6
4.18E-7
2.417E-6
7.19E-7
1.34E-6
5.08E-7
5.14E-7
2.12E-6
4.46E-7
1.158E-6
1.461E-6
4.8E-7
1.193E-6
7.19E-7
4.04E-7
1.514E-6
4.5E-7
9.15E-7
4.32E-7
1.591E-6
3.89E-7
4.01E-7
4.13E-7
3.76E-7
4.65E-7
3.57E-7
3.87E-7
3.63E-7
2.973E-6
1.474E-6
4.13E-7
4.76E-7
1.674E-6
5.73E-7
4.03E-7
7.53E-7
5.18E-7
2.304E-6
3.98E-7
6.33E-7
3.75E-7
1.86E-6
4.9E-7
4.98E-7
5.56E-7
1.119E-6
7.69E-7
6.35E-7
4.39E-7
2.787E-6
8.0E-7
5.29E-7
1.344E-6
4.15E-7
3.64E-7
4.62E-7
1.165E-6
4.76E-7
2.022E-6
7.69E-7
4.08E-7
2.173E-6
4.27E-7
4.88E-7
1.963E-6
1.15E-6
9.28E-7
5.92E-7
3.9E-7
8.1E-7
4.72E-7
4.03E-7
1.074E-6
4.45E-7
1.21E-6
3.45E-7
4.71E-7
5.0E-7
9.97E-7
3.97E-7
1.707E-6
4.67E-7
5.15E-7
2.308E-6
5.47E-7
6.61E-7
5.15E-7
5.12E-7
6.78E-7
4.18E-7
1.192E-6
2.547E-6
1.617E-6
5.61E-7
6.3E-7
1.305E-6
4.59E-7
2.141E-6
4.72E-7
3.99E-7
3.52E-7
5.9E-7
5.09E-7
1.804E-6
5.87E-7
5.13E-7
2.412E-6
4.77E-7
4.97E-7
4.29E-7
4.24E-7
3.96E-7
2.865E-6
4.3E-7
1.946E-6
4.2E-7
1.45E-6
5.32E-7
3.78E-7
5.27E-7
6.67E-7
4.01E-7
6.44E-7
4.32E-7
3.82E-7
1.725E-6
1.391E-6
1.723E-6
2.508E-6
5.75E-7
2.185E-6
4.33E-7
4.38E-7
4.41E-7
1.035E-6
8.54E-7
4.24E-7
5.09E-7
1.744E-6
4.47E-7
1.623E-6
4.53E-7
1.456E-6
4.32E-7
4.58E-7
1.729E-6
4.34E-7
6.16E-7
4.59E-7
9.15E-7
4.58E-7
6.02E-7
1.077E-6
4.15E-7
1.632E-6
4.28E-7
1.278E-6
4.33E-7
1.595E-6
1.965E-6
4.11E-7
1.209E-6
3.96E-7
4.68E-7
2.501E-6
5.12E-7
3.85E-7
4.05E-7
8.91E-7
5.58E-7
3.68E-7
5.82E-7
5.84E-7
4.05E-7
7.78E-7
4.0E-7
1.806E-6
4.27E-7
2.132E-6
3.8E-7
3.91E-7
3.92E-7
9.88E-7
3.71E-7
3.77E-7
1.345E-6
5.11E-7
6.07E-7
3.57E-7
4.24E-7
1.521E-6
4.0E-7
4.55E-7
2.404E-6
4.37E-7
