1.6483E-5
1.104E-5
8.31E-7
5.93E-7
5.13E-7
5.6E-7
5.82E-7
6.74E-7
1.073E-6
6.23E-7
7.47E-7
6.3E-7
6.1E-7
6.36E-7
7.08E-7
5.37E-7
3.75E-7
4.81E-7
1.302E-6
5.88E-7
4.4E-7
5.19E-7
4.91E-7
4.81E-7
4.49E-7
8.61E-7
4.97E-7
5.92E-7
4.3E-7
4.82E-7
6.22E-7
6.49E-7
5.29E-7
4.42E-7
5.07E-7
6.5E-7
4.06E-7
5.62E-7
4.82E-7
4.92E-7
4.06E-7
4.84E-7
3.62E-7
4.6E-7
5.29E-7
3.97E-7
4.53E-7
5.2E-7
1.024E-6
4.4E-7
4.74E-7
6.75E-7
3.64E-7
4.23E-7
5.36E-7
4.85E-7
6.89E-7
5.71E-7
6.05E-7
5.72E-7
6.0E-7
3.97E-7
6.52E-7
6.1E-7
5.17E-7
4.74E-7
5.15E-7
6.37E-7
4.72E-7
6.68E-7
4.77E-7
4.8E-7
5.65E-7
5.42E-7
5.37E-7
7.29E-7
5.1E-7
4.17E-7
4.0E-7
6.22E-7
4.21E-7
5.88E-7
4.93E-7
5.27E-7
5.72E-7
7.19E-7
3.93E-7
5.9E-7
5.49E-7
4.65E-7
4.2E-7
4.69E-7
4.88E-7
6.23E-7
6.35E-7
7.78E-7
4.8E-7
4.13E-7
4.36E-7
6.67E-7
4.43E-7
5.91E-7
5.05E-7
4.37E-7
4.56E-7
4.62E-7
4.82E-7
5.31E-7
4.76E-7
6.54E-7
5.16E-7
5.44E-7
4.42E-7
7.78E-7
5.72E-7
4.58E-7
7.05E-7
6.77E-7
4.08E-7
5.37E-7
4.97E-7
4.29E-7
3.33E-7
4.91E-7
8.54E-7
6.22E-7
5.24E-7
6.89E-7
4.9E-7
5.51E-7
6.65E-7
4.26E-7
6.37E-7
5.17E-7
4.99E-7
6.06E-7
3.96E-7
6.67E-7
5.36E-7
5.23E-7
4.98E-7
4.17E-7
7.33E-7
4.81E-7
5.05E-7
9.23E-7
8.89E-7
5.59E-7
4.82E-7
7.28E-7
4.38E-7
6.66E-7
5.36E-7
4.81E-7
4.59E-7
5.29E-7
5.61E-7
5.89E-7
5.54E-7
4.02E-7
5.33E-7
4.02E-7
4.93E-7
5.57E-7
5.5E-7
6.4E-7
3.64E-7
5.17E-7
5.78E-7
4.86E-7
5.16E-7
5.61E-7
4.01E-7
4.5E-7
5.66E-7
4.67E-7
8.27E-7
5.99E-7
3.66E-7
4.87E-7
6.12E-7
7.77E-7
4.66E-7
5.11E-7
3.65E-7
5.62E-7
5.98E-7
6.22E-7
4.53E-7
8.46E-7
3.71E-7
5.32E-7
4.85E-7
5.14E-7
6.56E-7
5.51E-7
4.37E-7
5.6E-7
1.12E-6
3.67E-7
4.26E-7
6.01E-7
5.41E-7
5.14E-7
4.77E-7
8.15E-7
4.09E-7
4.22E-7
6.71E-7
5.21E-7
5.94E-7
9.18E-7
3.71E-7
5.81E-7
5.12E-7
5.83E-7
5.09E-7
4.88E-7
4.5E-7
4.91E-7
3.83E-7
5.3E-7
4.64E-7
6.93E-7
5.02E-7
5.29E-7
4.41E-7
4.95E-7
4.71E-7
4.78E-7
6.58E-7
4.6E-7
6.12E-7
7.78E-7
5.09E-7
4.81E-7
8.36E-7
7.13E-7
8.02E-7
4.51E-7
5.06E-7
5.21E-7
6.87E-7
5.81E-7
6.0E-7
4.9E-7
5.03E-7
6.44E-7
6.27E-7
4.4E-7
6.3E-7
4.12E-7
4.8E-7
5.01E-7
5.24E-7
6.2E-7
1.188E-6
5.1E-7
5.3E-7
6.43E-7
8.21E-7
6.25E-7
4.83E-7
4.98E-7
4.34E-7
7.52E-7
5.88E-7
6.15E-7
4.49E-7
7.43E-7
7.41E-7
7.53E-7
4.5E-7
5.35E-7
4.95E-7
4.58E-7
5.38E-7
8.38E-7
8.01E-7
4.73E-7
5.63E-7
5.97E-7
4.77E-7
4.3E-7
4.75E-7
4.16E-7
6.17E-7
5.54E-7
4.3E-7
9.69E-7
4.18E-7
6.95E-7
6.05E-7
8.59E-7
6.37E-7
6.0E-7
4.67E-7
5.94E-7
4.46E-7
5.24E-7
5.23E-7
5.09E-7
9.71E-7
4.54E-7
5.09E-7
5.02E-7
5.1E-7
5.17E-7
8.22E-7
6.55E-7
4.66E-7
3.68E-7
6.95E-7
5.44E-7
5.25E-7
5.99E-7
4.57E-7
6.19E-7
6.25E-7
5.23E-7
5.04E-7
4.82E-7
5.47E-7
6.18E-7
4.81E-7
8.11E-7
4.08E-7
5.45E-7
5.11E-7
4.99E-7
5.94E-7
5.41E-7
7.24E-7
6.79E-7
9.08E-7
5.83E-7
5.03E-7
4.95E-7
4.11E-7
5.55E-7
7.06E-7
4.33E-7
4.95E-7
5.04E-7
4.3E-7
7.02E-7
1.269E-6
5.73E-7
6.88E-7
6.75E-7
6.22E-7
4.78E-7
3.59E-7
4.83E-7
4.91E-7
5.53E-7
6.19E-7
7.01E-7
6.01E-7
3.96E-7
5.13E-7
5.47E-7
4.61E-7
5.28E-7
5.1E-7
7.34E-7
4.68E-7
6.21E-7
5.48E-7
9.81E-7
4.0E-7
8.33E-7
4.93E-7
4.84E-7
6.47E-7
4.5E-7
6.95E-7
5.46E-7
4.35E-7
8.13E-7
8.88E-7
5.51E-7
9.76E-7
3.67E-7
5.26E-7
7.49E-7
5.38E-7
6.24E-7
4.64E-7
6.71E-7
4.79E-7
4.74E-7
5.08E-7
6.47E-7
9.62E-7
7.83E-7
5.8E-7
5.5E-7
7.62E-7
5.25E-7
5.83E-7
7.12E-7
4.83E-7
5.02E-7
4.62E-7
5.69E-7
6.28E-7
6.01E-7
1.205E-6
6.07E-7
4.72E-7
4.49E-7
4.28E-7
8.86E-7
8.62E-7
4.23E-7
8.14E-7
6.25E-7
6.99E-7
1.263E-6
1.196E-6
6.36E-7
4.31E-7
5.47E-7
6.74E-7
8.37E-7
4.38E-7
4.5E-7
4.37E-7
6.79E-7
5.26E-7
6.65E-7
6.15E-7
4.0E-7
9.59E-7
6.1E-7
1.043E-6
4.73E-7
3.64E-7
4.63E-7
4.31E-7
4.79E-7
5.18E-7
7.48E-7
4.87E-7
5.03E-7
6.63E-7
5.03E-7
5.82E-7
5.48E-7
7.37E-7
8.69E-7
5.69E-7
7.63E-7
4.85E-7
4.22E-7
5.48E-7
1.64E-6
5.25E-7
7.73E-7
6.04E-7
5.63E-7
4.55E-7
5.64E-7
4.8E-7
4.2E-7
6.8E-7
5.16E-7
4.69E-7
6.78E-7
3.71E-7
7.42E-7
7.23E-7
8.01E-7
9.4E-7
4.47E-7
5.4E-7
5.52E-7
4.89E-7
4.34E-7
6.19E-7
5.15E-7
3.72E-7
5.11E-7
5.22E-7
5.57E-7
4.78E-7
5.24E-7
4.16E-7
6.34E-7
6.62E-7
4.27E-7
4.26E-7
1.166E-6
5.24E-7
4.04E-7
4.6E-7
5.41E-7
6.5E-7
6.77E-7
4.98E-7
5.49E-7
1.399E-6
1.137E-6
8.5E-7
4.35E-7
5.29E-7
5.75E-7
1.134E-6
4.65E-7
3.206E-6
5.8E-7
4.82E-7
5.9E-7
4.75E-7
8.28E-7
1.305E-6
6.42E-7
5.4E-7
1.302E-6
9.43E-7
8.83E-7
4.67E-7
5.02E-7
8.57E-7
4.87E-7
5.32E-7
4.59E-7
5.53E-7
6.26E-7
4.29E-7
1.454E-6
8.79E-7
7.44E-7
5.42E-7
7.29E-7
6.66E-7
6.87E-7
7.61E-7
5.42E-7
4.11E-7
5.19E-7
5.94E-7
5.78E-7
5.8E-7
5.66E-7
1.211E-6
5.0E-7
4.64E-7
1.366E-6
5.81E-7
4.7E-7
4.54E-7
3.89E-7
4.71E-7
5.61E-7
7.51E-7
6.84E-7
5.29E-7
4.37E-7
4.53E-7
1.247E-6
7.69E-7
1.299E-6
7.0E-7
6.2E-7
6.36E-7
6.21E-7
5.09E-7
6.48E-7
8.32E-7
6.06E-7
1.577E-6
6.07E-7
5.19E-7
4.7E-7
6.04E-7
1.028E-6
5.41E-7
4.81E-7
4.75E-7
5.57E-7
6.69E-7
7.46E-7
9.42E-7
5.9E-7
4.69E-7
4.06E-7
9.3E-7
5.0E-7
1.888E-6
1.971E-6
1.487E-6
5.44E-7
5.76E-7
4.25E-7
7.59E-7
1.167E-6
5.59E-7
6.4E-7
4.7E-7
1.018E-6
1.4E-6
6.2E-7
5.46E-7
5.52E-7
5.32E-7
4.53E-7
5.19E-7
4.68E-7
4.4E-7
4.81E-7
4.75E-7
5.1E-7
8.01E-7
5.87E-7
7.72E-7
6.86E-7
6.4E-7
7.67E-7
5.8E-7
9.17E-7
5.64E-7
4.9E-7
4.31E-7
1.158E-6
4.85E-7
6.79E-7
5.21E-7
4.53E-7
6.75E-7
4.75E-7
5.26E-7
1.831E-6
2.086E-6
4.87E-7
6.79E-7
4.69E-7
1.605E-6
4.1E-7
4.57E-7
6.33E-7
7.6E-7
6.52E-7
6.32E-7
7.23E-7
1.522E-6
6.97E-7
4.09E-7
6.44E-7
5.74E-7
4.98E-7
1.964E-6
9.67E-7
1.148E-6
6.78E-7
8.45E-7
5.58E-7
2.063E-6
4.76E-7
7.13E-7
9.12E-7
4.99E-7
7.62E-7
5.04E-7
7.04E-7
4.29E-7
5.84E-7
4.37E-7
4.99E-7
5.68E-7
5.06E-7
7.23E-7
6.61E-7
3.92E-7
2.217E-6
7.23E-7
6.02E-7
6.1E-7
1.974E-6
4.78E-7
4.5E-7
7.47E-7
6.15E-7
5.44E-7
5.21E-7
5.28E-7
5.11E-7
4.5E-7
1.129E-6
4.27E-7
7.65E-7
4.75E-7
6.01E-7
5.6E-7
3.8E-7
1.888E-6
5.37E-7
8.02E-7
5.54E-7
3.92E-7
8.08E-7
9.15E-7
9.06E-7
5.37E-7
6.25E-7
9.31E-7
5.7E-7
3.7E-7
7.86E-7
6.22E-7
4.79E-7
5.28E-7
1.522E-6
6.53E-7
4.32E-7
1.977E-6
6.16E-7
7.04E-7
1.596E-6
6.11E-7
4.72E-7
4.91E-7
4.32E-7
4.75E-7
9.1E-7
9.08E-7
6.73E-7
5.02E-7
5.61E-7
6.1E-7
5.55E-7
6.11E-7
1.097E-6
6.839E-6
9.35E-7
6.23E-7
6.14E-7
4.94E-7
6.17E-7
3.9E-7
4.96E-7
4.61E-7
2.347E-6
5.7E-7
6.19E-7
9.05E-7
4.39E-7
5.23E-7
6.02E-7
7.65E-7
5.38E-7
5.51E-7
4.29E-7
4.73E-7
6.28E-7
4.51E-7
1.908E-6
6.75E-7
5.48E-7
7.92E-7
5.27E-7
5.78E-7
7.7E-7
5.67E-7
3.67E-7
5.31E-7
4.83E-7
7.4E-7
4.6E-7
4.79E-7
8.23E-7
3.85E-7
4.75E-7
5.61E-7
7.45E-7
5.17E-7
2.459E-6
3.96E-7
6.73E-7
6.75E-7
5.81E-7
4.73E-7
5.12E-7
3.45E-7
4.54E-7
3.97E-7
4.02E-7
5.57E-7
7.57E-7
1.256E-6
4.7E-7
3.85E-7
6.36E-7
4.86E-7
5.13E-7
6.22E-7
1.941E-6
5.14E-7
5.85E-7
5.31E-7
1.675E-6
5.2E-7
5.87E-7
6.05E-7
5.31E-7
9.94E-7
7.54E-7
6.53E-7
1.087E-6
1.871E-6
5.99E-7
8.12E-7
8.14E-7
6.77E-7
7.12E-7
1.188E-6
6.99E-7
5.74E-7
5.91E-7
5.99E-7
6.02E-7
6.47E-7
4.83E-7
1.593E-6
1.863E-6
3.78E-7
7.93E-7
6.47E-7
8.43E-7
5.25E-7
1.017E-6
5.28E-7
7.88E-7
5.54E-7
5.31E-7
5.61E-7
4.65E-7
7.12E-7
6.96E-7
3.94E-7
5.42E-7
4.25E-7
3.77E-7
2.106E-6
1.255E-6
4.59E-7
4.9E-7
4.54E-7
6.65E-7
6.33E-7
7.52E-7
5.13E-7
1.88E-6
6.44E-7
2.924E-6
7.14E-7
4.26E-7
7.49E-7
5.25E-7
7.06E-7
4.64E-7
5.81E-7
4.28E-7
7.09E-7
5.2E-7
5.81E-7
1.128E-6
9.28E-7
4.39E-7
4.68E-7
1.858E-6
1.136E-6
5.86E-7
6.3E-7
9.68E-7
9.37E-7
4.42E-7
4.24E-7
7.67E-7
5.65E-7
5.92E-7
1.669E-6
5.2E-7
9.15E-7
5.42E-7
4.32E-7
6.28E-7
5.56E-7
6.77E-7
1.244E-6
4.34E-7
5.19E-7
5.86E-7
6.22E-7
7.37E-7
4.97E-7
6.25E-7
5.47E-7
4.54E-7
4.48E-7
1.845E-6
1.224E-6
4.23E-7
5.19E-7
5.13E-7
5.0E-7
9.21E-7
6.52E-7
1.622E-6
4.96E-7
6.01E-7
4.52E-7
8.87E-7
6.11E-7
2.086E-6
5.15E-7
6.18E-7
4.97E-7
4.46E-7
1.446E-6
4.8E-7
4.49E-7
3.39E-7
1.047E-6
6.47E-7
5.26E-7
6.37E-7
8.97E-7
5.17E-7
5.58E-7
2.344E-6
5.36E-7
2.301E-6
4.17E-7
7.44E-7
2.384E-6
4.64E-7
7.68E-7
9.81E-7
5.82E-7
3.84E-7
6.35E-7
1.601E-6
1.0E-6
5.58E-7
4.75E-7
7.94E-7
5.53E-7
6.85E-7
5.28E-7
9.9E-7
1.773E-6
6.51E-7
7.82E-7
4.6E-7
6.24E-7
1.633E-6
5.07E-7
8.09E-7
7.56E-7
5.16E-7
3.76E-7
2.09E-6
5.38E-7
9.27E-7
5.05E-7
3.87E-7
6.6E-7
1.82E-6
4.47E-7
1.322E-6
8.01E-7
4.7E-7
3.96E-7
1.31E-6
7.5E-7
4.75E-7
9.54E-7
4.47E-7
7.57E-7
1.992E-6
4.3E-7
4.54E-7
6.57E-7
6.94E-7
5.5E-7
4.55E-7
5.72E-7
6.23E-7
5.8E-7
2.051E-6
4.56E-7
7.95E-7
2.372E-6
9.08E-7
4.6E-7
1.471E-6
1.204E-6
6.09E-7
6.81E-7
3.93E-7
4.84E-7
6.84E-7
5.03E-7
2.12E-6
1.08E-6
6.41E-7
2.726E-6
7.31E-7
5.68E-7
6.15E-7
1.567E-6
5.98E-7
1.184E-6
1.714E-6
5.05E-7
5.64E-7
4.86E-7
6.21E-7
9.35E-7
4.8E-7
5.51E-7
2.293E-6
5.54E-7
7.93E-7
5.93E-7
1.443E-6
6.29E-7
6.14E-7
6.13E-7
4.05E-7
5.32E-7
2.72E-6
8.31E-7
2.365E-6
4.75E-7
2.236E-6
5.93E-7
6.89E-7
5.53E-7
3.63E-7
7.32E-7
5.22E-7
6.71E-7
6.6E-7
1.321E-6
4.39E-7
7.27E-7
6.02E-7
8.0E-7
1.404E-6
5.34E-7
1.06E-6
4.39E-7
4.8E-7
6.63E-7
4.88E-7
3.94E-7
2.173E-6
4.81E-7
5.54E-7
1.556E-6
2.139E-6
4.12E-7
2.078E-6
9.93E-7
5.06E-7
2.149E-6
7.7E-7
2.291E-6
1.6E-6
1.511E-6
4.78E-7
6.39E-7
1.454E-6
2.366E-6
6.21E-7
4.56E-7
6.49E-7
4.05E-7
1.623E-6
5.3E-7
6.68E-7
6.49E-7
4.42E-7
5.33E-7
3.95E-7
2.439E-6
4.88E-7
6.26E-7
2.546E-6
7.17E-7
8.26E-7
1.465E-6
4.82E-7
1.523E-6
5.89E-7
1.919E-6
6.09E-7
1.278E-6
5.32E-7
6.42E-7
6.33E-7
5.63E-7
6.6E-7
4.8E-7
6.27E-7
6.73E-7
5.81E-7
4.39E-7
7.14E-7
5.96E-7
4.65E-7
5.46E-7
2.357E-6
6.48E-7
5.08E-7
5.71E-7
4.6E-7
1.755E-6
4.54E-7
4.59E-7
1.795E-6
5.07E-7
9.07E-7
4.63E-7
6.01E-7
5.52E-7
6.73E-7
1.154E-6
4.57E-7
1.644E-6
2.578E-6
1.884E-6
4.16E-7
1.514E-6
6.24E-7
1.526E-6
4.37E-7
6.21E-7
5.31E-7
4.07E-7
1.042E-6
2.515E-6
4.15E-7
4.78E-7
2.539E-6
4.4E-7
5.6E-7
5.67E-7
4.8E-7
1.491E-6
4.51E-7
7.2E-7
3.96E-7
5.01E-7
2.78E-6
5.23E-7
1.017E-6
8.09E-7
9.24E-7
1.84E-6
5.8E-7
1.85E-6
1.802E-6
1.377E-6
8.34E-7
2.805E-6
5.04E-7
5.08E-7
1.05E-6
2.882E-6
5.88E-7
2.48E-6
4.68E-7
6.59E-7
6.45E-7
5.84E-7
5.63E-7
2.497E-6
7.06E-7
7.22E-7
1.132E-6
2.703E-6
5.71E-7
5.34E-7
5.53E-7
4.83E-7
6.41E-7
2.074E-6
4.57E-7
5.13E-7
4.57E-7
4.15E-7
6.87E-7
4.12E-7
6.51E-7
5.73E-7
3.251E-6
1.777E-6
5.27E-7
5.25E-7
2.279E-6
4.64E-7
8.92E-7
5.69E-7
5.48E-7
1.888E-6
4.81E-7
5.84E-7
1.638E-6
5.86E-7
3.99E-7
8.29E-7
4.08E-7
2.82E-6
4.69E-7
1.869E-6
5.67E-7
2.601E-6
5.19E-7
2.284E-6
6.37E-7
3.93E-7
8.84E-7
4.48E-7
6.25E-7
6.21E-7
4.24E-7
4.79E-7
6.79E-7
4.37E-7
2.208E-6
4.59E-7
3.48E-7
1.368E-6
5.72E-7
1.079E-6
9.21E-7
8.62E-7
5.98E-7
5.06E-7
8.36E-7
4.7E-7
5.61E-7
5.7E-7
5.43E-7
1.446E-6
1.759E-6
5.5E-7
1.01E-6
4.91E-7
9.56E-7
9.07E-7
6.89E-7
8.06E-7
4.7E-7
6.05E-7
3.86E-7
5.91E-7
6.16E-7
6.55E-7
4.55E-7
6.42E-7
5.28E-7
4.14E-7
1.995E-6
6.85E-7
5.65E-7
5.79E-7
4.64E-7
4.01E-7
1.135E-6
1.879E-6
4.92E-7
5.14E-7
6.17E-7
4.95E-7
5.74E-7
1.258E-6
1.904E-6
4.96E-7
6.08E-7
2.488E-6
9.66E-7
2.239E-6
5.85E-7
4.75E-7
1.735E-6
7.26E-7
3.99E-7
4.9E-7
5.89E-7
2.345E-6
4.67E-7
5.64E-7
9.42E-7
3.86E-7
4.47E-7
4.57E-7
1.644E-6
1.763E-6
4.06E-7
9.75E-7
4.56E-7
2.858E-6
5.77E-7
4.77E-7
2.11E-6
5.08E-7
2.171E-6
5.37E-7
2.095E-6
4.91E-7
4.17E-7
1.209E-6
7.42E-7
1.094E-6
4.47E-7
1.701E-6
4.4E-7
5.48E-7
6.35E-7
4.84E-7
2.163E-6
4.4E-7
3.073E-6
9.68E-7
5.83E-7
6.16E-7
6.55E-7
1.832E-6
7.35E-7
5.1E-7
1.809E-6
7.14E-7
5.26E-7
9.5E-7
5.75E-7
8.92E-7
3.57E-7
2.293E-6
5.04E-7
1.483E-6
4.79E-7
5.59E-7
8.43E-7
6.29E-7
4.7E-7
5.25E-7
1.143E-6
5.43E-7
8.48E-7
8.89E-7
7.12E-7
5.7E-7
4.67E-7
2.213E-6
3.99E-7
6.62E-7
1.079E-6
2.276E-6
1.977E-6
4.62E-7
1.81E-6
5.65E-7
2.314E-6
5.16E-7
2.713E-6
9.2E-7
8.65E-7
6.82E-7
5.36E-7
6.53E-7
2.491E-6
5.58E-7
3.67E-7
6.87E-7
4.2E-7
4.63E-7
1.833E-6
5.7E-7
4.64E-7
2.118E-6
5.8E-7
3.17E-7
4.73E-7
3.72E-7
3.76E-7
1.851E-6
5.12E-7
3.15E-7
2.178E-6
5.39E-7
3.83E-7
2.388E-6
4.21E-7
3.9E-7
5.25E-7
2.12E-6
2.066E-6
5.15E-7
5.22E-7
4.95E-7
4.36E-7
1.996E-6
4.38E-7
3.72E-7
7.82E-7
1.272E-6
5.75E-7
1.411E-6
4.71E-7
2.529E-6
4.41E-7
2.088E-6
3.87E-7
6.03E-7
3.51E-7
1.732E-6
5.66E-7
7.74E-7
4.5E-7
9.76E-7
4.32E-7
1.671E-6
5.08E-7
6.52E-7
2.502E-6
5.36E-7
6.46E-7
6.14E-7
4.31E-7
4.83E-7
4.96E-7
4.81E-7
1.134E-6
4.74E-7
4.81E-7
6.12E-7
4.61E-7
3.99E-7
7.04E-7
4.93E-7
1.602E-6
6.25E-7
3.326E-6
7.48E-7
6.63E-7
4.87E-7
6.12E-7
3.197E-6
5.0E-7
3.79E-7
1.04E-6
4.62E-7
5.24E-7
5.11E-7
2.635E-6
4.95E-7
5.25E-7
4.85E-7
8.53E-7
3.96E-7
2.591E-6
5.58E-7
2.246E-6
2.103E-6
9.13E-7
6.76E-7
3.97E-7
6.42E-7
8.41E-7
1.268E-6
3.183E-6
4.92E-7
5.7E-7
4.81E-7
5.59E-7
4.14E-7
2.352E-6
4.3E-7
1.56E-6
4.55E-7
4.5E-7
2.992E-6
4.13E-7
6.33E-7
1.168E-6
7.56E-7
5.32E-7
1.906E-6
8.42E-7
5.44E-7
1.318E-6
2.246E-6
3.99E-7
6.09E-7
1.303E-6
5.66E-7
1.07E-6
4.82E-7
4.82E-7
5.72E-7
6.27E-7
5.3E-7
1.977E-6
3.9E-7
3.279E-6
2.571E-6
3.164E-6
5.88E-7
4.21E-7
2.333E-6
7.6E-7
4.73E-7
5.73E-7
4.14E-7
2.521E-6
3.99E-7
6.11E-7
6.27E-7
4.38E-7
1.67E-6
5.43E-7
5.07E-7
1.584E-6
7.46E-7
5.93E-7
5.7E-7
8.06E-7
6.44E-7
7.96E-7
2.223E-6
4.95E-7
3.166E-6
5.95E-7
5.02E-7
3.71E-7
3.182E-6
7.18E-7
4.614E-6
4.82E-7
3.066E-6
5.98E-7
2.297E-6
5.46E-7
5.84E-7
3.01E-6
6.07E-7
6.02E-7
1.084E-6
7.38E-7
6.38E-7
8.29E-7
6.27E-7
4.78E-7
1.144E-6
1.066E-6
4.82E-7
5.99E-7
1.789E-6
5.25E-7
5.94E-7
6.41E-7
1.014E-6
5.55E-7
5.57E-7
4.64E-7
2.907E-6
4.17E-7
9.69E-7
1.05E-6
2.784E-6
5.2E-7
6.46E-7
4.78E-7
5.04E-7
1.122E-6
4.55E-7
2.435E-6
4.86E-7
6.47E-7
3.89E-7
5.07E-7
5.86E-7
6.02E-7
4.19E-7
8.56E-7
4.29E-7
8.98E-7
4.9E-7
2.61E-6
4.69E-7
9.39E-7
8.78E-7
5.15E-7
4.108E-6
3.596E-6
4.85E-7
2.322E-6
6.27E-7
5.87E-7
4.23E-7
1.715E-6
4.45E-7
2.394E-6
5.02E-7
1.37E-6
2.851E-6
2.943E-6
5.99E-7
5.34E-7
4.74E-7
5.05E-7
4.48E-7
7.55E-7
6.24E-7
1.339E-6
8.85E-7
7.37E-7
5.49E-7
9.29E-7
6.48E-7
4.72E-7
4.23E-7
6.42E-7
7.43E-7
5.57E-7
5.3E-7
8.12E-7
4.2E-7
2.756E-6
4.64E-7
4.34E-7
3.482E-6
5.43E-7
4.81E-7
5.71E-7
6.3E-7
3.65E-7
6.26E-7
5.34E-7
6.09E-7
5.96E-7
4.94E-7
4.21E-7
4.08E-7
5.36E-7
4.62E-7
2.193E-6
4.1E-7
8.27E-7
8.66E-7
4.47E-7
6.36E-7
1.253E-6
3.383E-6
5.69E-7
9.05E-7
4.86E-7
4.89E-7
5.152E-6
1.889E-6
4.46E-7
5.22E-7
9.85E-7
3.041E-6
6.15E-7
4.27E-7
3.041E-6
1.46E-6
4.44E-7
6.1E-7
1.509E-6
4.82E-7
5.05E-7
4.45E-7
1.305E-6
4.01E-7
3.026E-6
6.07E-7
1.065E-6
4.3E-7
5.03E-7
2.386E-6
5.87E-7
4.925E-6
7.78E-7
2.689E-6
5.93E-7
4.31E-7
6.14E-7
5.266E-6
6.36E-7
6.6E-7
3.63E-7
5.725E-6
5.16E-7
1.605E-6
5.56E-7
7.76E-7
5.41E-7
1.171E-6
4.45E-7
5.62E-7
8.25E-7
1.529E-6
5.303E-6
2.719E-6
4.76E-7
4.4E-7
4.406E-6
4.72E-6
6.81E-7
4.65E-7
6.39E-7
3.15E-6
6.08E-7
7.7E-7
7.18E-7
6.983E-6
5.23E-7
5.19E-7
6.04E-7
4.27E-7
3.71E-7
1.75E-6
5.795E-6
5.75E-7
1.913E-6
6.58E-7
5.35E-7
2.182E-6
6.79E-7
7.8E-7
1.13E-6
7.7E-7
4.76E-7
2.652E-6
4.541E-6
4.65E-7
1.349E-6
6.49E-7
9.53E-7
4.84E-7
5.2E-7
6.01E-7
8.37E-7
3.96E-7
4.343E-6
5.11E-7
4.5E-7
9.89E-7
5.57E-7
5.48E-7
4.6E-7
4.38E-7
5.55E-7
1.897E-6
8.82E-7
1.052E-6
4.7E-7
4.44E-7
1.003E-6
8.63E-7
7.63E-7
4.16E-7
2.726E-6
3.049E-6
5.741E-6
5.55E-7
5.443E-6
2.613E-6
5.79E-7
2.227E-6
6.42E-7
1.923E-6
4.59E-7
7.42E-7
2.815E-6
2.058E-6
4.84E-7
1.419E-6
1.153E-6
4.38E-7
6.37E-7
1.431E-6
5.61E-7
6.67E-7
3.6E-7
7.39E-7
7.943E-6
5.15E-7
9.77E-7
1.52E-6
4.191E-6
4.35E-7
4.96E-7
2.295E-6
5.34E-7
5.15E-7
4.483E-6
5.98E-7
4.05E-7
6.34E-7
7.13E-7
6.43E-7
4.68E-7
4.9E-7
1.643E-6
5.63E-7
5.593E-6
5.39E-7
3.224E-6
4.28E-7
2.242E-6
4.89E-7
2.236E-6
1.968E-6
4.49E-7
6.19E-7
7.11E-7
5.41E-7
7.35E-7
2.803E-6
4.47E-7
6.8E-7
2.561E-6
4.67E-7
7.51E-7
9.22E-7
3.81E-7
4.44E-7
4.42E-7
6.94E-7
9.23E-7
3.051E-6
8.1E-7
6.45E-7
4.7E-7
4.13E-7
8.93E-7
2.443E-6
6.43E-7
6.99E-7
7.72E-7
3.69E-7
1.857E-6
5.724E-6
7.01E-7
4.873E-6
5.26E-7
3.74E-7
5.38E-7
2.063E-6
2.192E-6
4.64E-7
2.827E-6
5.06E-7
3.034E-6
4.61E-7
4.66E-7
5.85E-7
4.57E-7
4.27E-7
6.33E-7
6.42E-7
3.277E-6
5.82E-7
1.351E-6
6.1E-7
4.732E-6
4.54E-7
1.112E-6
4.64E-7
4.27E-7
6.11E-7
2.373E-6
6.83E-7
5.18E-7
3.83E-7
2.808E-6
4.7E-7
6.42E-7
5.34E-7
4.79E-7
5.83E-7
5.8E-7
6.33E-7
6.68E-7
4.28E-7
1.265E-6
4.24E-7
4.91E-7
4.47E-7
1.084E-6
4.45E-7
4.48E-7
5.42E-7
5.06E-7
3.078E-6
6.66E-7
6.763E-6
6.85E-7
6.36E-7
4.55E-7
4.63E-7
1.1395E-5
7.17E-7
1.294E-6
5.83E-7
5.56E-7
6.78E-7
4.43E-7
5.83E-7
4.09E-7
5.879E-6
5.22E-7
4.34E-7
1.0187E-5
9.82E-7
4.55E-7
2.715E-6
6.96E-7
4.91E-7
7.02E-7
8.55E-7
7.15E-7
4.87E-7
5.03E-7
5.32E-7
4.04E-7
4.77E-7
7.03E-7
6.99E-7
4.0E-7
4.63E-7
2.043E-6
7.78E-7
5.84E-7
5.17E-7
6.26E-7
5.53E-7
1.153E-6
4.12E-7
1.102E-6
7.76E-7
5.203E-6
2.947E-6
5.79E-7
4.035E-6
6.12E-7
1.476E-6
4.87E-7
3.256E-6
5.69E-7
4.62E-7
6.43E-7
8.13E-7
4.05E-7
5.75E-7
8.566E-6
5.86E-7
7.06E-7
2.441E-6
5.3E-7
4.77E-7
1.0658E-5
6.033E-6
5.64E-7
4.487E-6
5.48E-7
4.38E-7
2.097E-6
2.18E-6
5.11E-7
8.867E-6
3.708E-6
6.14E-7
3.787E-6
4.6E-7
1.1637E-5
5.79E-7
1.255E-6
5.21E-7
5.76E-7
4.74E-7
9.25E-7
5.06E-7
4.23E-7
1.766E-6
7.35E-7
9.13E-7
1.701E-6
6.07E-7
7.44E-6
4.62E-7
1.1557E-5
8.7E-7
4.67E-7
7.19E-7
6.98E-7
7.71E-7
1.134E-6
9.172E-6
4.84E-7
3.152E-6
4.6E-7
2.215E-6
2.237E-6
4.98E-7
3.91E-7
7.73E-7
1.102E-6
1.078E-6
4.77E-7
4.15E-7
4.77E-7
1.026E-6
7.24E-7
3.75E-7
7.1E-7
4.83E-7
1.999E-6
1.646E-6
1.459E-6
5.71E-7
5.08E-7
4.285E-6
5.56E-7
4.91E-7
1.5717E-5
8.08E-7
1.125E-5
6.39E-7
2.04E-6
6.42E-7
1.241E-6
8.92E-7
8.91E-7
9.32E-7
5.25E-7
1.641E-6
1.763E-6
1.03E-6
1.288E-6
4.81E-7
4.78E-7
6.21E-7
9.85E-7
5.17E-7
8.1E-7
5.59E-7
2.849E-6
4.57E-7
5.067E-6
8.47E-7
8.97E-7
4.61E-7
5.891E-6
4.946E-6
1.557E-6
5.81E-7
9.15E-7
4.94E-7
1.1343E-5
1.407E-6
5.44E-7
6.02E-7
4.58E-7
2.435E-6
5.17E-7
8.31E-7
4.58E-7
1.356E-6
5.31E-7
7.36E-6
4.636E-6
9.477E-6
5.56E-7
1.227E-6
6.22E-7
6.0E-7
1.619E-6
5.92E-7
5.6E-7
5.74E-7
5.123E-6
6.47E-7
6.2E-7
2.144E-6
4.51E-7
4.75E-7
1.18E-5
8.3E-7
4.59E-7
4.86E-6
4.35E-7
6.6E-7
6.3E-7
1.6E-6
2.773E-6
9.942E-6
5.25E-7
5.21E-7
2.587E-6
5.23E-7
4.77E-7
9.144E-6
5.55E-7
2.46E-6
6.19E-7
4.34E-7
4.512E-6
5.62E-7
4.48E-7
3.82E-7
5.86E-7
7.57E-7
7.08E-7
1.115E-6
1.123E-6
4.25E-7
4.17E-7
3.89E-7
1.2778E-5
3.418E-6
2.673E-6
4.97E-7
2.157E-6
5.06E-7
1.2028E-5
5.14E-7
4.79E-7
4.86E-7
4.278E-6
4.38E-7
2.241E-6
4.54E-7
1.061E-6
3.95E-7
5.82E-7
4.77E-7
7.66E-7
7.72E-7
1.2571E-5
7.79E-7
5.15E-7
4.6E-6
5.2E-7
2.614E-6
5.705E-6
5.1E-7
2.48652E-4
1.115E-6
8.06E-7
8.9E-7
7.7E-7
7.45E-7
4.38E-7
3.297E-6
2.774E-6
6.36E-7
1.3077E-5
1.646E-6
1.2537E-5
1.341E-6
6.04E-7
1.0173E-5
5.81E-7
9.673E-6
5.36E-7
4.53E-7
7.42E-7
4.85E-7
3.26E-7
9.6E-7
6.98E-7
4.26E-7
1.2735E-5
5.91E-7
3.95E-7
7.04E-7
1.26E-6
5.1E-7
4.79E-7
8.111E-6
5.19E-7
7.7E-7
6.3E-7
7.005E-6
1.08E-6
5.11E-7
2.268E-6
6.69E-7
1.286E-6
5.23E-7
6.1E-7
1.0935E-5
5.17E-7
4.14E-7
7.32E-7
5.24E-7
5.32E-7
4.38E-7
2.216E-6
3.79E-7
6.72E-7
5.737E-6
1.1206E-5
5.31E-7
1.3138E-5
5.89E-7
4.98E-7
5.34E-7
4.72E-7
4.0E-7
6.63E-7
8.61E-7
8.24E-7
6.72E-7
5.68E-7
4.37E-7
6.3E-7
3.67E-7
1.1715E-5
7.16E-7
6.49E-7
7.54E-7
9.29E-7
7.791E-6
5.44E-7
5.58E-7
8.716E-6
5.6E-7
8.25E-7
5.359E-6
1.061E-6
5.54E-7
6.52E-7
5.48E-7
4.09E-7
6.82E-7
4.95E-7
4.61E-7
1.004E-5
3.263E-6
5.14E-7
1.0568E-5
6.42E-7
1.786E-6
4.26E-7
4.57E-7
5.03E-7
6.45E-7
6.47E-7
3.91E-7
1.022E-6
4.43E-7
6.53E-7
7.724E-6
8.48E-7
8.22E-7
7.787E-6
5.29E-7
1.0547E-5
6.125E-6
1.87E-6
4.52E-7
5.389E-6
5.64E-7
5.12E-7
6.65E-7
6.89E-7
5.48E-7
1.0825E-5
5.59E-7
3.261E-6
4.7E-7
4.47E-7
2.283E-6
1.0381E-5
5.59E-7
5.47E-7
2.22E-6
4.16E-7
6.41E-7
4.52E-7
1.0395E-5
4.67E-7
5.94E-7
6.33E-7
9.37E-7
4.96E-7
4.0E-7
6.357E-6
5.39E-7
4.33E-7
1.1912E-5
1.1103E-5
5.87E-7
4.53E-7
8.72E-7
8.11E-7
5.81E-7
4.81E-7
4.16E-7
5.01E-7
6.1699E-5
1.417E-6
2.7497E-5
9.44E-7
9.503E-6
1.369E-6
3.3334E-5
1.287E-6
7.85E-7
3.4944E-5
3.0062E-5
1.329E-6
1.982E-6
6.79E-7
8.957E-6
6.97E-7
4.94E-7
1.4645E-5
5.32E-7
4.82E-7
9.37E-7
6.12E-7
5.04E-7
1.0138E-5
6.62E-7
4.88E-7
2.497E-6
1.271E-6
6.31E-7
1.634E-6
1.513E-6
1.5057E-5
3.602E-6
9.529E-6
9.76E-7
1.125E-6
8.553E-6
5.95E-7
1.2247E-5
8.14E-7
4.82E-7
5.95E-7
1.1935E-5
9.425E-6
5.04E-7
4.61E-7
6.21E-7
9.02E-7
1.5073E-5
6.66E-7
8.43E-7
7.87E-7
5.48E-7
8.653E-6
4.04E-7
8.31E-7
1.0495E-5
7.94E-7
5.51E-7
5.145E-6
5.3E-7
3.86E-7
2.7527E-5
2.3251E-5
5.9E-7
4.03E-7
6.53E-7
7.36E-7
4.23E-7
7.42E-7
2.8474E-5
9.12E-7
1.3907E-5
7.83E-7
1.2127E-5
1.4823E-5
4.9E-7
1.4565E-5
5.54E-7
4.98E-7
9.177E-6
5.68E-7
5.19E-7
5.04E-7
1.2749E-5
6.95E-7
8.37E-7
7.724E-6
6.55E-7
9.04E-7
3.028E-6
1.275E-6
5.325E-6
4.87E-7
4.37E-7
1.1312E-5
5.47E-7
1.065E-5
6.88E-7
8.256E-6
4.81E-7
7.56E-7
1.2043E-5
4.99E-7
5.65E-7
4.78E-7
5.32E-7
3.31E-7
1.868E-6
8.17E-7
3.399E-6
5.25E-7
9.42E-6
6.93E-7
6.78E-7
4.91E-7
4.7E-7
6.4E-7
6.63E-7
1.1496E-5
5.68E-7
5.63E-7
4.41E-7
4.66E-7
4.41E-7
3.88E-7
8.16E-7
9.2E-7
6.32E-7
5.36E-7
4.88E-7
1.9684E-5
7.41E-7
5.22E-7
7.4E-7
4.25E-7
5.67E-7
9.002E-6
5.28E-7
2.186E-6
1.5951E-5
7.33E-7
1.205E-6
5.49E-7
9.878E-6
5.01E-7
7.44E-7
6.08E-7
8.7E-7
2.967E-6
4.38E-7
7.73E-6
4.95E-7
6.75E-7
1.3688E-5
3.387E-6
5.86E-7
4.624E-6
5.27E-7
9.46E-7
1.2824E-5
5.3051E-5
3.401E-6
7.45E-7
5.83E-7
7.65E-7
2.114E-6
5.091E-6
5.83E-7
6.02E-7
4.78E-7
1.5768E-5
6.5E-7
4.39E-7
5.98E-7
4.93E-7
8.315E-6
1.608E-6
5.16E-7
3.9E-7
4.86E-7
9.844E-6
4.04E-7
3.59E-7
3.245E-6
5.11E-7
4.32E-7
8.095E-6
5.29E-7
4.2E-7
1.5023E-5
3.037E-6
4.62E-7
1.281E-6
4.46E-7
4.54E-7
3.84E-7
1.0845E-5
3.64E-7
3.99E-7
3.3E-7
2.495E-6
4.67E-7
8.47E-7
3.99E-7
8.077E-6
7.806E-6
4.06E-7
7.427E-6
1.6479E-5
2.646E-6
8.18E-7
4.85E-7
7.889E-6
5.1E-7
1.3626E-5
5.02E-7
3.91E-7
1.143E-5
4.29E-7
1.0084E-5
4.22E-7
7.54E-7
8.037E-6
7.642E-6
6.94E-7
1.165E-6
4.26E-7
4.45E-7
4.02E-7
1.1943E-5
4.29E-7
8.18E-7
1.949E-6
1.1108E-5
6.46E-7
1.8444E-5
5.72E-7
3.99E-7
3.801E-6
3.68E-7
2.534E-6
1.1292E-5
5.95E-7
5.51E-7
4.41E-7
2.527E-6
5.38E-7
1.995E-6
4.15E-7
7.15E-7
1.16E-5
4.01E-7
5.98E-7
7.9735E-5
1.014E-6
6.27E-7
6.0E-7
5.37E-7
1.4991E-5
6.92E-7
1.4279E-5
8.86E-7
1.146E-6
5.15E-7
1.0789E-5
5.18E-7
6.044E-6
9.04E-7
1.4846E-5
8.9E-7
6.56E-7
7.95E-7
3.149E-6
1.035E-6
1.2076E-5
8.84E-7
6.09E-7
5.85E-7
7.66E-7
1.845E-5
8.74E-7
5.72E-7
7.83E-7
4.62E-7
2.928E-6
6.53E-7
4.9E-7
6.45E-7
6.35E-7
1.7729E-5
6.18E-7
4.75E-7
1.022E-6
1.015E-5
6.77E-7
1.3953E-5
7.81E-7
1.5988E-5
1.225E-6
6.94E-7
4.28E-7
3.073E-6
5.37E-7
1.207E-6
4.45E-7
1.4017E-5
3.544E-6
5.81E-7
1.2222E-5
1.1734E-5
6.696E-6
6.97E-7
1.0652E-5
8.64E-7
5.57E-7
4.68E-7
6.83E-7
4.63E-7
7.2E-7
7.53E-7
5.92E-7
6.83E-7
5.76E-7
1.703E-5
6.09E-7
4.7E-7
6.44E-7
1.4758E-5
9.701E-6
5.21E-7
4.0E-7
5.19E-7
5.95E-7
1.7998E-5
6.306E-6
4.89E-7
4.49E-7
1.4269E-5
1.335E-6
1.0176E-5
5.38E-7
6.8E-7
2.186E-6
8.64E-7
4.63E-7
4.484E-6
1.1726E-5
9.422E-6
5.56E-7
6.34E-7
3.046E-6
1.2132E-5
6.25E-7
5.34E-7
1.051E-6
1.958E-6
5.26E-7
4.04E-7
1.7047E-5
6.39E-6
6.079E-6
6.81E-7
1.5484E-5
6.28E-7
6.67E-7
1.1334E-5
9.79E-7
9.95E-7
6.75E-7
5.17E-7
9.114E-6
7.797E-6
7.19E-7
1.7147E-5
9.3E-7
2.198E-6
2.96E-6
1.4915E-5
9.85E-7
5.3E-7
4.29E-7
7.59E-7
7.8E-7
4.81E-7
2.955E-6
4.8E-7
8.72E-7
1.7784E-5
5.98E-7
5.9E-7
8.77E-7
1.766E-6
5.82E-7
5.91E-7
5.26E-7
6.253E-6
1.7843E-5
5.63E-7
5.66E-7
6.16E-7
7.15E-7
4.83E-7
5.06E-7
7.65E-7
6.97E-7
3.83E-7
1.1576E-5
8.23E-7
4.92E-7
1.7763E-5
9.01E-7
1.7091E-5
5.08E-7
3.089E-6
9.91E-7
5.06E-7
6.48E-7
7.31E-7
6.26E-7
4.24E-7
4.93E-7
5.98E-7
1.5826E-5
5.66E-7
7.13E-7
3.338E-6
6.02E-7
1.0426E-5
5.87E-7
7.864E-6
6.77E-7
4.18E-7
3.77E-7
1.0914E-5
1.1043E-5
4.94E-7
4.05E-7
6.54E-7
1.3911E-5
5.69E-7
4.82E-7
9.1E-7
1.4022E-5
8.19E-7
9.23E-7
1.5565E-5
1.8659E-5
5.93E-7
1.6273E-5
1.0553E-5
5.92E-7
1.436E-5
7.62E-7
4.7E-7
6.01E-7
7.95E-7
6.59E-7
5.75E-6
5.99E-7
7.206E-6
1.0012E-5
5.183E-6
5.064E-6
5.41E-7
5.95E-7
7.28E-7
4.94E-7
7.22E-7
1.5727E-5
1.018E-6
6.88E-7
1.0589E-5
6.31E-7
1.0738E-5
6.14E-7
5.36E-7
3.383E-6
5.1E-7
1.7795E-5
6.222E-6
5.0E-7
6.794E-6
4.591E-6
5.19E-7
1.4431E-5
5.26E-7
2.825E-6
5.21E-7
1.1545E-5
1.851E-5
5.94E-7
5.79E-7
4.13E-7
1.0686E-5
3.4021E-5
8.199E-6
1.1848E-5
7.43E-6
5.094E-6
1.2924E-5
5.68E-7
1.5038E-5
9.04E-7
1.952E-6
4.65E-7
7.86E-7
4.86E-7
5.22E-7
4.42E-7
7.97E-7
1.3324E-5
6.75E-7
1.2355E-5
5.72E-7
8.85E-7
4.84E-7
6.09E-7
4.22E-7
7.8E-7
5.55E-7
4.3E-7
1.4292E-5
7.58E-7
3.8E-7
7.06E-7
2.57E-6
5.68E-7
1.8914E-5
5.37E-7
5.51E-7
6.14E-7
4.49E-7
1.8363E-5
8.98E-7
6.23E-7
3.94E-7
1.1845E-5
7.22E-7
1.961E-6
2.038E-6
7.743E-6
5.01E-7
1.6909E-5
2.538E-6
6.33E-7
5.48E-7
7.42E-7
2.0404E-5
7.21E-7
4.52E-7
1.8935E-5
5.4E-7
6.31E-7
2.0404E-5
5.61E-7
6.97E-7
9.55E-6
4.8E-7
4.64E-7
1.082E-6
3.82E-7
3.9E-7
2.72E-6
1.565E-6
1.6304E-5
1.656E-5
5.96E-7
9.16E-7
4.67E-7
5.969E-6
4.5E-7
1.4289E-5
6.37E-7
4.6E-7
3.261E-6
8.09E-7
5.65E-7
4.56E-7
6.38E-7
2.421E-6
6.06E-7
3.97E-7
5.973E-6
4.13E-7
4.56E-7
5.43E-7
1.0247E-5
4.66E-7
4.35E-7
4.91E-7
4.21E-7
6.95E-7
1.2458E-5
5.56E-7
5.77E-7
2.826E-6
4.84E-7
4.8E-7
2.298E-6
5.95E-7
3.534E-6
2.65E-6
2.168E-6
6.526E-6
5.75E-7
3.406E-6
1.3695E-5
6.65E-7
4.66E-7
3.6E-7
2.822E-6
4.16E-7
1.2122E-5
8.07E-7
2.2555E-5
6.01E-7
3.92E-7
5.87E-7
7.01E-7
7.926E-6
5.96E-7
3.55E-7
6.23E-7
4.08E-7
5.93E-7
8.538E-6
5.58E-7
5.47E-7
6.03E-7
1.4294E-5
5.776E-6
4.76E-7
4.58E-7
5.26E-7
4.82E-7
6.37E-7
4.11E-7
1.2108E-5
1.4877E-5
7.82E-7
4.8E-7
4.63E-7
2.042E-6
3.9E-7
1.1593E-5
6.75E-7
4.37E-7
8.06E-7
4.54E-7
3.63E-7
1.1319E-5
6.18E-7
2.106E-6
4.43E-7
2.975E-6
1.7666E-5
7.36E-7
5.83E-7
4.85E-7
7.942E-6
4.87E-7
8.5E-7
7.74E-7
7.16E-7
2.238E-6
1.357E-6
5.22E-7
6.4E-7
1.3973E-5
1.6767E-5
7.91E-7
6.22E-7
4.73E-7
3.46E-7
4.66E-7
1.4465E-5
7.52E-7
1.5937E-5
5.34E-7
4.17E-7
4.98E-7
4.41E-7
1.6235E-5
4.88E-7
3.88E-7
2.031E-6
4.87E-7
7.01E-7
1.535E-6
2.221E-6
2.4458E-5
6.42E-7
5.11E-7
7.46E-7
7.11E-7
7.05E-7
1.651E-6
6.57E-7
1.0308E-5
7.33E-7
4.12E-7
1.8556E-5
5.55E-7
4.72E-7
1.199E-6
5.93E-7
7.43E-7
1.8236E-5
1.645E-6
5.98E-7
5.96E-7
4.79E-7
4.92E-7
1.2098E-5
6.61E-7
5.04E-7
8.18E-7
4.17E-7
2.704E-6
1.9649E-5
6.48E-7
2.105E-6
5.14E-7
6.83E-7
1.7995E-5
7.28E-7
4.74E-7
6.81E-7
2.0571E-5
1.5001E-5
5.27E-7
5.16E-7
1.6132E-5
5.33E-7
6.27E-7
1.3629E-5
6.34E-7
1.1753E-5
7.82E-7
4.512E-6
6.9E-7
5.834E-6
5.87E-7
5.48E-7
1.3279E-5
7.26E-7
1.253E-6
2.2426E-5
6.77E-7
1.657E-6
5.55E-7
8.4E-7
3.83E-7
5.87E-7
9.933E-6
5.61E-7
1.2682E-5
4.88E-7
2.814E-6
6.48E-7
4.62E-7
4.57E-7
1.6124E-5
5.65E-7
1.1862E-5
1.8014E-5
6.1E-7
3.72E-7
6.75E-7
5.89E-7
4.52E-7
1.5431E-5
2.0662E-5
5.96E-7
5.63E-7
5.596E-6
2.059E-6
2.1008E-5
5.81E-7
5.33E-7
4.03E-7
4.01E-7
1.113E-6
2.1041E-5
7.21E-7
1.034E-6
4.07E-7
6.81E-7
4.64E-7
4.52E-7
1.934E-6
4.4E-7
1.3406E-5
6.4E-7
1.2485E-5
2.0841E-5
5.77E-7
5.35E-7
1.128E-5
4.69E-7
6.68E-7
4.56E-7
1.3562E-5
5.53E-7
1.29E-6
5.6E-7
7.36E-7
4.68E-7
5.96E-7
1.7112E-5
1.2577E-5
5.75E-7
7.13E-7
2.0449E-5
5.75E-7
1.7741E-5
5.45E-7
6.15E-7
4.89E-7
8.781E-6
5.87E-7
1.6429E-5
5.43E-7
7.44E-7
2.312E-6
6.36E-7
5.25E-7
3.39E-7
5.41E-7
3.53E-7
5.07E-7
8.157E-6
7.63E-7
2.818E-6
1.2224E-5
4.92E-7
3.84E-7
2.128E-6
5.25E-7
3.64E-7
5.93E-7
9.15E-7
4.8E-7
4.0E-7
4.92E-7
5.66E-7
6.98E-7
7.23E-7
6.95E-7
3.586E-6
3.32E-7
9.481E-6
1.6029E-5
5.99E-7
1.8014E-5
5.47E-7
6.65E-7
4.891E-6
4.37E-7
1.447E-5
1.6767E-5
4.77E-7
1.9756E-5
2.732E-6
2.977E-6
4.68E-7
1.9863E-5
5.63E-7
3.8E-7
9.513E-6
4.08E-7
1.3604E-5
5.13E-7
2.141E-6
3.64E-7
4.355E-6
2.478E-6
5.97E-7
5.14E-7
3.84E-7
3.84E-7
4.53E-7
8.01E-7
3.66E-7
3.79E-7
3.56E-7
3.36E-7
2.2791E-5
4.0E-7
6.82E-7
5.54E-7
4.28E-7
1.188E-6
1.979E-6
1.2794E-5
8.285E-6
5.0E-7
4.08E-7
7.24E-7
3.5E-7
2.016E-6
5.36E-7
4.64E-7
6.71E-7
3.49E-7
7.539E-6
3.387E-6
7.12E-7
1.2432E-5
4.62E-7
5.32E-7
2.019E-6
6.93E-7
6.04E-7
4.13E-7
1.3954E-5
5.89E-7
6.58E-7
1.3521E-5
1.4099E-5
5.77E-7
8.35E-7
4.77E-7
6.38E-7
1.6237E-5
1.3523E-5
6.74E-7
2.2785E-5
5.95E-7
5.97E-7
1.1318E-5
4.94E-7
3.63E-7
4.32E-7
5.56E-7
5.29E-7
6.41E-7
4.29E-7
4.56E-7
1.619E-6
8.82E-7
4.98E-7
1.1996E-5
6.23E-7
1.317E-6
9.844E-6
6.08E-7
4.72E-7
2.132E-6
4.62E-7
1.287E-5
1.164E-6
3.89E-7
2.98E-6
6.62E-7
5.42E-7
4.68E-7
1.6213E-5
1.1733E-5
1.2428E-5
1.361E-6
1.5531E-5
9.99E-7
5.62E-7
4.57E-7
4.65E-7
1.982E-6
5.19E-7
1.6619E-5
1.08E-5
6.44E-7
5.19E-7
2.99E-6
4.06E-7
5.15E-7
4.01E-7
4.36E-7
4.57E-7
8.46E-7
1.5277E-5
5.69E-7
5.22E-7
4.19E-7
9.179E-6
4.35E-7
3.857E-6
1.9426E-5
1.5439E-5
3.812E-6
5.4E-7
6.83E-7
1.914E-6
4.17E-7
6.15E-7
1.797E-5
6.19E-7
5.42E-7
1.9273E-5
7.11E-7
4.21E-7
6.19E-7
2.116E-6
5.18E-7
4.66E-7
4.81E-7
6.49E-7
4.25E-7
9.58E-7
2.798E-6
6.7E-7
9.926E-6
6.54E-7
4.4E-7
3.219E-6
4.4E-7
6.97E-7
1.2288E-5
8.29E-7
5.71E-7
5.1E-7
6.28E-7
1.1928E-5
8.8E-7
4.1E-7
1.0677E-5
2.327E-6
6.41E-6
5.6E-7
2.987E-6
2.775E-6
5.78E-7
4.71E-7
4.43E-7
5.54E-7
4.13E-7
4.16E-7
6.4E-7
8.075E-6
1.4934E-5
2.223E-6
8.6E-7
6.352E-6
6.27E-7
2.099E-6
4.81E-7
4.85E-7
5.16E-7
2.2603E-5
3.162E-6
6.66E-7
4.84E-7
7.59E-7
4.89E-7
9.634E-6
5.26E-7
2.744E-6
4.02E-7
1.793E-5
7.77E-7
5.57E-7
1.0469E-5
4.29E-7
3.77E-7
1.4199E-5
4.74E-7
6.67E-7
5.35E-7
6.46E-7
1.412E-6
4.31E-7
1.0126E-5
5.22E-7
4.07E-7
7.66E-7
3.98E-7
7.72E-7
3.35E-7
7.82E-7
1.9824E-5
1.477E-6
4.74E-7
1.5635E-5
7.25E-7
2.131E-6
6.386E-6
5.36E-7
6.63E-7
1.1622E-5
8.19E-7
2.2456E-5
8.06E-7
4.63E-7
6.47E-7
3.98E-7
4.96E-7
5.77E-7
4.09E-7
4.09E-7
6.78E-7
7.23E-7
7.43E-7
1.2265E-5
7.02E-7
4.57E-7
9.315E-6
5.655E-6
4.38E-7
4.58E-7
5.56E-7
4.84E-7
9.145E-6
1.055E-6
2.0928E-5
5.6E-7
7.28E-7
4.4E-7
1.538E-5
6.65E-7
8.26E-7
1.2874E-5
6.53E-7
8.27E-7
1.6815E-5
7.82E-7
1.7328E-5
2.2211E-5
1.834E-6
1.8744E-5
5.43E-7
1.2815E-5
6.91E-7
4.51E-7
2.2063E-5
1.0595E-5
5.92E-7
7.34E-7
5.47E-7
4.331E-6
9.06E-7
6.0E-7
3.37E-7
2.0462E-5
5.96E-7
3.125E-6
1.573E-6
2.373E-6
2.993E-6
1.082E-6
4.81E-7
8.3E-7
5.24E-7
5.78E-7
2.0652E-5
6.712E-6
4.44E-7
2.769E-6
3.248E-6
1.6446E-5
7.84E-7
1.2956E-5
5.49E-7
1.641E-6
3.76E-7
2.2489E-5
5.11E-7
1.8192E-5
5.57E-7
2.7181E-5
7.32E-7
2.7044E-5
6.26E-7
5.26E-7
1.1475E-5
4.9E-7
7.67E-7
2.0119E-5
6.87E-7
2.4329E-5
9.12E-7
1.9936E-5
8.54E-7
3.135E-6
6.03E-7
6.88E-7
1.6119E-5
8.35E-7
3.55E-7
1.234E-5
1.413E-6
5.64E-7
1.4686E-5
6.11E-7
3.44E-7
5.39E-7
4.33E-7
9.21E-7
6.577E-6
1.5441E-5
6.81E-7
3.51E-7
7.5E-7
5.22E-7
6.42E-7
4.54E-7
5.6E-7
5.87E-7
1.5697E-5
7.45E-7
7.16E-7
5.03E-7
5.36E-7
1.5921E-5
5.48E-7
3.52E-7
7.43E-7
5.57E-7
4.26E-7
2.8719E-5
8.0E-7
9.905E-6
4.7E-7
1.6224E-5
8.983E-6
5.61E-7
5.33E-7
1.684E-6
4.22E-7
4.07E-7
3.257E-6
4.45E-7
2.0963E-5
6.94E-7
4.06E-7
3.38E-7
4.31E-7
2.2088E-5
5.3E-7
4.25E-7
1.2356E-5
7.54E-7
6.88E-7
3.86E-7
1.7664E-5
5.41E-7
7.12E-7
5.73E-7
4.92E-7
2.3579E-5
6.4E-7
6.538E-6
6.18E-7
5.15E-7
6.822E-6
6.68E-7
1.6408E-5
4.86E-7
4.21E-7
5.89E-7
1.8754E-5
2.04E-6
1.798E-5
7.11E-7
7.1E-7
4.62E-7
7.82E-7
7.11E-7
4.55E-7
6.6E-7
5.6E-7
2.3442E-5
1.6812E-5
1.774E-5
5.19E-7
1.5474E-5
7.8E-7
6.3E-7
6.82E-7
6.96E-7
1.067E-6
7.46E-7
2.4773E-5
6.71E-7
5.39E-7
7.41E-7
5.35E-7
2.1683E-5
3.604E-6
8.1E-7
1.965E-6
6.42E-7
6.61E-7
1.0729E-5
8.87E-7
1.024E-6
8.01E-7
1.2166E-5
1.898E-6
1.148E-6
4.95E-7
7.66E-7
6.74E-7
3.0E-7
6.43E-7
1.785E-6
1.6392E-5
1.8958E-5
9.25E-7
7.019E-6
1.2229E-5
1.2649E-5
8.56E-7
4.78E-7
7.02E-7
9.094E-6
1.0476E-5
8.21E-7
4.08E-7
5.06E-7
2.5755E-5
1.8858E-5
4.97E-7
2.4441E-5
6.192E-6
4.67E-7
4.99E-7
1.2709E-5
6.93E-7
7.01E-7
6.39E-7
4.56E-7
1.7993E-5
6.59E-7
2.0429E-5
6.55E-7
1.2573E-5
2.0852E-5
5.34E-7
5.749E-6
3.83E-7
5.16E-7
6.91E-7
3.45E-7
7.73E-7
8.55E-7
7.78E-7
4.37E-7
6.59E-7
1.112E-6
3.73E-7
5.08E-7
1.037E-6
4.42E-7
4.8E-7
5.57E-7
4.3E-7
1.9034E-5
1.5459E-5
3.037E-6
1.1999E-5
5.05E-7
8.26E-7
4.259E-6
3.112E-6
8.2E-7
1.4489E-5
7.8E-7
8.19E-7
5.51E-7
1.9105E-5
7.69E-7
2.5345E-5
2.2884E-5
5.886E-6
2.126E-6
2.4564E-5
1.612E-6
1.6453E-5
2.4607E-5
1.165E-6
1.23E-6
1.0303E-5
2.722E-6
4.75E-7
2.179E-6
2.525E-5
2.0096E-5
1.526E-6
2.7759E-5
8.14E-7
2.4575E-5
7.1E-7
1.6914E-5
8.04E-7
2.4786E-5
1.24513E-4
1.056E-6
7.39E-7
1.9108E-5
1.051E-6
7.62E-7
9.33E-7
1.8708E-5
6.95E-7
6.46E-7
5.98E-7
6.91E-7
8.87E-7
1.1562E-5
9.03E-7
6.48E-7
1.754E-6
4.86E-7
2.844E-6
8.694E-6
6.47E-7
5.94E-7
2.5985E-5
6.33E-7
3.21E-7
7.54E-7
5.53E-7
9.04E-7
4.93E-7
2.022E-6
6.71E-7
6.29E-7
6.07E-7
9.12E-7
8.01E-7
7.861E-6
5.36E-7
3.0841E-5
7.932E-6
9.3E-7
2.1211E-5
5.45E-7
2.097E-6
2.659E-6
8.1E-7
4.69E-7
4.96E-7
6.71E-7
3.48E-7
4.53E-7
1.3175E-5
5.89E-7
5.3E-7
3.37E-7
1.8099E-5
5.49E-7
9.49E-7
5.03E-7
2.051E-6
1.34E-5
1.106E-6
4.98E-7
4.63E-7
7.34E-7
1.3547E-5
5.24E-7
8.5E-7
2.0456E-5
1.7231E-5
6.61E-7
1.4505E-5
5.43E-7
4.08E-7
8.014E-6
3.82E-7
6.96E-7
8.55E-7
4.49E-7
6.33E-7
4.35E-7
5.2E-7
6.76E-7
3.82E-7
6.99E-7
5.47E-7
1.8424E-5
5.22E-7
3.3E-7
5.79E-7
2.753E-6
3.43E-7
1.5997E-5
1.092E-6
7.04E-7
9.84E-7
1.6236E-5
3.117E-6
2.091E-5
4.36E-7
4.53E-7
2.0147E-5
4.44E-7
1.149E-6
4.32E-7
1.97E-6
2.278E-6
2.3962E-5
4.59E-7
4.33E-7
3.16E-7
2.1244E-5
3.76E-7
7.65E-7
1.8658E-5
6.63E-7
7.53E-7
6.4E-7
3.76E-7
1.7676E-5
3.99E-7
3.65E-7
2.301E-6
5.43E-7
3.18E-7
1.9726E-5
1.9483E-5
9.39E-7
4.41E-7
6.7E-7
4.36E-7
5.02E-7
5.94E-7
1.046E-6
4.91E-7
4.21E-7
1.2016E-5
4.51E-7
2.3262E-5
3.83E-7
3.11E-7
1.0554E-5
3.26E-7
7.79E-7
3.2E-7
2.136E-6
3.9E-7
3.76E-7
1.877E-5
7.724E-6
9.056E-6
8.02E-7
2.935E-6
4.44E-7
2.0546E-5
3.77E-7
1.4481E-5
4.85E-7
3.13E-7
3.62E-7
3.03E-7
1.0792E-5
4.63E-7
3.91E-7
3.21E-7
2.088E-5
4.14E-7
2.079E-6
5.01E-7
2.2999E-5
1.797E-5
1.584E-5
3.89E-7
7.19E-7
1.64E-5
1.327E-5
6.53E-7
1.273E-6
1.8295E-5
8.31E-7
1.3475E-5
1.089E-6
1.939E-6
1.8524E-5
3.302E-6
4.19E-7
4.11E-7
2.1437E-5
4.52E-7
2.5284E-5
6.21E-7
4.24E-7
9.72E-7
5.62E-6
3.99E-7
3.99E-7
3.22E-7
1.9205E-5
5.29E-7
4.96E-7
1.1188E-5
3.9E-7
4.98E-7
1.2421E-5
2.684E-5
5.77E-7
2.4729E-5
5.13E-7
2.017E-6
1.6718E-5
5.22E-7
3.22E-7
2.298E-6
2.4871E-5
2.4326E-5
5.8E-7
3.86E-7
6.15E-7
2.5836E-5
3.82E-7
1.192E-6
4.61E-7
3.24E-7
6.22E-7
3.76E-7
6.4E-7
2.5478E-5
4.37E-7
6.73E-7
3.13E-7
2.844E-6
4.03E-7
6.46E-7
6.49E-7
5.98E-7
5.22E-7
3.32E-7
1.1703E-5
4.19E-7
3.77E-7
2.89E-7
2.361E-6
2.161E-6
4.97E-7
3.79E-7
2.93E-7
1.1137E-5
4.02E-7
5.664E-6
2.3015E-5
2.0073E-5
8.45E-7
3.45E-7
1.4347E-5
2.2275E-5
5.08E-7
1.5373E-5
1.197E-6
2.6591E-5
5.338E-6
5.56E-7
6.93E-7
5.17E-7
2.479E-6
3.77E-7
5.1E-7
2.0647E-5
2.3784E-5
8.64E-7
4.36E-7
1.7964E-5
5.58E-7
4.84E-7
1.4682E-5
6.38E-7
1.033E-6
2.7761E-5
6.48E-7
9.08E-7
1.077E-6
4.96E-7
2.336E-5
1.9652E-5
5.93E-7
2.341E-6
1.1814E-5
7.91E-7
2.2904E-5
1.444E-6
1.81E-6
5.82E-7
1.473E-6
2.0359E-5
7.95E-7
2.4074E-5
1.191E-6
5.08E-7
2.1959E-5
4.53E-7
2.0395E-5
4.55E-7
9.23E-7
6.95E-7
6.5E-7
9.52E-7
3.78E-7
5.32E-7
3.5E-7
2.847E-6
7.27E-7
2.3115E-5
6.25E-7
2.3506E-5
4.85E-7
6.55E-7
8.32E-7
3.43E-7
6.0E-7
5.98E-7
4.25E-7
2.0169E-5
8.87E-7
4.527E-6
5.04E-7
1.212E-6
4.01E-7
2.4927E-5
8.1E-7
1.1581E-5
2.088E-6
4.28E-7
6.02E-7
6.88E-7
7.0E-7
2.408E-6
5.02E-7
2.6075E-5
2.0426E-5
5.23E-7
5.04E-7
5.74E-7
1.31E-6
9.02E-7
1.1176E-5
2.188E-6
2.003E-6
5.23E-7
4.72E-7
3.445E-6
7.0E-7
1.1801E-5
1.2354E-5
6.21E-7
5.58E-7
3.55E-7
2.224E-6
7.08E-7
1.6279E-5
1.058E-6
5.25E-7
4.0E-7
1.5513E-5
3.52E-7
3.84E-7
6.0E-7
3.38E-7
4.53E-7
3.85E-7
2.6519E-5
6.24E-7
8.23E-7
6.658E-6
6.16E-7
1.5587E-5
1.035E-5
5.31E-7
2.459E-6
4.72E-7
5.0E-7
3.39E-7
3.98E-7
4.36E-7
3.35E-7
4.43E-7
3.48E-7
2.6647E-5
4.68E-7
5.97E-7
4.27E-7
5.13E-7
6.2E-7
5.25E-7
3.84E-7
6.2E-7
3.41E-7
2.023E-6
3.59E-7
6.43E-7
3.44E-7
4.79E-7
1.2324E-5
1.228E-6
1.0485E-5
1.052E-6
4.25E-7
3.62E-7
7.92E-7
3.91E-7
8.43E-7
5.23E-7
7.06E-7
1.915E-6
5.91E-7
5.55E-7
2.802E-6
5.5E-7
3.87E-7
5.89E-7
4.04E-7
9.06E-6
4.74E-7
4.34E-7
3.5E-7
4.31E-7
1.77E-6
4.44E-7
3.17E-7
6.52E-7
9.73E-7
4.61E-7
3.61E-7
3.54E-7
3.76E-7
3.33E-7
2.4077E-5
6.32E-7
1.4917E-5
1.1106E-5
1.143E-6
2.927E-6
5.35E-7
3.82E-7
4.72E-7
4.33E-7
3.23E-7
2.2661E-5
5.3E-7
6.39E-7
7.91E-7
8.41E-7
9.49E-7
2.24E-6
2.9E-6
2.3054E-5
6.94E-7
1.196E-6
1.9508E-5
7.56E-7
6.52E-7
3.9E-7
4.98E-7
6.1E-7
2.0104E-5
6.72E-7
1.6781E-5
4.98E-7
2.583E-5
1.6934E-5
4.74E-7
5.54E-7
7.43E-7
5.2E-7
4.02E-7
2.0279E-5
5.58E-7
1.5294E-5
5.05E-7
1.2149E-5
1.2342E-5
8.65E-7
5.73E-7
4.51E-7
1.451E-6
4.74E-7
4.745E-6
1.5362E-5
4.68E-7
8.56E-7
1.6765E-5
5.55E-7
5.608E-6
5.08E-7
6.43E-7
1.7349E-5
7.591E-6
1.0801E-5
4.24E-7
2.1191E-5
1.2074E-5
2.4438E-5
5.8E-7
9.488E-6
1.0564E-5
1.686E-6
3.614E-6
4.4E-7
8.234E-6
5.04E-7
5.77E-7
2.3021E-5
6.12E-7
4.37E-7
1.293E-6
3.62E-7
4.709E-6
3.8E-7
1.8784E-5
5.37E-7
3.64E-7
5.56E-7
6.64E-7
4.68E-7
2.411E-6
3.63E-7
4.03E-7
5.38E-7
4.35E-7
1.3879E-5
4.9E-7
4.5E-7
1.5504E-5
5.7E-7
3.61E-7
6.48E-7
2.7258E-5
1.177E-6
1.558E-6
5.54E-7
1.638E-6
7.94E-7
3.63E-7
6.33E-7
2.3437E-5
4.82E-7
1.8372E-5
8.39E-7
1.6049E-5
4.1E-7
1.9645E-5
6.16E-7
5.37E-7
7.72E-7
5.01E-7
4.14E-7
1.7927E-5
4.89E-7
3.68E-7
1.613E-6
1.9383E-5
4.38E-7
6.46E-7
1.972E-5
6.09E-7
3.97E-7
2.3074E-5
4.61E-7
4.53E-7
5.62E-7
4.57E-7
2.4586E-5
4.56E-7
1.116E-6
2.7016E-5
8.06E-7
6.53E-7
1.005E-6
3.471E-6
5.62E-7
2.671E-5
1.3625E-5
3.88E-7
4.42E-7
3.94E-7
4.21E-7
5.21E-7
5.32E-7
3.66E-7
2.198E-6
2.2579E-5
6.18E-7
3.35E-7
4.82E-7
3.44E-7
1.6262E-5
4.92E-7
6.25E-7
8.9E-7
4.58E-7
4.46E-7
4.25E-7
8.61E-7
5.92E-7
2.3427E-5
5.55E-7
4.08E-7
2.2428E-5
1.3119E-5
5.07E-7
3.86E-7
3.98E-7
5.31E-7
3.18E-7
5.35E-7
5.9E-7
4.2E-7
2.3058E-5
5.05E-7
1.421E-5
5.98E-7
4.39E-7
3.34E-7
4.05E-7
3.79E-7
3.12E-7
3.77E-7
3.31E-7
2.4933E-5
5.57E-7
2.6863E-5
9.15E-7
3.66E-7
3.83E-7
2.668E-5
2.645E-5
4.6E-7
5.84E-7
6.37E-7
1.3835E-5
3.71E-7
2.6695E-5
6.95E-7
2.6923E-5
4.38E-7
2.0228E-5
4.62E-7
2.4251E-5
5.89E-7
2.5961E-5
6.96E-7
3.81E-7
3.068E-6
1.7369E-5
1.9572E-5
5.01E-7
1.9476E-5
4.62E-7
1.6382E-5
4.82E-7
6.82E-7
4.69E-7
3.61E-7
4.8E-7
5.87E-7
4.38E-7
3.98E-7
1.552E-5
4.58E-7
1.436E-5
4.94E-7
4.12E-7
4.53E-7
2.4487E-5
4.22E-7
1.8168E-5
4.63E-7
1.4351E-5
4.27E-7
2.8668E-5
3.83E-7
2.4541E-5
5.2E-7
6.25E-7
2.2191E-5
4.18E-7
2.534E-6
4.45E-7
3.43E-7
2.3667E-5
2.1164E-5
5.27E-7
3.76E-7
1.589E-5
5.01E-7
6.29E-7
3.93E-7
4.04E-7
1.4479E-5
1.7498E-5
5.46E-7
4.18E-7
2.7078E-5
1.6064E-5
4.04E-7
3.62E-7
4.89E-7
3.82E-7
3.56E-7
3.79E-7
3.25E-7
5.39E-7
5.34E-7
3.14E-7
3.47E-7
3.4E-7
1.768E-5
5.47E-7
6.62E-7
4.31E-7
4.35E-7
4.93E-7
1.3132E-5
4.33E-7
1.4401E-5
2.623E-6
6.79E-7
5.98E-7
3.83E-7
5.63E-7
4.61E-7
2.1423E-5
3.123E-6
4.44E-7
4.73E-7
6.13E-7
2.5845E-5
7.3E-7
6.51E-7
5.49E-7
3.8E-7
2.04E-6
4.58E-7
7.92E-7
3.82E-7
6.35E-7
5.39E-7
3.76E-7
2.6708E-5
1.769E-5
4.46E-7
5.2E-7
2.5275E-5
9.74E-7
3.86E-7
3.99E-7
2.8812E-5
5.28E-7
3.83E-7
2.3255E-5
5.17E-7
6.17E-7
1.0972E-5
4.53E-7
2.6856E-5
5.61E-7
1.574E-5
4.73E-7
7.2E-7
1.9799E-5
1.3434E-5
5.62E-7
4.7E-7
6.397E-6
9.614E-6
2.5629E-5
5.41E-7
2.4987E-5
2.7595E-5
4.8E-7
4.24E-7
2.0036E-5
4.77E-7
5.6E-7
3.72E-7
5.82E-7
4.52E-7
2.1042E-5
1.4529E-5
6.13E-7
4.15E-7
2.5897E-5
4.97E-7
4.71E-7
2.0908E-5
3.99E-7
3.66E-7
3.76E-7
2.1268E-5
1.0995E-5
5.43E-7
3.92E-7
7.4E-7
2.5789E-5
7.01E-7
4.84E-7
4.5E-7
4.43E-7
7.48E-7
5.88E-7
3.077E-5
6.92E-7
4.03E-7
5.13E-7
1.2586E-5
8.45E-7
2.3E-6
1.9567E-5
6.56E-7
2.175E-6
2.1241E-5
2.8923E-5
7.69E-7
2.4644E-5
5.89E-7
9.19E-7
4.08E-7
4.02E-7
1.9313E-5
3.866E-6
2.3112E-5
5.97E-7
2.8731E-5
8.13E-7
1.721E-6
5.12E-7
2.4022E-5
6.16E-7
4.15E-7
2.3325E-5
6.64E-7
8.74E-7
9.0E-7
9.82E-7
5.63E-7
1.53E-5
1.5186E-5
1.9205E-5
6.69E-7
4.58E-7
9.07E-7
4.78E-7
4.13E-7
2.7621E-5
1.249E-6
7.16E-7
5.41E-7
1.7359E-5
5.54E-7
4.03E-7
3.96E-7
2.568E-5
5.89E-7
8.33E-7
9.228E-6
7.57E-7
5.08E-7
6.2E-7
2.1318E-5
4.65E-7
2.6415E-5
2.7594E-5
4.7E-7
2.1028E-5
6.23E-7
5.14E-7
9.64E-7
4.27E-7
1.6826E-5
2.774E-6
5.48E-7
1.1543E-5
5.58E-7
3.46E-7
2.245E-6
6.37E-7
2.0354E-5
4.81E-7
4.23E-7
7.48E-7
4.42E-7
3.524E-6
9.976E-6
5.27E-7
2.9692E-5
8.79E-7
4.32E-7
5.01E-7
5.905E-6
6.22E-7
2.4094E-5
6.55E-7
9.127E-6
5.19E-7
3.358E-6
5.66E-7
9.46E-7
1.195E-6
8.19E-7
6.05E-6
1.8278E-5
2.5017E-5
7.21E-7
3.651E-6
2.3489E-5
6.03E-7
4.99E-7
1.379E-6
1.02E-6
3.808E-6
5.89E-7
2.9577E-5
4.94E-7
4.19E-7
4.03E-7
1.847E-6
1.7076E-5
6.9E-7
2.323E-6
2.6949E-5
1.274E-6
6.66E-7
4.94E-7
1.347E-5
6.01E-7
1.9438E-5
6.52E-7
4.78E-7
8.37E-7
2.295E-6
7.42E-7
5.71E-7
5.49E-7
6.56E-7
5.84E-7
2.0109E-5
5.44E-7
1.185E-6
4.64E-7
3.0215E-5
9.37E-7
5.57E-7
7.025E-6
1.3643E-5
6.61E-7
4.12E-7
4.0E-7
1.032E-5
2.3614E-5
5.13E-7
5.6E-7
3.6638E-5
6.1E-7
5.87E-7
2.9593E-5
6.44E-7
2.09E-6
1.149E-6
4.52E-7
4.29E-7
3.93E-7
2.5877E-5
4.4E-7
2.5548E-5
6.0E-7
1.309E-6
4.19E-7
2.361E-6
6.84E-7
2.4138E-5
2.1068E-5
6.72E-7
2.902E-6
2.2487E-5
7.36E-7
2.386E-5
7.48E-7
2.6496E-5
4.64E-7
3.52E-7
1.5759E-5
1.03E-6
5.14E-7
4.793E-6
3.72E-7
2.6545E-5
5.11E-7
7.02E-7
5.78E-7
3.54E-7
3.28E-7
6.37E-7
5.63E-7
4.14E-7
2.399E-6
4.23E-7
3.81E-7
2.9722E-5
5.49E-7
9.36E-7
4.44E-7
1.832E-6
2.28E-6
2.5744E-5
4.88E-7
2.957E-5
5.61E-7
5.95E-7
3.87E-7
2.9364E-5
9.67E-7
5.7E-7
8.8E-7
5.36E-7
2.6646E-5
8.07E-6
1.0918E-5
4.89E-7
2.912E-6
3.52E-7
2.9198E-5
2.1521E-5
5.77E-7
2.698E-5
5.46E-7
2.9894E-5
6.01E-7
5.71E-7
4.38E-7
1.049E-6
2.2121E-5
4.64E-7
9.15E-7
3.0839E-5
4.84E-7
2.984E-5
4.74E-7
5.39E-7
5.42E-7
3.48E-7
3.22E-7
9.01E-7
4.06E-7
3.34E-7
4.31E-7
4.13E-7
4.37E-7
2.5483E-5
5.43E-7
1.487E-6
2.6491E-5
4.43E-7
2.8457E-5
2.6538E-5
4.88E-7
4.33E-7
2.792E-6
7.62E-7
4.81E-7
3.6E-7
2.8988E-5
2.7774E-5
5.47E-7
2.7677E-5
7.32E-7
4.03E-7
2.4301E-5
2.9058E-5
1.004E-6
6.48E-7
3.7E-7
2.5011E-5
7.34E-7
2.2969E-5
1.342E-6
1.0906E-5
1.7398E-5
7.1E-7
3.027E-5
5.49E-7
1.7645E-5
4.59E-7
2.7204E-5
6.16E-7
4.85E-7
7.07E-7
1.967E-6
4.03E-7
2.43E-5
2.2303E-5
4.3E-7
2.326E-6
3.62E-7
6.403E-6
3.88E-7
3.52E-7
2.9793E-5
2.4884E-5
4.26E-7
3.62E-7
3.69E-7
2.4452E-5
2.6114E-5
4.11E-7
4.17E-7
1.6015E-5
1.605E-5
2.4667E-5
6.45E-7
2.7201E-5
3.0593E-5
1.9625E-5
2.318E-6
4.63E-7
9.31E-7
6.76E-7
6.35E-7
4.79E-7
6.69E-7
2.9155E-5
2.3478E-5
5.86E-7
6.54E-7
3.68E-7
4.48E-7
1.6734E-5
3.93E-7
3.83E-7
1.428E-6
2.8218E-5
4.35E-7
3.43E-7
8.52E-7
6.66E-7
4.99E-7
5.22E-7
7.42E-7
2.6717E-5
6.44E-7
3.0501E-5
2.228E-5
5.8E-7
2.9276E-5
5.53E-7
2.5799E-5
7.91E-7
1.4083E-5
4.62E-7
4.21E-7
2.649E-6
3.0193E-5
4.86E-7
8.18E-7
1.762E-6
2.231E-6
3.71E-7
3.78E-7
2.4222E-5
5.96E-7
6.01E-7
1.479E-6
1.954E-6
4.24E-7
2.7614E-5
5.24E-7
5.11E-7
3.53E-7
3.0806E-5
4.12E-7
1.317E-6
4.68E-7
5.78E-7
1.9428E-5
5.27E-7
2.9176E-5
3.4349E-5
7.68E-7
4.18E-7
3.95E-7
1.4111E-5
2.907E-6
4.62E-7
2.6013E-5
4.93E-7
1.081E-6
1.9475E-5
4.95E-7
3.0599E-5
6.12E-7
7.3E-7
1.9539E-5
1.801E-6
4.68E-7
6.41E-7
7.0E-7
7.05E-7
2.7381E-5
3.237E-5
5.71E-7
5.08E-7
3.4137E-5
8.58E-7
3.71E-7
3.1973E-5
5.74E-7
6.55E-7
3.0271E-5
5.1E-7
6.65E-7
4.1346E-5
7.19E-7
9.93E-7
7.17E-7
7.76E-7
3.2624E-5
8.43E-7
8.3E-7
2.8813E-5
2.7698E-5
2.9255E-5
5.73E-7
2.0164E-5
5.81E-7
2.9207E-5
8.05E-7
3.0909E-5
1.2543E-5
7.39E-7
9.06E-7
9.037E-6
4.81E-7
4.21E-7
2.8361E-5
1.003E-6
5.56E-7
5.58E-7
2.651E-6
2.052E-5
5.39E-7
4.48E-7
3.1781E-5
5.17E-7
3.96E-7
3.2276E-5
6.53E-7
4.29E-7
3.291E-5
2.9065E-5
2.9557E-5
5.04E-7
7.42E-7
1.587E-6
7.13E-7
4.55E-7
7.8E-7
3.3048E-5
2.8237E-5
7.23E-7
6.57E-7
4.43E-7
7.84E-7
3.1305E-5
3.4716E-5
2.8375E-5
9.92E-7
6.04E-7
5.87E-7
4.32E-7
1.5609E-5
9.032E-6
2.0355E-5
5.18E-7
2.335E-5
6.66E-7
1.243E-6
7.19E-7
6.38E-7
3.82E-7
2.8457E-5
2.1968E-5
7.09E-7
7.62E-7
2.8751E-5
5.28E-7
2.2352E-5
3.2428E-5
1.071E-6
2.113E-6
1.408E-6
4.14E-7
3.77E-7
7.61E-7
3.0925E-5
5.41E-7
1.978E-6
3.3113E-5
8.33E-7
5.36E-7
6.88E-7
2.5639E-5
3.2177E-5
6.81E-7
1.9204E-5
5.78E-7
7.92E-7
3.517E-6
8.622E-6
1.111E-6
1.7617E-5
6.31E-7
2.499E-6
1.8226E-5
6.67E-7
6.372E-6
6.74E-7
3.4177E-5
6.78E-7
3.21E-5
5.8E-7
3.92E-7
2.6364E-5
2.4023E-5
7.72E-7
6.07E-7
1.008E-5
7.01E-7
4.16E-7
4.65E-7
8.27E-7
3.6747E-5
7.62E-7
2.953E-6
3.4339E-5
4.82E-7
4.07E-7
1.051E-6
3.47E-7
2.7368E-5
5.32E-7
1.599E-6
4.51E-7
1.331E-6
2.1411E-5
5.76E-7
3.1313E-5
5.28E-7
3.1269E-5
4.29E-7
3.42E-7
6.45E-7
3.57E-7
3.2611E-5
6.77E-7
2.6285E-5
4.34E-7
2.3022E-5
6.88E-7
3.25E-7
9.36E-7
4.54E-7
3.68E-7
2.9281E-5
2.6907E-5
5.46E-7
2.467E-6
2.7961E-5
5.06E-7
4.27E-7
3.1392E-5
4.7E-7
4.65E-7
2.6866E-5
4.82E-7
3.54E-7
3.1421E-5
2.356E-5
5.66E-7
3.3332E-5
7.25E-7
2.7917E-5
4.06E-7
6.0E-7
1.4017E-5
4.11E-7
6.28E-7
3.0349E-5
7.95E-7
3.0562E-5
2.7819E-5
4.76E-7
6.93E-7
7.72E-7
3.89E-7
4.09E-7
3.89E-7
6.22E-7
2.7423E-5
2.0502E-5
4.32E-7
2.9282E-5
8.61E-7
3.94E-7
6.29E-7
4.86E-7
3.44E-7
3.34E-7
5.46E-7
2.568E-6
3.36E-7
4.06E-7
3.98E-7
4.24E-7
6.99E-7
4.35E-7
3.55E-7
1.911E-6
3.68E-7
9.66E-7
3.2376E-5
5.45E-7
3.0532E-5
6.63E-7
3.2504E-5
1.227E-6
2.8574E-5
2.989E-5
4.86E-7
4.71E-7
7.58E-7
3.1673E-5
6.36E-7
3.83E-7
3.0339E-5
2.2547E-5
5.23E-7
2.0792E-5
4.99E-7
2.1682E-5
5.45E-7
5.24E-7
3.8E-7
3.4E-7
2.287E-6
1.7719E-5
6.75E-7
3.085E-5
4.94E-7
5.03E-7
3.85E-7
3.0551E-5
5.88E-7
4.79E-7
4.21E-7
4.98E-7
2.2476E-5
3.6023E-5
8.11E-7
4.84E-7
4.72E-7
2.5684E-5
6.11E-7
1.162E-6
2.4801E-5
5.36E-7
2.9249E-5
5.8E-7
1.836E-6
4.77E-7
3.56E-7
2.214E-6
2.832E-5
6.57E-7
2.5558E-5
1.001E-6
6.7E-7
2.2298E-5
4.48E-7
4.66E-7
2.5622E-5
3.1115E-5
4.79E-7
1.9197E-5
6.03E-7
3.3586E-5
5.71E-7
3.0678E-5
4.85E-7
1.8396E-5
1.7684E-5
4.81E-7
2.7293E-5
5.31E-7
9.15E-7
4.04E-7
9.11E-7
3.2481E-5
6.31E-7
3.62E-7
4.17E-7
2.9857E-5
5.41E-7
5.59E-7
1.3589E-5
5.8E-7
6.03E-7
1.9263E-5
5.0E-7
2.9636E-5
6.45E-7
2.1239E-5
2.6932E-5
4.75E-7
3.35E-7
2.2894E-5
4.97E-7
2.6607E-5
5.13E-7
6.0E-7
2.5575E-5
5.92E-7
2.7822E-5
5.99E-7
3.0928E-5
6.78E-7
3.3317E-5
5.19E-7
3.56E-7
2.3069E-5
2.8081E-5
4.77E-7
2.709E-6
2.1624E-5
8.4E-7
2.578E-5
5.05E-7
4.58E-7
2.6817E-5
8.57E-7
2.0724E-5
7.51E-7
1.6023E-5
8.27E-7
1.1687E-5
2.6071E-5
2.7707E-5
6.21E-7
4.75E-7
1.152E-6
1.1069E-5
5.67E-7
4.59E-7
2.4845E-5
2.5512E-5
8.49E-7
5.73E-7
1.3374E-5
2.0751E-5
4.83E-7
1.198E-6
6.95E-7
6.04E-7
3.2016E-5
2.2118E-5
6.65E-7
3.1982E-5
6.82E-7
5.73E-7
8.24E-7
4.54E-7
7.41E-7
4.52E-7
6.38E-7
1.923E-6
4.16E-7
2.9201E-5
5.35E-7
3.0612E-5
5.61E-7
2.6351E-5
5.49E-7
2.17E-5
7.53E-7
3.0282E-5
3.7428E-5
5.54E-7
2.7262E-5
8.0E-7
5.04E-7
3.3357E-5
5.38E-7
2.6387E-5
9.55E-7
1.7527E-5
7.18E-7
4.09E-7
1.069E-6
1.0252E-5
5.07E-7
6.66E-7
3.7E-7
5.08E-7
7.53E-7
1.594E-6
1.5795E-5
2.454E-6
1.217E-6
3.3262E-5
8.04E-7
3.286E-6
3.3365E-5
8.28E-7
2.7506E-5
5.5E-7
8.38E-7
6.27E-7
6.68E-7
5.89E-7
2.0291E-5
7.56E-7
7.8E-7
3.2045E-5
2.2284E-5
6.36E-7
1.887E-6
3.71E-7
3.3385E-5
3.0314E-5
1.011E-6
3.3612E-5
5.2E-7
4.38E-7
2.1843E-5
4.29E-7
3.0956E-5
5.0E-7
2.8004E-5
4.54E-7
2.593E-6
4.25E-7
2.878E-5
6.0E-7
2.8998E-5
4.95E-7
2.7133E-5
4.35E-7
3.0217E-5
4.66E-7
4.12E-7
3.4147E-5
4.65E-7
7.96E-7
1.8748E-5
4.59E-7
6.0E-7
3.0956E-5
1.123E-6
4.44E-7
3.54E-7
4.7E-7
4.58E-7
5.12E-7
2.5852E-5
9.13E-7
2.948E-5
3.705E-6
4.96E-7
2.677E-5
4.9E-7
3.355E-5
7.76E-7
1.9553E-5
5.74E-7
3.1934E-5
6.22E-7
4.59E-7
5.6E-7
3.65E-7
2.8163E-5
4.44E-7
2.6807E-5
5.95E-7
4.7E-7
4.68E-7
3.47E-7
3.1623E-5
1.2207E-5
3.1048E-5
5.48E-7
3.57E-7
2.755E-5
4.88E-7
3.304E-6
3.93E-7
3.32E-7
3.3692E-5
5.67E-7
6.26E-7
2.7997E-5
5.86E-7
4.86E-7
8.26E-7
4.98E-7
3.3997E-5
7.15E-7
4.51E-7
2.8383E-5
2.3098E-5
4.85E-7
4.69E-7
3.1502E-5
2.798E-6
4.45E-7
2.9393E-5
5.39E-7
4.71E-7
3.71E-7
2.425E-6
3.0607E-5
5.81E-7
1.5834E-5
6.28E-7
7.33E-7
4.18E-7
2.3098E-5
9.51E-7
2.1314E-5
6.01E-7
1.8436E-5
6.86E-7
4.63E-7
2.0382E-5
4.75E-7
4.03E-7
2.2856E-5
4.1553E-5
7.02E-7
7.85E-7
1.111E-6
1.0563E-5
6.04E-7
5.41E-7
2.4009E-5
1.566E-6
7.12E-7
3.672E-5
7.65E-7
5.79E-7
5.61E-7
3.4155E-5
2.8384E-5
5.53E-7
2.6823E-5
6.79E-7
5.76E-7
3.89E-7
2.6942E-5
4.99E-7
2.6998E-5
3.2762E-5
5.24E-7
1.281E-6
4.03E-7
1.713E-6
4.33E-7
3.2023E-5
5.47E-7
1.301E-6
2.2021E-5
6.43E-7
4.27E-7
3.3099E-5
2.3822E-5
6.27E-7
6.53E-7
3.7E-7
3.58E-7
4.6E-7
4.94E-7
3.38E-7
4.53E-7
2.7629E-5
4.84E-7
3.3813E-5
1.5301E-5
1.868E-6
2.0474E-5
3.6148E-5
4.78E-7
5.21E-7
4.18E-7
4.06E-7
2.375E-5
4.81E-7
3.57E-7
2.6546E-5
4.19E-7
9.96E-7
3.1305E-5
1.979E-5
4.28E-7
4.31E-7
3.5119E-5
4.67E-7
2.758E-6
3.78E-7
2.8278E-5
1.648E-6
4.57E-7
5.22E-7
2.9339E-5
6.9E-7
3.4031E-5
5.55E-7
5.68E-7
3.53E-7
2.9871E-5
4.69E-7
2.7073E-5
5.7E-7
2.8985E-5
6.19E-7
3.92E-7
3.71E-7
3.4719E-5
6.57E-7
2.8092E-5
5.7E-7
3.3459E-5
9.516E-6
5.25E-7
2.8421E-5
6.17E-7
2.0776E-5
1.8562E-5
4.85E-7
2.8096E-5
2.7606E-5
1.4233E-5
5.91E-7
3.75E-7
2.625E-5
7.31E-7
9.5E-7
3.4708E-5
5.27E-7
2.8899E-5
7.1E-7
6.21E-7
4.49E-7
3.16E-7
2.1291E-5
3.5281E-5
5.39E-7
4.4E-7
4.34E-7
7.97E-7
2.9916E-5
8.23E-7
1.6445E-5
5.75E-7
1.6856E-5
2.7435E-5
6.33E-7
6.07E-7
5.71E-7
5.66E-7
1.5773E-5
5.77E-7
3.3094E-5
5.68E-7
5.13E-7
1.4429E-5
5.05E-7
4.46E-7
2.806E-5
6.26E-7
6.66E-7
7.45E-7
2.0188E-5
3.2578E-5
8.74E-7
5.35E-7
2.81E-5
3.2911E-5
7.86E-7
2.8226E-5
6.44E-7
6.55E-7
1.8925E-5
2.102E-5
6.98E-7
7.14E-7
3.1508E-5
5.88E-7
5.5E-7
3.3203E-5
2.795E-5
5.63E-7
6.06E-7
1.485E-6
8.45E-7
2.8846E-5
5.95E-7
3.3208E-5
2.5555E-5
2.4184E-5
4.83E-7
2.1703E-5
7.23E-7
3.2024E-5
3.1774E-5
5.49E-7
1.7847E-5
5.89E-7
4.51E-7
3.0822E-5
9.41E-7
1.236E-6
2.198E-6
3.2722E-5
1.065E-6
1.08E-6
3.625E-6
4.19E-7
2.9411E-5
5.15E-7
6.02E-7
5.23E-7
3.044E-6
2.1734E-5
7.6E-7
5.77E-7
2.3801E-5
5.98E-7
1.2822E-5
6.35E-7
3.4878E-5
5.14E-7
4.71E-7
2.448E-5
9.137E-6
5.38E-7
2.8365E-5
6.51E-7
3.4688E-5
3.0563E-5
7.54E-7
3.3346E-5
3.6322E-5
6.3E-7
3.4439E-5
5.68E-7
2.7806E-5
5.74E-7
4.02E-7
1.9727E-5
6.79E-7
1.775E-6
3.3464E-5
3.3167E-5
2.1148E-5
8.03E-7
7.06E-7
3.3079E-5
6.31E-7
3.5978E-5
5.71E-7
1.5519E-5
5.62E-7
6.91E-7
3.1352E-5
3.4704E-5
3.7954E-5
7.81E-7
1.261E-6
3.629E-5
8.98E-7
3.873E-6
3.1453E-5
9.3E-7
2.246E-6
5.18E-7
9.13E-7
4.4E-7
8.34E-7
5.57E-7
7.91E-7
3.6668E-5
9.98E-7
6.92E-7
3.85E-7
5.05E-7
1.9465E-5
7.56E-7
3.6232E-5
7.28E-7
3.2022E-5
1.214E-6
8.95E-7
2.4331E-5
6.78E-7
3.4034E-5
7.3E-7
4.91E-7
4.63E-7
3.5201E-5
6.14E-7
4.3E-7
3.6037E-5
8.73E-7
1.887E-6
3.424E-5
1.061E-6
6.03E-7
5.18E-7
3.2616E-5
2.0305E-5
7.62E-7
4.65E-7
4.6765E-5
7.99E-7
9.77E-7
7.01E-7
4.77E-7
2.7194E-5
3.5848E-5
7.59E-7
1.198E-6
7.23E-7
2.9722E-5
5.88E-7
3.73E-7
2.5285E-5
7.83E-7
1.181E-6
9.7E-7
5.21E-7
2.2932E-5
5.86E-7
4.58E-7
5.34E-7
4.31E-7
2.7655E-5
7.0E-7
6.27E-7
1.9E-5
5.86E-7
6.63E-7
4.5E-7
3.4411E-5
6.85E-7
3.2484E-5
1.202E-6
1.8752E-5
7.72E-7
8.709E-6
4.71E-7
5.29E-7
4.2E-7
3.6232E-5
8.68E-7
5.42E-7
6.98E-7
5.76E-7
5.08E-7
3.5841E-5
6.82E-7
4.84E-7
3.7328E-5
7.99E-7
7.32E-7
7.46E-7
4.6E-7
3.204E-5
1.248E-6
2.8346E-5
6.09E-7
2.9682E-5
8.72E-7
2.793E-6
7.71E-7
5.88E-7
2.2573E-5
5.3E-7
4.33E-7
3.3691E-5
6.01E-7
3.6206E-5
1.027E-6
3.0714E-5
5.56E-7
5.6E-7
2.9733E-5
6.22E-7
3.5098E-5
5.42E-7
5.84E-7
6.49E-7
3.624E-5
6.02E-7
1.304E-6
2.204E-6
6.4E-7
2.9805E-5
6.09E-7
3.3773E-5
7.473E-6
2.3393E-5
2.0671E-5
6.59E-7
4.61E-7
3.18E-7
4.16E-7
4.47E-7
4.77E-7
5.3E-7
3.6461E-5
3.4183E-5
4.93E-7
2.8929E-5
5.43E-7
7.31E-7
2.2214E-5
2.5945E-5
4.56E-7
6.2E-7
3.416E-5
4.4E-7
5.59E-7
2.9483E-5
3.2736E-5
6.4E-7
9.54E-7
4.12E-7
5.38E-7
3.45E-7
2.335E-6
4.8E-7
2.9872E-5
6.2E-7
3.6225E-5
7.54E-7
3.83E-7
2.168E-6
8.12E-7
3.4526E-5
5.79E-7
5.32E-7
3.0216E-5
3.1883E-5
5.12E-7
9.05E-7
5.83E-7
5.59E-7
5.07E-7
2.567E-6
6.52E-7
5.71E-7
3.687E-5
2.6186E-5
5.92E-7
9.85E-7
4.79E-7
5.939E-6
3.8462E-5
6.58E-7
9.46E-7
4.61E-7
6.39E-7
3.0277E-5
5.4E-7
8.02E-7
4.42E-7
3.6366E-5
6.53E-7
5.35E-7
8.74E-7
4.23E-7
2.8342E-5
7.59E-7
8.29E-7
2.0937E-5
5.99E-7
7.98E-7
6.83E-7
2.001E-6
3.72E-7
6.39E-7
2.7655E-5
1.096E-6
5.45E-7
6.75E-7
3.98E-7
7.03E-7
5.54E-7
1.241E-6
3.7471E-5
1.006E-6
9.5E-7
1.172E-6
7.57E-7
5.34E-7
3.016E-6
3.0578E-5
5.88E-7
4.91E-7
2.273E-6
5.46E-7
8.13E-6
7.32E-7
5.19E-7
5.0E-7
4.56E-7
3.6563E-5
6.28E-7
3.83E-7
3.1991E-5
5.81E-7
4.99E-7
2.372E-6
7.444E-6
4.34E-7
1.8738E-5
5.3E-7
4.5E-7
4.02E-7
2.134E-6
5.09E-7
3.77E-7
9.27E-7
3.9974E-5
5.13E-7
2.363E-6
8.29E-7
4.41E-7
6.32E-7
3.505E-6
2.1054E-5
2.6005E-5
6.62E-7
6.27E-7
6.678E-6
5.98E-7
5.68E-7
5.27E-7
4.87E-7
3.3854E-5
8.85E-7
6.31E-7
5.46E-7
4.65E-7
3.7228E-5
1.6722E-5
6.31E-7
9.35E-7
4.06E-7
3.73E-7
3.71E-7
2.8976E-5
5.77E-7
4.53E-7
5.31E-7
5.79E-7
4.51E-7
3.8876E-5
4.92E-7
4.86E-7
3.5371E-5
5.38E-7
7.26E-7
3.76E-7
2.8512E-5
3.0876E-5
5.21E-7
3.172E-6
3.0946E-5
8.39E-7
2.6721E-5
1.5777E-5
1.352E-6
3.6303E-5
6.26E-7
2.4477E-5
2.405E-6
1.896E-6
1.235E-6
4.7E-7
3.83E-7
2.6042E-5
3.2823E-5
4.98E-7
2.148E-5
7.86E-7
5.19E-7
1.6123E-5
4.03E-7
2.027E-6
7.41E-7
2.8873E-5
9.69E-7
6.01E-7
1.567E-6
1.942E-6
6.8E-7
4.48E-7
2.25E-6
4.66E-7
4.66E-7
5.51E-7
4.9E-7
1.065E-6
6.51E-7
2.5183E-5
4.75E-7
5.19E-7
1.018E-6
1.025E-6
1.332E-6
9.65E-7
3.1591E-5
5.93E-7
6.19E-7
1.2151E-5
1.007E-6
2.6442E-5
3.6816E-5
7.02E-7
9.42E-7
1.3902E-5
5.18E-7
2.5379E-5
6.61E-7
2.6827E-5
5.35E-7
5.19E-7
4.0089E-5
4.87E-7
5.41E-7
1.9575E-5
7.71E-7
4.9E-7
3.0953E-5
1.5445E-5
1.448E-6
1.739E-6
6.95E-7
5.88E-7
6.56E-7
2.7702E-5
6.11E-7
7.24E-7
7.52E-7
4.95E-7
3.3376E-5
7.65E-7
4.02E-7
2.555E-5
8.16E-7
3.0734E-5
5.78E-7
2.4151E-5
8.07E-7
5.18E-7
4.11E-7
2.417E-6
5.19E-7
4.05E-7
6.86E-7
4.033E-6
5.23E-7
4.0974E-5
4.99E-7
5.33E-7
4.77E-7
2.5358E-5
2.3472E-5
5.15E-7
2.5452E-5
5.61E-7
2.043E-6
3.87E-7
1.2259E-5
6.33E-7
3.94E-7
3.99E-7
7.37E-7
3.6523E-5
6.39E-7
3.48E-7
2.3387E-5
4.38E-7
2.7152E-5
6.9E-7
5.39E-7
6.53E-7
7.45E-7
5.35E-7
3.78E-7
3.9253E-5
6.02E-7
5.16E-7
6.29E-7
2.029E-6
3.5656E-5
4.94E-7
3.0246E-5
5.28E-7
5.99E-7
5.61E-7
3.66E-6
2.0461E-5
3.7255E-5
4.56E-7
3.0931E-5
4.0658E-5
6.94E-7
3.8E-7
1.5829E-5
4.07E-7
4.59E-7
2.0292E-5
3.902E-5
5.81E-7
3.8508E-5
3.3715E-5
5.35E-7
8.86E-7
8.1E-7
3.5625E-5
5.22E-7
2.9789E-5
2.6913E-5
5.33E-7
3.0537E-5
5.39E-7
3.658E-5
6.06E-7
5.65E-7
1.4613E-5
4.67E-7
3.648E-6
4.7E-7
5.13E-7
9.357E-6
3.67E-7
1.359E-5
6.56E-7
6.43E-7
3.39E-7
6.37E-7
3.5319E-5
5.64E-7
5.53E-7
3.6273E-5
1.676E-6
4.0E-7
3.8115E-5
3.7509E-5
4.57E-7
3.83E-7
3.0701E-5
5.09E-7
6.75E-7
2.0996E-5
4.6E-7
4.16E-7
2.2225E-5
4.15E-7
1.18E-6
6.87E-7
2.6183E-5
6.74E-7
3.2215E-5
5.98E-7
3.43E-7
4.87E-7
2.2623E-5
3.3769E-5
8.4E-7
5.11E-7
3.1886E-5
3.703E-5
3.3542E-5
5.62E-7
4.96E-7
1.4983E-5
3.51E-7
4.21E-7
3.5007E-5
5.35E-7
9.49E-7
5.14E-7
3.7311E-5
9.39E-7
4.21E-7
1.622E-5
3.2379E-5
6.31E-7
6.2E-7
4.37E-7
5.26E-7
6.85E-7
3.8251E-5
4.41E-7
3.5435E-5
2.8229E-5
4.17E-7
3.25E-7
8.07E-7
9.74E-7
6.24E-7
4.24E-7
2.164E-6
3.96E-7
5.334E-6
4.29E-7
3.4244E-5
7.72E-7
2.5456E-5
4.55E-7
4.13E-7
2.4819E-5
3.0222E-5
1.4499E-5
6.47E-7
6.11E-7
5.32E-7
1.08E-6
6.05E-7
3.094E-5
1.317E-6
5.53E-7
3.9458E-5
9.02E-7
7.55E-7
5.17E-7
4.79E-7
5.26E-7
8.66E-7
4.0306E-5
6.11E-7
3.79E-7
1.102E-6
7.02E-7
3.94E-7
3.7688E-5
2.4236E-5
7.37E-7
5.44E-7
9.88E-7
4.56E-7
1.127E-6
7.24E-7
6.57E-7
6.07E-7
5.14E-6
5.05E-7
4.22E-7
3.0102E-5
5.44E-7
6.45E-7
4.86E-7
4.05E-7
4.66E-7
3.637E-6
5.98E-7
3.167E-5
5.04E-7
7.33E-7
6.9E-7
2.6047E-5
2.3399E-5
6.25E-7
4.58E-7
1.632E-6
4.85E-7
6.95E-7
9.933E-6
7.3E-7
5.84E-7
8.36E-7
9.68E-7
7.83E-7
7.59E-7
4.47E-7
8.02E-7
3.9885E-5
9.12E-7
2.7757E-5
5.38E-7
2.134E-5
7.9E-7
3.2374E-5
1.094E-6
6.33E-7
9.72E-7
1.322E-6
6.21E-7
2.0487E-5
2.842E-6
4.27E-7
5.93E-7
4.27E-7
5.4E-7
4.058E-6
3.9E-7
6.36E-7
4.97E-7
6.74E-7
4.78E-7
7.28E-7
1.5295E-5
2.6352E-5
1.041E-6
6.2E-7
5.21E-7
2.02E-6
6.3E-7
8.61E-7
3.1759E-5
5.2E-7
4.2747E-5
8.4E-7
6.54E-7
6.1E-7
4.31E-7
3.73E-7
7.2E-7
9.828E-6
2.1104E-5
6.07E-7
3.1392E-5
6.54E-7
1.613E-6
4.51E-7
5.99E-7
4.07E-7
4.85E-7
6.42E-7
3.76E-7
5.26E-7
4.74E-7
9.47E-7
2.1463E-5
8.1E-7
6.85E-7
7.73E-7
4.83E-7
4.32E-7
1.706E-5
4.71E-7
4.0357E-5
4.32E-7
9.07E-7
1.5346E-5
4.6E-7
3.27E-7
4.395E-6
2.1706E-5
5.81E-7
7.86E-7
6.27E-7
7.7E-7
7.78E-7
4.59E-7
3.67E-7
1.077E-6
4.9E-7
6.98E-7
3.6579E-5
8.03E-7
5.6E-7
2.6263E-5
1.7278E-5
4.87E-7
7.77E-7
6.03E-7
6.42E-7
3.33E-7
5.6E-7
3.78E-7
5.58E-7
3.6043E-5
8.3E-6
6.47E-7
3.7E-7
4.19E-7
3.54E-7
5.73E-7
1.0194E-5
4.16E-7
2.6558E-5
4.81E-7
3.875E-5
7.73E-7
5.18E-7
7.07E-7
6.36E-7
2.7434E-5
8.76E-7
1.236E-6
5.87E-7
7.82E-7
1.8068E-5
4.49E-7
3.879E-5
2.4506E-5
5.71E-7
6.49E-7
2.4315E-5
7.52E-7
4.5E-7
4.55E-7
5.78E-7
4.14E-7
5.32E-7
5.35E-7
4.51E-7
5.37E-7
3.69E-7
7.11E-7
4.87E-7
3.22E-7
3.7156E-5
2.9862E-5
5.29E-7
5.6E-7
8.29E-7
5.23E-7
4.3554E-5
7.83E-7
2.482E-6
2.12E-6
4.5E-7
3.8851E-5
2.038E-6
4.52E-7
4.41E-7
6.5E-7
3.7339E-5
7.93E-7
1.6372E-5
3.7882E-5
5.08E-7
5.55E-7
7.22E-7
3.92E-7
4.24E-7
1.186E-6
8.02E-7
4.64E-7
3.4335E-5
6.78E-7
4.37E-7
8.02E-7
4.98E-7
5.79E-7
4.64E-7
3.97E-7
9.487E-6
6.53E-7
3.4181E-5
5.32E-7
9.19E-7
6.18E-7
4.34E-7
2.0837E-5
5.93E-7
1.6386E-5
3.814E-6
4.28E-7
8.25E-7
7.68E-7
3.9432E-5
6.05E-7
5.84E-7
3.2658E-5
3.0688E-5
1.5437E-5
5.08E-7
1.407E-6
4.99E-7
6.29E-7
5.66E-7
1.321E-6
3.9424E-5
6.86E-7
3.3359E-5
5.08E-7
2.83E-5
5.15E-7
1.7165E-5
9.12E-7
3.0067E-5
6.01E-7
1.037E-6
1.946E-6
4.75E-7
4.24E-7
5.52E-7
4.67E-7
4.48E-7
4.82E-7
3.5358E-5
5.6E-7
7.089E-6
2.4857E-5
5.38E-7
1.181E-5
6.24E-7
4.22E-7
3.2923E-5
5.89E-7
4.94E-7
7.08E-7
3.56E-7
4.03E-7
2.8121E-5
6.18E-7
6.25E-7
4.67E-7
2.9237E-5
6.74E-7
5.61E-7
3.1054E-5
5.16E-7
4.54E-7
5.868E-6
1.6039E-5
3.2551E-5
7.4E-7
7.49E-7
3.69E-7
4.71E-7
3.2527E-5
7.35E-7
1.12E-6
6.45E-7
5.15E-7
5.78E-7
2.85E-7
4.17E-7
4.6446E-5
4.8E-7
1.918E-6
2.9113E-5
6.69E-7
6.12E-7
4.36E-7
3.981E-5
7.55E-7
8.046E-6
5.9E-7
2.4773E-5
4.53E-7
9.35E-7
1.5182E-5
4.57E-7
4.84E-7
3.3408E-5
4.83E-7
2.919E-6
3.93E-7
7.89E-7
5.39E-7
4.0388E-5
4.97E-7
3.1533E-5
5.08E-7
3.13E-5
5.26E-7
2.5951E-5
4.65E-7
1.154E-6
4.89E-7
4.27E-7
3.4629E-5
4.78E-7
5.5E-7
9.11E-7
4.01E-7
3.8001E-5
2.7067E-5
3.5499E-5
3.4617E-5
6.89E-7
1.407E-6
3.356E-5
1.502E-6
3.8423E-5
4.63E-7
9.72E-7
9.44E-7
8.36E-7
3.9639E-5
4.2789E-5
5.43E-7
6.32E-7
3.47E-7
1.2869E-5
4.78E-7
3.0208E-5
3.6189E-5
6.82E-7
2.8128E-5
5.26E-7
1.122E-6
3.3387E-5
6.67E-7
5.08E-7
6.28E-7
3.9E-7
2.5289E-5
6.42E-7
6.43E-7
3.3357E-5
7.8E-7
6.73E-7
1.243E-5
3.1586E-5
8.89E-7
4.99E-7
3.9302E-5
6.7E-7
3.072E-6
4.78E-7
1.136E-6
5.33E-7
3.71E-7
5.79E-7
4.0E-7
1.1908E-5
5.6E-7
6.73E-7
4.33E-7
5.68E-7
3.8582E-5
4.82E-7
5.8E-7
5.03E-7
5.54E-7
3.2637E-5
1.8222E-5
1.242E-5
8.64E-7
1.44E-6
8.985E-5
8.8E-7
3.3342E-5
6.24E-7
3.1167E-5
3.5524E-5
5.89E-7
1.46E-6
3.3194E-5
9.792E-6
6.0414E-5
1.388E-6
4.8427E-5
7.83E-7
1.092E-6
3.7541E-5
7.41E-7
5.19E-7
1.554E-6
3.8495E-5
9.3E-7
3.429E-5
6.5803E-5
9.1E-7
1.8532E-5
5.08E-7
4.63E-7
6.32E-7
3.1E-7
3.3668E-5
6.37E-7
4.86E-7
4.3149E-5
6.4E-7
5.55E-7
4.74E-7
3.3246E-5
8.82E-7
5.36E-7
2.258E-5
6.19E-7
3.5901E-5
5.55E-7
5.2E-7
4.09E-7
3.2817E-5
8.5E-7
3.4389E-5
7.06E-7
7.2214E-5
4.0123E-5
8.61E-7
3.266E-5
3.4417E-5
1.374E-6
2.119E-6
4.9E-7
5.54E-7
1.797E-5
4.29E-7
1.759E-6
7.02E-7
4.0E-7
7.0556E-5
6.77E-7
3.7349E-5
1.143E-6
7.95E-6
1.5629E-5
8.59E-7
4.073E-5
2.9424E-5
4.69E-7
2.8636E-5
5.51E-7
8.12E-7
1.8258E-5
4.35E-7
4.0214E-5
5.24E-7
8.08E-7
3.864E-5
7.51E-7
6.82E-7
5.26E-7
6.19E-7
5.9562E-5
6.37E-7
7.7E-7
6.15E-7
3.172E-5
6.11E-7
5.28E-7
4.029E-5
4.91E-7
1.864E-6
3.4702E-5
7.51E-7
3.2808E-5
7.07E-7
4.5E-7
1.332E-6
4.94E-7
1.296E-6
8.49E-7
4.04E-7
1.716E-6
5.28E-7
4.27E-7
4.2411E-5
6.8E-7
3.691E-6
7.46E-7
3.4338E-5
5.99E-7
3.4924E-5
6.83E-7
6.6325E-5
6.16E-7
4.62E-7
3.5104E-5
5.63E-7
2.617E-6
5.43E-7
4.04E-7
2.172E-6
7.939E-6
3.8177E-5
1.432E-6
1.021E-6
6.35E-7
7.63E-7
5.1E-7
4.17E-7
5.47E-7
6.0E-7
1.7852E-5
6.13E-7
6.6E-7
7.51E-7
7.97E-7
5.52E-7
3.4684E-5
6.17E-7
4.08E-7
5.1E-7
1.7151E-5
4.8E-7
3.0305E-5
1.3471E-5
3.99E-7
1.661E-6
5.72E-7
4.33E-7
8.85E-7
1.158E-6
5.696E-5
9.79E-7
4.0079E-5
6.51E-7
5.49E-7
5.92E-7
2.5381E-5
6.16E-7
4.4149E-5
9.86E-7
3.282E-6
4.52E-7
6.85E-7
2.2315E-5
4.3E-7
5.54E-7
3.358E-6
3.74E-7
8.966E-6
6.67E-7
2.6189E-5
1.7158E-5
1.2544E-5
5.91E-7
6.74E-7
8.08E-7
3.49E-7
4.61E-7
6.44E-7
4.56E-7
2.78E-7
4.953E-6
5.6219E-5
3.1773E-5
6.67E-7
1.81E-6
4.06E-7
1.5561E-5
6.09E-7
2.181E-6
3.76E-7
4.73E-7
4.83E-7
2.94E-7
4.4248E-5
9.4E-7
7.52E-7
2.526E-5
7.4E-7
2.5902E-5
7.29E-7
6.54E-7
1.4684E-5
1.675E-5
9.11E-7
5.28E-7
5.05E-7
7.35E-7
4.16E-7
5.07E-7
4.54E-7
5.77E-7
7.73E-7
4.25E-7
5.44E-7
2.0476E-5
6.11E-7
4.12E-7
4.29E-7
4.29E-7
5.5E-7
1.015E-6
3.077E-6
7.1996E-5
1.743E-6
8.82E-7
4.57E-7
7.63E-7
2.4244E-5
3.99E-7
4.97E-7
4.63E-7
4.41E-7
6.25E-7
2.99E-6
5.02E-7
4.43E-7
5.31E-7
2.561E-6
2.784E-6
5.89E-7
4.5778E-5
1.6486E-5
3.3413E-5
2.605E-6
9.51E-7
3.9624E-5
3.4822E-5
3.532E-6
5.62E-7
2.022E-6
8.55E-7
4.44E-7
9.79E-7
4.07E-7
2.258E-6
6.2E-7
3.2471E-5
2.6094E-5
1.019E-6
5.31E-7
5.36E-7
2.9845E-5
5.6E-7
6.16E-7
3.957E-6
4.13E-7
4.39E-7
4.4933E-5
1.389E-6
1.436E-6
6.828E-6
7.89E-7
4.71E-7
5.31E-7
8.51E-7
1.3963E-5
4.23E-7
3.58E-7
2.8245E-5
7.47E-7
4.25E-7
3.84E-7
1.997E-6
2.072E-5
4.28E-7
2.72E-5
6.56E-7
2.5705E-5
6.41E-7
1.8934E-5
3.75E-7
5.42E-7
2.196E-6
3.0E-7
5.14E-7
3.7662E-5
6.88E-7
5.4858E-5
7.05E-7
6.54E-7
3.5313E-5
1.2E-6
3.45E-5
9.14E-7
8.8E-7
1.608E-6
7.01E-7
4.54E-7
3.15E-7
3.76E-7
3.2254E-5
3.8395E-5
5.87E-7
4.64E-7
8.51E-7
2.9956E-5
6.95E-7
2.8253E-5
2.9726E-5
1.4105E-5
7.35E-7
6.11E-7
2.84222E-4
1.592E-6
4.1291E-5
1.7587E-5
4.8369E-5
1.208E-6
6.774E-6
6.21E-7
3.2962E-5
7.87E-7
1.1075E-5
8.7E-7
8.11E-7
7.2E-7
3.9595E-5
5.49E-7
5.95E-7
1.5995E-5
5.02E-7
1.472E-6
6.45E-7
1.055E-6
4.0116E-5
6.95E-7
3.8E-7
7.05E-7
2.103E-6
2.3572E-5
1.887E-6
7.56E-7
6.23E-7
1.8259E-5
2.3622E-5
6.87E-7
3.0853E-5
3.5637E-5
8.96E-7
3.3112E-5
7.5E-7
5.21E-7
3.035E-5
5.31E-7
1.365E-6
2.1903E-5
6.12E-7
7.25E-7
4.7895E-5
1.151E-6
2.951E-6
4.2216E-5
7.09E-7
5.28E-7
3.8962E-5
2.024E-6
3.8981E-5
9.77E-7
5.73E-7
5.05E-7
6.2334E-5
2.8409E-5
8.24E-7
3.7929E-5
5.74E-7
5.52E-7
4.94E-7
1.8757E-5
6.04E-7
5.45E-7
3.5493E-5
5.92E-7
7.64E-7
4.244E-6
6.7593E-5
1.024E-6
3.6728E-5
1.01E-6
9.61E-7
2.44E-6
6.45E-7
3.171E-6
6.2565E-5
1.327E-6
4.3657E-5
4.2043E-5
8.67E-7
3.3247E-5
1.5099E-5
8.4E-7
1.2068E-5
1.2607E-5
9.58E-7
5.81E-7
3.2089E-5
6.7E-7
5.17E-7
7.91E-7
4.01E-7
1.164E-6
3.9427E-5
1.0E-6
3.9892E-5
3.0674E-5
1.147E-6
1.198E-6
1.064E-6
5.7E-7
3.6456E-5
2.086E-6
3.058E-6
6.89E-7
1.9618E-5
3.4912E-5
9.16E-7
7.07E-7
4.38E-7
3.167E-6
4.82E-7
4.1E-7
7.0147E-5
9.09E-7
4.2174E-5
1.048E-6
5.0E-7
2.092E-5
9.66E-7
2.527E-5
9.05E-7
6.65E-7
3.7046E-5
3.2628E-5
6.459E-6
1.03E-6
7.36E-7
4.68E-7
4.5E-7
2.395E-6
6.57E-7
7.96E-7
7.02E-7
1.2799E-5
5.93E-7
4.0786E-5
3.4868E-5
6.49E-7
7.63E-7
5.1716E-5
2.6927E-5
1.2126E-5
4.4012E-5
3.5303E-5
7.93E-7
8.3849E-5
2.9172E-5
9.12E-7
2.8331E-5
8.36E-7
1.1992E-5
4.011E-5
7.87E-7
6.17E-7
5.16E-7
8.13E-7
6.85E-7
4.5082E-5
4.0745E-5
2.5424E-5
4.4664E-5
7.07E-7
7.5562E-5
1.219E-6
8.65E-7
1.086E-6
3.7935E-5
7.02E-7
4.7547E-5
3.1899E-5
9.22E-7
3.429E-6
6.0718E-5
7.64E-7
8.19E-7
1.0984E-5
5.71E-7
7.02E-7
4.45E-7
2.587E-6
9.25E-7
6.7E-7
3.5769E-5
8.94E-7
4.76E-7
4.1203E-5
6.51E-7
3.022E-6
6.62E-7
3.78E-7
7.17E-7
3.496E-6
3.4528E-5
7.47E-7
2.8933E-5
8.12E-7
3.7785E-5
6.43E-7
5.13E-7
6.03E-7
2.4439E-5
7.65E-7
6.8714E-5
9.73E-7
5.72E-7
8.32E-7
2.4747E-5
3.141E-6
1.215E-6
5.94E-7
1.6273E-5
6.92E-7
6.19E-7
3.81E-7
9.87E-7
4.1321E-5
6.3657E-5
1.451E-6
5.23E-7
7.01E-7
4.9E-7
1.32E-6
1.6232E-5
7.93E-7
1.188E-6
5.76E-7
7.39E-7
5.2E-7
5.3E-7
6.11E-7
2.5842E-5
4.0165E-5
1.3E-6
6.05E-7
5.93E-7
4.59E-7
4.58E-7
7.0452E-5
8.32E-7
4.116E-5
1.143E-6
3.7347E-5
3.7873E-5
8.63E-7
4.4837E-5
3.7641E-5
8.01E-7
4.6E-7
2.1961E-5
6.18E-7
7.11E-7
5.31E-7
3.9E-7
4.2397E-5
2.745E-6
5.23E-7
6.92E-7
3.85E-7
7.9632E-5
3.4898E-5
5.85E-7
4.0618E-5
4.2832E-5
1.011E-6
2.208E-6
5.51E-7
8.6E-7
4.56E-7
7.16E-7
4.0621E-5
6.49E-7
2.541E-6
2.7447E-5
7.82E-7
9.27E-7
3.6907E-5
1.359E-6
2.8108E-5
1.424E-6
1.3E-6
1.666E-5
8.57E-7
1.9392E-5
7.3E-7
8.47E-7
2.5083E-5
9.14E-7
7.56E-7
4.73E-7
2.492E-6
3.8353E-5
2.071E-6
6.75E-7
1.5194E-5
7.97E-7
3.88E-7
5.57E-7
4.42E-7
6.3085E-5
1.188E-6
1.974E-6
4.41E-7
1.236E-6
4.607E-5
5.99E-7
2.409E-6
4.94E-7
3.7158E-5
3.6553E-5
7.35E-7
6.18E-7
3.33E-7
4.72E-7
1.603E-6
0.001167663
8.8848E-5
1.987E-6
2.8526E-5
4.4232E-5
5.2918E-5
1.21E-6
2.1487E-5
1.262E-6
4.795E-6
5.554E-6
2.759E-6
5.53E-7
6.51E-7
3.7849E-5
1.136E-6
9.04E-7
7.22E-7
7.96E-7
9.25E-7
4.11E-7
1.6597E-5
4.3332E-5
1.784E-6
8.1E-7
2.5857E-5
1.603E-6
6.38E-7
3.7229E-5
1.244E-6
4.6E-7
3.922E-5
6.67E-7
6.3E-7
2.559E-6
3.4444E-5
1.208E-6
7.64E-7
4.12E-7
7.62E-7
9.2E-7
4.399E-5
1.119E-6
2.5672E-5
8.79E-7
1.265E-6
2.5726E-5
5.8E-7
5.21E-7
3.8453E-5
8.83E-7
7.62E-7
8.38E-7
2.849E-6
3.3635E-5
7.95E-7
8.09E-7
1.271E-6
2.7307E-5
5.33E-7
3.8908E-5
8.25E-7
8.91E-7
4.3663E-5
8.68E-7
3.7434E-5
4.6658E-5
4.3901E-5
3.5201E-5
3.694E-6
1.4677E-4
2.5476E-5
9.35E-7
8.73E-7
8.81E-7
9.15E-7
9.19E-7
6.9276E-5
1.267E-6
5.82E-7
8.5E-7
7.69E-7
3.033E-6
6.47E-7
5.9E-7
3.5418E-5
1.218E-6
5.57E-7
5.7525E-5
3.8881E-5
6.04E-7
2.499E-6
3.5972E-5
3.6768E-5
4.89E-7
7.91E-7
4.52E-7
4.4244E-5
7.995E-6
5.75E-7
8.42E-7
7.4E-7
2.924E-6
4.22E-7
6.86E-7
9.38E-7
9.04E-7
8.71E-7
7.07E-7
7.92E-5
1.325E-6
1.1256E-5
4.5E-7
3.8411E-5
6.78E-7
4.3243E-5
9.78E-7
4.0773E-5
1.785E-5
4.7376E-5
9.33E-7
1.088E-6
7.01E-7
2.391E-6
5.14E-7
1.07E-6
6.09E-7
4.13E-7
5.49E-7
4.14E-7
2.965E-6
1.011E-6
9.83E-7
6.5E-7
4.3857E-5
5.54E-7
8.4203E-5
8.166E-6
7.31E-7
2.6937E-5
6.43E-7
7.36E-7
2.6318E-5
1.047E-6
1.2491E-5
4.48969E-4
1.4E-6
1.051E-6
1.3756E-5
5.46E-7
3.341E-6
9.78E-7
7.37E-7
1.007E-6
8.15E-7
4.5061E-5
6.55E-7
6.32E-7
2.8207E-5
8.21E-7
3.1137E-5
5.22E-7
4.0568E-5
5.07E-7
5.87E-7
2.486E-6
4.001E-6
4.2399E-5
8.572E-6
3.2713E-5
8.76E-7
4.26E-7
1.209E-6
6.04E-7
7.57E-7
6.37E-7
5.09E-7
3.67E-7
4.7159E-5
7.12E-7
4.2114E-5
5.92E-7
7.38E-7
2.3352E-5
3.81E-7
3.86E-7
2.3508E-5
4.81E-7
6.10914E-4
2.457E-6
5.2878E-5
1.096E-6
2.4406E-5
2.335E-6
9.86E-7
9.01E-7
5.2502E-5
7.18E-7
4.6598E-5
8.51E-7
8.88E-7
3.3556E-5
2.42E-6
2.841E-6
1.227E-6
6.1E-7
1.9357E-5
6.02E-7
3.8393E-5
1.07E-6
2.538E-6
1.4462E-5
5.76E-7
1.124E-6
1.673E-6
4.4533E-5
1.027E-6
8.2E-7
4.3019E-5
7.2E-7
8.09E-7
1.793E-6
3.4393E-5
9.02E-7
1.8431E-5
6.18E-7
5.7231E-5
5.253E-6
9.58E-7
4.6715E-5
1.328E-6
9.44E-7
9.58E-7
1.45E-6
1.07E-6
5.1821E-5
3.551E-6
4.3783E-5
9.11E-7
6.25E-7
4.4948E-5
1.198E-6
3.73E-7
5.25E-7
2.358E-6
1.161E-6
1.3798E-5
8.76E-7
6.92E-7
9.17E-7
9.36E-7
2.234E-6
1.683E-6
4.96E-7
4.75E-7
1.7623E-5
4.3477E-5
6.84E-7
6.96E-7
6.04E-7
4.8119E-5
4.2972E-5
9.73E-7
3.2918E-5
2.8148E-5
7.16E-7
5.71E-7
3.3277E-5
4.88E-7
2.981E-6
6.44E-7
1.022E-6
8.21E-7
3.5963E-5
1.225E-6
7.4E-7
1.117E-6
4.5468E-5
5.59E-7
2.452E-6
3.7782E-5
8.58E-7
4.2979E-5
5.19E-7
1.026E-6
4.7592E-5
8.31E-7
2.341E-6
9.84E-7
4.42E-7
7.55E-7
4.49E-7
4.5024E-5
6.16E-7
7.98E-7
4.63E-7
5.68E-7
2.8908E-5
3.9215E-5
3.8496E-5
5.71E-7
5.27E-7
2.9647E-5
3.469E-6
8.03E-7
4.42E-7
2.5591E-5
8.1E-7
8.41E-7
3.1954E-5
7.23E-7
4.1198E-5
5.68E-7
3.0746E-5
3.484E-6
5.14E-7
3.7106E-5
3.6998E-5
1.275E-6
9.94E-7
6.59E-7
2.265E-6
4.6455E-5
5.24E-7
7.58E-7
3.2653E-5
2.5282E-5
7.36E-7
1.3963E-5
3.715E-6
7.3E-7
8.28E-7
2.119E-6
6.93E-7
4.3532E-5
6.09E-7
4.38E-7
3.907E-5
4.84E-7
2.391E-6
3.9671E-5
6.38E-7
4.2197E-5
7.45E-7
3.8679E-5
7.51E-7
8.29E-7
2.0065E-5
5.11E-7
4.88E-7
4.42E-5
9.519E-6
6.61E-7
3.8326E-5
1.052E-6
5.87E-7
4.67E-7
3.53E-7
4.96E-7
1.1072E-5
6.13E-7
3.01E-7
4.1679E-5
4.4522E-5
5.66E-7
7.47E-7
3.561E-6
2.314E-6
5.45E-7
7.07E-7
5.24E-7
4.361E-6
4.1741E-5
2.895E-6
6.11E-7
6.48E-7
2.3437E-5
3.8749E-5
2.641E-6
3.8786E-5
7.4E-7
4.5425E-5
8.65E-7
1.031E-6
6.49E-7
4.47E-5
4.85E-7
3.54E-7
4.1017E-5
4.5232E-5
5.6E-7
8.06E-7
5.9E-7
8.5E-7
3.89E-7
4.0965E-5
6.14E-7
1.877E-6
2.305E-6
4.07E-7
1.9386E-5
3.3561E-5
4.62E-7
3.214E-5
6.66E-7
5.25E-7
1.1225E-5
3.85E-7
4.3044E-5
4.7E-7
5.61E-7
5.32E-7
5.61E-7
6.74E-7
2.19349E-4
1.177E-6
3.6349E-5
6.39E-7
9.48E-7
6.81E-7
1.9603E-5
7.09E-7
8.807E-6
5.89E-7
3.8E-7
3.205E-6
1.753E-6
3.53E-7
1.648E-6
2.301E-6
8.69E-7
6.1E-7
4.95E-7
1.6931E-5
7.51E-7
3.3035E-5
7.09E-7
3.3296E-5
5.37E-7
2.0345E-5
6.29E-7
6.59E-7
1.711E-6
6.07E-7
5.61E-7
2.387E-6
4.38E-7
4.44E-7
3.5828E-5
5.39E-7
1.183E-6
4.0205E-5
6.0E-7
3.83E-7
4.7913E-5
7.53E-7
4.4309E-5
1.403E-6
6.43E-7
8.37E-7
3.565E-6
4.7E-7
1.93E-6
2.641E-6
4.87E-7
5.21E-7
4.9925E-5
8.59E-7
2.405E-6
3.696E-5
7.27E-7
3.73E-7
5.92E-7
5.43E-7
8.24E-7
7.4E-7
7.29E-7
1.775E-6
1.032E-6
6.3E-7
4.74E-7
6.91E-7
3.99E-7
2.98E-7
3.8332E-5
5.11E-7
1.084E-6
3.8E-7
3.91E-7
6.28E-7
3.95E-7
5.1562E-5
8.02E-7
4.72E-7
9.45E-7
5.91E-7
4.0215E-5
8.04E-7
2.8037E-5
6.24E-7
1.567E-6
4.4418E-5
6.9E-7
6.21E-7
7.37E-7
7.18E-7
7.24E-7
2.5732E-5
1.16E-6
4.67E-7
5.49E-7
5.0172E-5
5.68E-7
4.5295E-5
4.2029E-5
3.5184E-5
4.5845E-5
7.59E-7
4.94E-7
2.257E-6
6.46E-7
6.07E-7
7.56E-7
4.209E-5
5.95E-7
4.0062E-5
2.3378E-5
6.33E-7
6.34E-7
7.14E-7
5.66E-7
4.6762E-5
9.08E-7
8.84E-7
6.81E-7
6.37E-7
1.8204E-5
4.38E-7
7.2E-7
2.9328E-5
8.67E-7
4.7895E-5
8.97E-7
4.05E-7
4.3894E-5
1.769E-6
8.42E-7
2.0443E-5
3.5692E-5
6.72E-7
1.145E-6
4.9824E-5
5.73E-7
1.891E-6
4.9131E-5
5.08E-7
3.62E-6
8.56E-7
5.24E-7
4.5419E-5
4.072E-5
4.2783E-5
9.397E-6
4.0315E-5
1.04E-6
4.7872E-5
4.1019E-5
5.58E-7
1.8409E-5
7.03E-7
4.4314E-5
5.18E-7
3.9029E-5
1.801E-6
6.99E-7
5.38E-7
4.726E-5
5.89E-7
4.25E-7
4.5054E-5
4.4883E-5
6.27E-7
2.736E-6
5.27E-7
4.9E-7
4.63E-7
1.571E-6
4.4384E-5
5.31E-7
6.24E-7
4.2004E-5
3.4853E-5
5.67E-7
6.06E-7
1.57E-6
2.176E-6
7.43E-7
4.1203E-5
4.063E-5
5.02E-7
3.2619E-5
5.59E-7
1.695E-6
4.95E-7
6.52E-7
2.4207E-5
5.28E-7
4.5794E-5
4.5359E-5
1.206E-6
3.9366E-5
1.374E-6
4.3333E-5
5.23E-7
1.471E-6
4.4224E-5
3.878E-6
1.0036E-5
8.1E-7
3.604E-6
1.8505E-5
4.71E-7
4.49E-7
4.4279E-5
5.2E-7
2.147E-6
1.46E-6
3.9084E-5
3.249E-6
8.05E-7
6.79E-7
7.0E-7
1.63E-6
6.99E-7
4.09E-7
4.69E-7
8.99E-7
2.02E-6
1.847E-6
5.06E-7
5.29E-7
4.5143E-5
7.38E-7
2.188E-6
3.8486E-5
3.501E-6
6.95E-7
7.89E-7
4.0495E-5
4.74E-7
3.1784E-5
5.01E-7
3.8248E-5
4.09E-7
3.18E-7
5.68E-7
4.44E-7
3.7367E-5
6.57E-7
3.92E-7
5.75E-7
4.402E-5
3.93E-7
4.3835E-5
1.65E-6
2.045E-6
3.94E-7
2.726E-6
5.79E-7
1.844E-6
4.19E-7
3.96E-7
5.21E-7
8.29E-7
5.15E-7
6.54E-7
1.901E-6
5.31E-7
3.48E-7
4.6176E-5
5.75E-7
4.23E-7
1.178E-6
5.53E-7
4.76E-7
4.6933E-5
3.5616E-5
4.74E-7
2.313E-6
4.0959E-5
7.53E-7
5.13E-7
8.95E-7
4.63E-7
5.2241E-5
6.38E-7
4.5776E-5
6.55E-7
6.79E-7
2.008E-6
3.8342E-5
5.99E-7
3.2316E-5
4.76E-7
7.12E-7
2.1E-6
4.74E-7
5.92E-7
3.8941E-5
4.92E-7
4.783E-5
7.35E-7
4.98E-7
6.18E-7
2.825E-6
6.83E-7
3.9503E-5
7.11E-7
5.01E-7
4.0686E-5
9.89E-7
7.29E-7
3.6144E-5
4.3956E-5
5.42E-7
4.1221E-5
6.12E-7
1.0993E-5
6.45E-7
3.9544E-5
2.4513E-5
7.08E-7
8.9E-7
3.76E-7
4.98E-7
5.35E-7
7.4E-7
4.572E-5
3.7425E-5
6.29E-7
1.019E-6
4.62E-7
9.35E-7
4.104E-5
9.77E-7
6.61E-7
4.2517E-5
6.18E-7
6.76E-7
6.2E-7
2.6788E-5
6.47E-7
3.4562E-5
5.01E-7
4.1857E-5
8.1E-7
2.2449E-5
7.42E-7
2.1051E-5
2.5009E-5
9.84E-7
7.42E-7
5.83E-7
3.918E-5
6.87E-7
3.7806E-5
5.9E-7
1.304E-6
4.0999E-5
3.1354E-5
9.4E-7
5.71E-7
4.5639E-5
9.01E-7
1.195E-6
3.689E-6
4.3E-7
1.882E-6
2.393E-6
4.9522E-5
4.2281E-5
2.9376E-5
7.64E-7
6.49E-7
7.03E-7
1.083E-6
1.31E-6
2.3617E-5
3.9774E-5
8.15E-7
9.58E-7
4.2702E-5
6.31E-7
4.98E-7
3.332E-6
6.62E-7
3.537E-6
2.2949E-5
6.87E-7
2.4891E-5
3.8628E-5
4.5571E-5
1.8551E-5
1.129E-6
2.22E-6
1.82E-6
3.7156E-5
1.355E-6
1.944E-6
1.382E-6
4.71E-7
1.7327E-5
5.85E-7
3.76E-7
2.87E-7
1.0868E-5
4.01E-7
1.159E-6
6.34E-7
4.35E-7
1.9393E-5
4.47E-7
2.4707E-5
2.0708E-5
7.13E-7
2.0823E-5
8.37E-7
2.1171E-5
6.15E-7
1.684E-6
1.017E-6
6.07E-7
2.3423E-5
6.67E-7
1.9433E-5
5.2E-7
6.21E-7
4.19E-7
2.3983E-5
2.4609E-5
5.13E-7
7.43E-7
8.346E-6
2.3293E-5
2.1532E-5
9.21E-7
1.315E-6
1.8938E-5
5.09E-7
3.72E-7
1.7946E-5
5.26E-7
3.31E-7
9.42E-7
5.32E-7
4.1E-7
2.5093E-5
5.18E-7
1.321E-6
3.47E-7
3.41E-7
2.3407E-5
4.19E-7
2.4668E-5
4.64E-7
1.2353E-5
5.279E-6
3.46E-7
4.69E-6
1.2782E-5
5.89E-7
2.2422E-5
2.4178E-5
2.627E-6
3.69E-7
5.3E-7
9.65E-7
2.2066E-5
3.76E-7
6.85E-7
6.15E-7
3.99E-7
3.93E-7
2.3493E-5
