3.165E-6
7.77E-7
7.45E-7
8.38E-7
1.05E-6
8.44E-7
7.24E-7
1.24E-6
5.2661E-5
9.66E-7
7.65E-7
8.26E-7
5.78E-7
7.83E-7
8.38E-7
9.03E-7
7.3E-7
6.89E-7
2.6313E-5
8.81E-7
7.63E-7
7.56E-7
9.39E-7
6.66E-7
6.56E-7
7.13E-7
5.96E-7
9.63E-7
8.49E-7
7.82E-7
9.09E-7
9.12E-7
9.21E-7
6.63E-7
7.21E-7
8.21E-7
6.36E-7
7.61E-7
7.91E-7
5.85E-7
5.08E-7
6.68E-7
6.02E-7
6.27E-7
5.44E-7
6.45E-7
5.82E-7
9.81E-7
1.9855E-5
2.027E-6
8.54E-7
7.51E-7
5.86E-7
4.85E-7
7.03E-7
7.79E-7
1.227E-6
7.12E-7
9.03E-7
6.17E-7
5.28E-7
5.5E-7
7.53E-7
6.86E-7
5.49E-7
6.43E-7
7.33E-7
7.39E-7
6.28E-7
8.13E-7
4.29E-7
5.63E-7
6.43E-7
6.84E-7
4.594E-6
1.02E-6
6.04E-7
5.35E-7
5.73E-7
8.09E-7
7.85E-7
5.96E-7
4.72E-7
7.11E-7
7.32E-7
1.087E-6
4.38E-7
6.54E-7
9.04E-7
6.13E-7
4.91E-7
5.42E-7
5.53E-7
6.06E-7
6.98E-7
6.45E-7
6.39E-7
4.85E-7
6.99E-7
8.64E-7
5.57E-7
6.98E-7
5.05E-7
5.37E-7
4.58E-7
8.04E-7
5.84E-7
6.84E-7
6.25E-7
7.89E-7
6.84E-7
7.48E-7
5.67E-7
8.23E-7
6.84E-7
5.74E-7
8.05E-7
8.67E-7
4.72E-7
5.9E-7
6.53E-7
5.62E-7
7.05E-7
7.91E-7
8.17E-7
6.56E-7
5.66E-7
7.38E-7
6.32E-7
7.15E-7
8.88E-7
7.54E-7
6.33E-7
7.39E-7
7.73E-7
7.07E-7
5.88E-7
6.44E-7
7.25E-7
5.21E-7
6.54E-7
5.54E-7
6.96E-7
1.005E-6
5.6E-7
8.78E-7
7.8E-7
5.28E-7
8.32E-7
8.35E-7
4.98E-7
6.41E-7
6.89E-7
6.56E-7
6.08E-7
6.18E-7
6.07E-7
7.03E-7
5.25E-7
5.55E-7
8.65E-7
5.48E-7
6.81E-7
5.56E-7
7.35E-7
6.77E-7
5.05E-7
6.27E-7
7.35E-7
6.38E-7
6.77E-7
6.26E-7
4.76E-7
5.32E-7
8.52E-7
6.28E-7
9.11E-7
6.17E-7
6.05E-7
8.6E-7
5.18E-7
6.23E-7
8.64E-7
5.68E-7
5.58E-7
6.02E-7
9.96E-7
6.74E-7
5.79E-7
1.261E-6
5.46E-7
8.07E-7
6.25E-7
7.04E-7
6.52E-7
5.43E-7
5.55E-7
8.09E-7
1.17E-6
5.92E-7
5.27E-7
7.5E-7
6.96E-7
6.93E-7
8.27E-7
1.337E-6
5.65E-7
6.83E-7
8.14E-7
9.05E-7
8.64E-7
6.63E-7
5.73E-7
9.62E-7
5.7E-7
6.86E-7
6.79E-7
7.93E-7
5.65E-7
8.21E-7
5.2E-7
8.77E-7
5.73E-7
7.98E-7
5.78E-7
7.41E-7
6.84E-7
5.15E-7
7.87E-7
8.11E-7
9.36E-7
6.71E-7
5.22E-7
8.16E-7
5.75E-7
6.38E-7
1.153E-6
9.69E-7
2.8201E-5
1.154E-6
8.2E-7
7.88E-7
1.103E-6
7.4E-7
7.59E-7
7.25E-7
6.82E-7
7.77E-7
8.21E-7
5.41E-7
7.22E-7
5.39E-7
5.87E-7
5.91E-7
8.07E-7
7.13E-7
1.078E-6
2.122E-6
8.48E-7
8.98E-7
7.9E-7
1.001E-6
6.02E-7
6.31E-7
5.69E-7
7.45E-7
8.11E-7
9.68E-7
7.67E-7
8.04E-7
7.57E-7
9.51E-7
6.14E-7
6.77E-7
6.3E-7
8.28E-7
8.46E-7
1.08E-6
1.044E-6
7.03E-7
8.13E-7
7.45E-7
5.64E-7
7.0E-7
7.28E-7
5.95E-7
8.12E-7
8.44E-7
5.71E-7
1.102E-6
7.4E-7
7.87E-7
5.37E-7
1.107E-6
7.58E-7
7.3E-7
5.95E-7
6.53E-7
6.43E-7
7.19E-7
6.03E-7
7.78E-7
1.214E-6
7.03E-7
5.44E-7
5.96E-7
7.24E-7
5.56E-7
6.95E-7
6.37E-7
5.93E-7
5.87E-7
5.34E-7
6.49E-7
7.37E-7
7.04E-7
5.87E-7
8.14E-7
8.49E-7
7.12E-7
6.75E-7
7.62E-7
8.16E-7
6.03E-7
8.18E-7
9.75E-7
5.45E-7
6.97E-7
6.44E-7
6.26E-7
6.41E-7
5.39E-7
9.47E-7
9.22E-7
1.047E-6
9.26E-7
8.35E-7
6.06E-7
6.57E-7
6.34E-7
8.35E-7
6.45E-7
8.11E-7
7.44E-7
6.77E-7
7.85E-7
9.3E-7
5.67E-7
9.56E-7
1.124E-6
9.1E-7
5.8E-7
6.81E-7
7.74E-7
5.13E-7
5.65E-7
7.25E-7
9.26E-7
9.74E-7
4.95E-7
6.9E-7
6.1E-7
7.06E-7
6.16E-7
5.75E-7
8.56E-7
1.279E-6
7.89E-7
6.04E-7
9.95E-7
6.11E-7
9.72E-7
7.4E-7
7.29E-7
7.01E-7
5.34E-7
9.21E-7
7.95E-7
6.85E-7
8.8E-7
9.11E-7
5.67E-7
1.063E-6
8.21E-7
9.96E-7
7.03E-7
7.75E-7
6.93E-7
6.68E-7
9.21E-7
6.32E-7
6.95E-7
6.31E-7
5.64E-7
1.272E-6
9.43E-7
7.96E-7
9.02E-7
9.42E-7
6.63E-7
6.74E-7
9.57E-7
6.96E-7
7.55E-7
5.67E-7
8.18E-7
7.52E-7
7.34E-7
1.38E-6
5.89E-7
6.11E-7
7.14E-7
5.43E-7
1.223E-6
7.61E-7
6.59E-7
1.014E-6
8.63E-7
8.41E-7
1.576E-6
1.245E-6
7.35E-7
5.3E-7
6.81E-7
7.11E-7
7.04E-7
5.74E-7
6.33E-7
5.9E-7
6.65E-7
8.37E-7
7.65E-7
7.49E-7
6.55E-7
1.075E-6
6.6E-7
1.177E-6
6.83E-7
7.34E-7
6.17E-7
7.05E-7
7.37E-7
6.42E-7
9.2E-7
6.47E-7
8.02E-7
8.32E-7
7.5E-7
6.89E-7
7.46E-7
8.09E-7
1.097E-6
7.06E-7
8.07E-7
8.21E-7
5.54E-7
6.41E-7
1.926E-6
6.05E-7
9.61E-7
5.36E-7
7.31E-7
5.81E-7
7.64E-7
8.2E-7
5.84E-7
6.03E-7
7.77E-7
6.09E-7
8.98E-7
5.62E-7
8.57E-7
8.36E-7
1.312E-6
7.18E-7
5.53E-7
7.88E-7
7.3E-7
6.51E-7
5.98E-7
8.21E-7
6.89E-7
5.03E-7
5.91E-7
6.41E-7
7.62E-7
6.56E-7
6.47E-7
5.92E-7
7.29E-7
9.88E-7
6.75E-7
5.56E-7
1.345E-6
6.06E-7
5.32E-7
6.62E-7
6.01E-7
4.94E-7
7.73E-7
6.66E-7
7.85E-7
1.399E-6
1.311E-6
7.82E-7
7.08E-7
6.52E-7
5.89E-7
1.268E-6
6.57E-7
3.175E-6
5.63E-7
6.41E-7
8.81E-7
6.64E-7
1.082E-6
1.431E-6
5.43E-7
6.51E-7
1.17E-6
8.3E-7
6.75E-7
3.85E-7
4.68E-7
6.52E-7
3.24E-7
4.81E-7
3.87E-7
3.95E-7
3.69E-7
3.49E-7
9.64E-7
4.92E-7
5.2E-7
4.01E-7
5.01E-7
4.98E-7
4.1E-7
5.65E-7
4.65E-7
3.55E-7
3.89E-7
4.61E-7
3.42E-7
4.9E-7
4.05E-7
8.39E-7
5.03E-7
3.2E-7
9.06E-7
4.68E-7
3.55E-7
4.44E-7
3.2E-7
3.56E-7
4.42E-7
5.52E-7
5.13E-7
5.02E-7
3.44E-7
2.97E-7
8.29E-7
5.49E-7
8.56E-7
4.66E-7
4.23E-7
4.66E-7
4.82E-7
3.72E-7
4.78E-7
4.96E-7
4.62E-7
8.9E-7
4.9E-7
3.92E-7
4.4E-7
3.65E-7
7.64E-7
4.55E-7
3.06E-7
4.18E-7
3.9E-7
4.28E-7
4.03E-7
7.69E-7
4.14E-7
2.96E-7
3.44E-7
6.19E-7
3.23E-7
1.29E-6
1.17E-6
9.12E-7
3.0E-7
4.32E-7
3.52E-7
5.08E-7
7.79E-7
4.31E-7
6.45E-7
3.78E-7
5.88E-7
1.037E-6
3.72E-7
4.97E-7
3.46E-7
4.32E-7
3.59E-7
4.66E-7
3.74E-7
4.61E-7
3.82E-7
3.08E-7
5.01E-7
5.39E-7
3.4E-7
5.42E-7
6.24E-7
4.99E-7
5.54E-7
4.08E-7
5.44E-7
4.76E-7
3.31E-7
3.25E-7
6.21E-7
3.17E-7
3.83E-7
4.07E-7
3.26E-7
3.0E-7
3.1E-7
4.0E-7
1.149E-6
1.378E-6
3.1E-7
4.8E-7
3.01E-7
1.013E-6
3.31E-7
3.17E-7
3.87E-7
4.5E-7
4.25E-7
4.01E-7
4.62E-7
9.9E-7
5.08E-7
3.2E-7
4.44E-7
4.07E-7
3.79E-7
1.275E-6
6.57E-7
8.48E-7
4.17E-7
5.11E-7
4.54E-7
1.291E-6
3.58E-7
5.2E-7
6.22E-7
3.08E-7
6.22E-7
4.15E-7
4.24E-7
3.92E-7
5.53E-7
3.28E-7
3.01E-7
4.4E-7
3.4E-7
4.66E-7
4.51E-7
3.04E-7
1.34E-6
4.04E-7
4.07E-7
3.44E-7
1.191E-6
3.43E-7
2.99E-7
5.0E-7
4.63E-7
3.88E-7
3.68E-7
3.6E-7
4.28E-7
4.4E-7
6.73E-7
3.44E-7
5.52E-7
5.45E-7
4.7E-7
3.87E-7
3.62E-7
1.261E-6
4.9E-7
5.3E-7
3.31E-7
3.31E-7
5.6E-7
5.52E-7
5.85E-7
4.08E-7
4.12E-7
5.51E-7
3.4E-7
3.32E-7
5.5E-7
4.08E-7
3.22E-7
3.71E-7
9.89E-7
5.63E-7
3.04E-7
1.14E-6
3.31E-7
4.11E-7
1.052E-6
4.53E-7
3.15E-7
4.06E-7
3.27E-7
3.58E-7
4.97E-7
6.04E-7
5.05E-7
3.72E-7
4.28E-7
7.0E-7
3.21E-7
4.27E-7
6.54E-7
4.42E-7
5.23E-7
3.22E-7
3.56E-7
2.95E-7
3.77E-7
2.98E-7
3.56E-7
3.37E-7
1.281E-6
3.09E-7
4.47E-7
5.7E-7
3.18E-7
2.88E-7
4.67E-7
5.79E-7
3.68E-7
4.1E-7
3.26E-7
3.99E-7
4.23E-7
3.23E-7
1.194E-6
4.29E-7
4.02E-7
5.56E-7
3.68E-7
4.67E-7
5.2E-7
5.14E-7
3.58E-7
3.04E-7
4.26E-7
3.97E-7
4.26E-7
3.58E-7
4.95E-7
2.87E-7
3.27E-7
6.12E-7
5.42E-7
4.14E-7
1.512E-6
3.37E-7
4.66E-7
5.2E-7
4.46E-7
3.35E-7
4.1E-7
3.2E-7
3.4E-7
3.02E-7
3.14E-7
4.17E-7
4.15E-7
8.09E-7
3.18E-7
3.11E-7
4.2E-7
4.03E-7
4.08E-7
4.36E-7
1.155E-6
3.74E-7
3.7E-7
3.79E-7
1.164E-6
3.28E-7
4.33E-7
3.4E-7
3.24E-7
5.53E-7
4.87E-7
4.25E-7
6.99E-7
1.164E-6
3.25E-7
5.28E-7
4.41E-7
3.79E-7
5.69E-7
8.24E-7
3.57E-7
5.25E-7
3.62E-7
3.77E-7
4.13E-7
4.44E-7
2.86E-7
1.061E-6
1.151E-6
3.11E-7
5.6E-7
3.9E-7
5.24E-7
4.21E-7
6.46E-7
3.76E-7
3.7E-7
4.0E-7
5.34E-7
3.8E-7
3.35E-7
3.01E-7
4.12E-7
3.07E-7
3.97E-7
3.05E-7
3.32E-7
1.241E-6
6.26E-7
5.25E-7
3.41E-7
3.65E-7
4.48E-7
4.53E-7
6.93E-7
3.11E-7
1.092E-6
3.07E-7
3.38E-7
4.87E-7
3.32E-7
6.16E-7
2.88E-7
4.27E-7
2.95E-7
4.74E-7
3.45E-7
5.97E-7
3.16E-7
3.01E-7
8.87E-7
3.57E-7
3.29E-7
3.17E-7
1.22E-6
8.49E-7
3.99E-7
3.28E-7
6.27E-7
4.42E-7
4.69E-7
3.98E-7
6.16E-7
4.88E-7
3.17E-7
1.171E-6
4.27E-7
6.63E-7
3.43E-7
3.06E-7
4.97E-7
3.28E-7
4.43E-7
7.93E-7
3.26E-7
3.64E-7
4.56E-7
4.56E-7
4.41E-7
3.46E-7
4.38E-7
4.42E-7
3.28E-7
3.35E-7
1.18E-6
6.63E-7
3.32E-7
3.56E-7
3.39E-7
3.21E-7
5.31E-7
4.96E-7
1.051E-6
3.87E-7
4.37E-7
3.65E-7
6.61E-7
3.16E-7
1.402E-6
3.44E-7
3.85E-7
3.72E-7
3.15E-7
9.57E-7
3.22E-7
4.06E-7
3.09E-7
6.49E-7
3.03E-7
3.21E-7
3.51E-7
4.46E-7
3.03E-7
4.07E-7
1.454E-6
3.16E-7
1.51E-6
3.05E-7
4.38E-7
1.429E-6
3.22E-7
5.18E-7
5.09E-7
4.94E-7
3.91E-7
3.49E-7
9.95E-7
6.21E-7
3.84E-7
3.42E-7
3.72E-7
4.1E-7
6.3E-7
3.15E-7
4.78E-7
9.96E-7
3.04E-7
5.2E-7
3.29E-7
4.25E-7
1.044E-6
3.12E-7
5.12E-7
5.38E-7
3.23E-7
2.99E-7
1.217E-6
3.35E-7
5.66E-7
3.15E-7
2.97E-7
4.44E-7
1.046E-6
2.98E-7
7.85E-7
5.39E-7
2.97E-7
2.94E-7
7.24E-7
5.0E-7
3.18E-7
6.01E-7
4.04E-7
6.13E-7
1.156E-6
3.52E-7
3.28E-7
2.92E-7
4.8E-7
3.24E-7
3.64E-7
4.53E-7
3.38E-7
4.74E-7
1.241E-6
3.56E-7
5.1E-7
1.497E-6
3.57E-7
3.78E-7
9.14E-7
7.08E-7
3.12E-7
4.78E-7
3.07E-7
3.28E-7
4.23E-7
3.67E-7
1.444E-6
5.99E-7
4.96E-7
1.598E-6
3.27E-7
4.62E-7
3.66E-7
1.098E-6
3.17E-7
7.16E-7
1.131E-6
2.99E-7
4.74E-7
3.24E-7
5.38E-7
5.25E-7
3.2E-7
3.57E-7
1.323E-6
3.74E-7
6.64E-7
5.82E-7
4.04E-7
4.03E-7
4.32E-7
3.42E-7
2.84E-7
4.0E-7
1.756E-6
4.22E-7
1.387E-6
4.02E-7
1.414E-6
3.85E-7
4.39E-7
4.86E-7
2.81E-7
4.1E-7
3.57E-7
4.71E-7
3.5E-7
9.42E-7
2.93E-7
4.24E-7
4.81E-7
4.95E-7
9.1E-7
4.32E-7
6.82E-7
3.1E-7
3.28E-7
3.91E-7
3.08E-7
3.7E-7
1.387E-6
3.01E-7
3.81E-7
5.93E-7
1.28E-6
3.22E-7
1.333E-6
6.71E-7
3.55E-7
1.419E-6
3.87E-7
9.84E-7
1.08E-6
9.35E-7
5.16E-7
4.4E-7
9.68E-7
1.422E-6
3.97E-7
3.48E-7
4.98E-7
3.4E-7
1.144E-6
3.34E-7
3.7E-7
5.25E-7
3.57E-7
3.88E-7
2.94E-7
1.446E-6
3.43E-7
4.69E-7
1.648E-6
3.23E-7
5.39E-7
9.56E-7
3.0E-7
9.65E-7
3.98E-7
3.094E-6
4.76E-7
9.56E-7
4.54E-7
4.35E-7
3.19E-7
3.28E-7
4.97E-7
3.3E-7
3.22E-7
5.35E-7
3.03E-7
3.45E-7
5.68E-7
3.13E-7
2.95E-7
4.21E-7
1.352E-6
3.24E-7
4.03E-7
6.83E-7
2.96E-7
1.079E-6
2.99E-7
3.96E-7
1.067E-6
3.16E-7
3.75E-7
2.91E-7
5.03E-7
4.15E-7
3.93E-7
7.03E-7
3.31E-7
1.081E-6
1.557E-6
1.167E-6
3.05E-7
1.002E-6
4.4E-7
9.61E-7
3.28E-7
4.1E-7
3.38E-7
3.61E-7
4.35E-7
1.514E-6
3.05E-7
3.78E-7
1.561E-6
3.39E-7
3.9E-7
4.59E-7
3.59E-7
9.07E-7
3.5E-7
9.12E-7
2.91E-7
3.63E-7
1.65E-6
3.86E-7
6.84E-7
3.67E-7
4.22E-7
1.227E-6
4.11E-7
1.099E-6
1.21E-6
9.63E-7
4.75E-7
1.687E-6
3.19E-7
3.76E-7
4.62E-7
1.509E-6
3.42E-7
1.489E-6
3.01E-7
4.3E-7
3.94E-7
5.16E-7
3.23E-7
1.565E-6
4.22E-7
4.5E-7
7.34E-7
1.73E-6
3.29E-7
4.3E-7
4.22E-7
3.72E-7
5.14E-7
1.334E-6
3.29E-7
4.07E-7
3.44E-7
3.48E-7
4.76E-7
3.25E-7
4.39E-7
3.19E-7
1.842E-6
1.145E-6
4.18E-7
3.03E-7
1.494E-6
3.35E-7
5.19E-7
3.67E-7
4.43E-7
1.265E-6
3.3E-7
5.04E-7
1.235E-6
3.47E-7
3.15E-7
5.14E-7
3.48E-7
1.637E-6
3.41E-7
2.804E-6
3.17E-7
1.911E-6
3.83E-7
1.629E-6
4.2E-7
3.01E-7
6.17E-7
4.61E-7
5.5E-7
4.56E-7
2.82E-7
4.19E-7
4.04E-7
2.99E-7
1.405E-6
3.45E-7
2.92E-7
8.12E-7
3.98E-7
7.11E-7
6.48E-7
2.011E-6
4.57E-7
3.24E-7
5.75E-7
3.31E-7
4.48E-7
4.73E-7
2.95E-7
1.022E-6
1.137E-6
7.49E-7
6.92E-7
3.58E-7
6.56E-7
5.31E-7
4.17E-7
5.74E-7
3.33E-7
4.64E-7
3.09E-7
4.64E-7
4.42E-7
2.99E-7
3.34E-7
4.15E-7
4.42E-7
3.32E-7
1.186E-6
5.19E-7
4.6E-7
4.3E-7
3.21E-7
3.29E-7
7.44E-7
1.117E-6
3.21E-7
3.49E-7
4.9E-7
3.42E-7
4.36E-7
6.84E-7
1.861E-6
3.62E-7
3.04E-7
1.557E-6
3.27E-7
1.304E-6
4.88E-7
4.11E-7
1.194E-6
3.46E-7
3.63E-7
4.57E-7
3.05E-7
1.578E-6
3.01E-7
3.41E-7
5.65E-7
2.94E-7
2.91E-7
3.82E-7
1.005E-6
1.02E-6
3.21E-7
6.45E-7
2.83E-7
1.714E-6
4.27E-7
3.18E-7
1.344E-6
3.11E-7
1.331E-6
3.4E-7
1.525E-6
3.17E-7
3.73E-7
8.42E-7
5.0E-7
6.6E-7
3.28E-7
1.005E-6
3.17E-7
4.32E-7
3.95E-7
3.16E-7
1.332E-6
3.2E-7
2.047E-6
7.45E-7
3.28E-7
3.4E-7
4.33E-7
1.066E-6
4.85E-7
3.28E-7
1.192E-6
3.14E-7
3.61E-7
6.61E-7
3.46E-7
5.51E-7
3.09E-7
1.519E-6
4.21E-7
1.036E-6
5.41E-7
3.97E-7
4.02E-7
4.94E-7
4.33E-7
3.76E-7
9.64E-7
3.66E-7
6.96E-7
6.56E-7
5.0E-7
3.25E-7
3.15E-7
1.396E-6
3.05E-7
4.65E-7
6.75E-7
1.412E-6
1.206E-6
3.32E-7
1.047E-6
3.65E-7
1.424E-6
3.15E-7
1.609E-6
3.81E-7
5.06E-7
4.43E-7
3.47E-7
2.87E-7
1.386E-6
4.57E-7
2.93E-7
5.1E-7
2.99E-7
2.89E-7
1.236E-6
3.15E-7
2.95E-7
1.428E-6
3.15E-7
3.1E-7
3.53E-7
2.88E-7
3.54E-7
1.19E-6
4.84E-7
2.61E-7
1.354E-6
3.44E-7
3.51E-7
1.657E-6
3.51E-7
3.16E-7
3.09E-7
1.432E-6
1.334E-6
4.94E-7
3.95E-7
4.38E-7
3.21E-7
1.273E-6
3.19E-7
3.01E-7
5.6E-7
9.08E-7
4.27E-7
9.44E-7
4.29E-7
1.471E-6
3.06E-7
1.467E-6
2.96E-7
4.87E-7
3.2E-7
1.19E-6
4.18E-7
6.51E-7
4.35E-7
6.48E-7
3.85E-7
1.249E-6
3.16E-7
4.64E-7
1.565E-6
4.83E-7
5.0E-7
4.89E-7
3.83E-7
3.36E-7
4.32E-7
2.94E-7
9.18E-7
2.86E-7
3.14E-7
4.84E-7
3.39E-7
2.87E-7
4.22E-7
3.81E-7
1.251E-6
3.31E-7
1.894E-6
3.52E-7
5.15E-7
3.01E-7
3.05E-7
1.999E-6
3.17E-7
3.27E-7
6.95E-7
3.16E-7
3.62E-7
3.65E-7
1.713E-6
3.23E-7
3.73E-7
2.77E-7
3.35E-7
2.67E-7
1.472E-6
3.97E-7
1.398E-6
1.367E-6
5.88E-7
3.23E-7
2.97E-7
4.12E-7
5.1E-7
8.23E-7
2.043E-6
3.34E-7
4.54E-7
3.94E-7
2.96E-7
3.07E-7
1.472E-6
3.24E-7
9.72E-7
3.21E-7
3.13E-7
1.855E-6
3.19E-7
4.28E-7
6.38E-7
4.88E-7
3.36E-7
1.158E-6
6.33E-7
4.59E-7
8.76E-7
1.407E-6
3.04E-7
4.02E-7
9.46E-7
3.11E-7
8.05E-7
3.26E-7
3.58E-7
5.47E-7
5.0E-7
4.07E-7
1.22E-6
3.33E-7
2.03E-6
1.692E-6
2.048E-6
4.38E-7
4.1E-7
1.431E-6
3.44E-7
3.66E-7
4.79E-7
3.47E-7
1.599E-6
3.6E-7
3.7E-7
4.51E-7
3.42E-7
1.119E-6
3.22E-7
3.5E-7
9.31E-7
4.36E-7
4.95E-7
3.86E-7
5.21E-7
5.57E-7
5.72E-7
1.276E-6
3.29E-7
2.067E-6
4.96E-7
3.78E-7
3.04E-7
2.061E-6
4.76E-7
7.25E-7
3.32E-7
2.014E-6
3.82E-7
1.385E-6
3.92E-7
4.31E-7
1.762E-6
3.12E-7
3.28E-7
5.6E-7
3.28E-7
3.52E-7
4.48E-7
3.84E-7
3.33E-7
7.29E-7
6.86E-7
3.53E-7
5.29E-7
6.66E-7
3.72E-7
4.49E-7
3.71E-7
5.91E-7
4.19E-7
3.18E-7
2.84E-7
1.788E-6
3.02E-7
4.5E-7
6.14E-7
1.577E-6
3.07E-7
4.77E-7
3.06E-7
3.63E-7
7.73E-7
3.0E-7
1.579E-6
3.56E-7
3.84E-7
3.6E-7
3.41E-7
4.36E-7
3.48E-7
3.1E-7
5.08E-7
2.99E-7
4.9E-7
3.02E-7
1.546E-6
3.21E-7
5.55E-7
5.44E-7
3.09E-7
2.437E-6
2.17E-6
3.74E-7
1.429E-6
3.28E-7
3.89E-7
2.88E-7
1.101E-6
3.11E-7
1.227E-6
2.92E-7
8.62E-7
1.679E-6
1.932E-6
4.07E-7
3.68E-7
2.85E-7
2.8E-7
4.26E-7
4.82E-7
3.29E-7
7.99E-7
5.58E-7
4.49E-7
3.67E-7
5.36E-7
3.99E-7
3.02E-7
3.89E-7
4.54E-7
3.39E-7
4.48E-7
3.38E-7
4.47E-7
2.83E-7
1.77E-6
3.02E-7
3.71E-7
2.177E-6
3.24E-7
3.11E-7
5.32E-7
4.34E-7
3.06E-7
3.83E-7
3.88E-7
3.56E-7
4.35E-7
3.31E-7
3.88E-7
3.01E-7
2.9E-7
3.58E-7
1.453E-6
3.24E-7
4.82E-7
6.34E-7
3.32E-7
4.13E-7
7.27E-7
2.045E-6
4.22E-7
5.81E-7
3.15E-7
3.25E-7
3.158E-6
1.173E-6
2.96E-7
3.27E-7
6.98E-7
1.85E-6
3.43E-7
3.44E-7
2.069E-6
1.148E-6
3.12E-7
4.81E-7
9.67E-7
3.5E-7
3.34E-7
4.05E-7
9.03E-7
3.22E-7
2.02E-6
4.05E-7
6.56E-7
7.93E-7
6.54E-7
2.346E-6
4.77E-7
5.031E-6
8.23E-7
2.669E-6
6.8E-7
6.96E-7
6.14E-7
5.093E-6
7.46E-7
5.96E-7
3.53E-7
3.646E-6
3.83E-7
9.07E-7
3.69E-7
5.04E-7
5.18E-7
7.31E-7
3.99E-7
4.45E-7
5.16E-7
7.21E-7
3.422E-6
1.604E-6
3.09E-7
3.11E-7
2.55E-6
2.938E-6
4.25E-7
3.35E-7
4.59E-7
2.221E-6
3.29E-7
4.77E-7
3.64E-7
4.37E-6
3.21E-7
3.25E-7
4.48E-7
3.1E-7
3.08E-7
1.027E-6
3.639E-6
3.68E-7
1.274E-6
5.38E-7
5.39E-7
1.531E-6
4.29E-7
4.42E-7
5.93E-7
5.72E-7
3.17E-7
1.692E-6
5.5E-6
3.56E-7
9.33E-7
4.62E-7
6.54E-7
3.41E-7
4.72E-7
4.46E-7
5.36E-7
3.43E-7
2.67E-6
3.41E-7
3.56E-7
6.89E-7
3.75E-7
4.83E-7
3.3E-7
3.66E-7
3.82E-7
1.307E-6
5.32E-7
7.09E-7
3.41E-7
2.99E-7
6.81E-7
4.8E-7
3.59E-7
3.02E-7
1.755E-6
1.927E-6
3.673E-6
3.31E-7
3.33E-6
1.577E-6
3.62E-7
1.387E-6
3.14E-7
1.223E-6
3.2E-7
5.36E-7
1.701E-6
1.329E-6
3.37E-7
9.66E-7
7.87E-7
3.13E-7
4.3E-7
9.07E-7
3.05E-7
5.16E-7
3.02E-7
3.94E-7
4.625E-6
3.53E-7
3.75E-7
9.81E-7
2.519E-6
3.22E-7
3.66E-7
1.554E-6
3.3E-7
3.07E-7
2.948E-6
3.27E-7
3.05E-7
4.8E-7
3.4E-7
3.41E-7
3.45E-7
4.49E-7
1.054E-6
3.49E-7
3.384E-6
2.96E-7
2.1E-6
3.35E-7
1.374E-6
3.44E-7
1.444E-6
1.389E-6
3.22E-7
3.01E-7
5.23E-7
3.06E-7
4.5E-7
1.848E-6
3.38E-7
4.91E-7
1.586E-6
3.4E-7
5.18E-7
6.7E-7
3.09E-7
3.08E-7
3.52E-7
4.89E-7
5.63E-7
2.056E-6
5.08E-7
3.19E-7
3.11E-7
3.0E-7
4.57E-7
1.549E-6
4.35E-7
3.18E-7
5.35E-7
3.71E-7
1.3E-6
3.435E-6
3.66E-7
2.854E-6
4.18E-7
2.82E-7
3.38E-7
1.232E-6
1.443E-6
3.48E-7
1.967E-6
3.24E-7
2.119E-6
3.12E-7
3.38E-7
4.5E-7
3.29E-7
3.18E-7
4.61E-7
4.19E-7
2.04E-6
4.02E-7
8.04E-7
3.61E-7
2.833E-6
3.25E-7
8.43E-7
2.95E-7
3.6E-7
3.66E-7
3.24E-7
4.29E-7
3.29E-7
3.77E-7
1.699E-6
3.22E-7
4.56E-7
3.73E-7
3.0E-7
3.75E-7
4.49E-7
4.18E-7
5.25E-7
3.24E-7
5.75E-7
3.02E-7
3.16E-7
3.08E-7
7.01E-7
3.16E-7
3.0E-7
3.74E-7
3.1E-7
1.997E-6
4.27E-7
3.959E-6
4.62E-7
3.44E-7
4.21E-7
3.02E-7
4.548E-6
3.2E-7
8.27E-7
3.36E-7
3.68E-7
6.88E-7
2.76E-7
4.06E-7
3.44E-7
3.281E-6
3.34E-7
2.92E-7
5.946E-6
4.64E-7
2.8E-7
1.659E-6
4.8E-7
3.65E-7
4.21E-7
6.38E-7
5.07E-7
3.37E-7
3.04E-7
4.11E-7
3.08E-7
3.2E-7
4.99E-7
2.99E-7
3.45E-7
3.76E-7
1.263E-6
4.86E-7
3.74E-7
3.35E-7
4.37E-7
3.67E-7
7.46E-7
3.2E-7
3.06E-7
4.57E-7
3.017E-6
1.886E-6
3.35E-7
2.687E-6
5.43E-7
6.24E-7
3.53E-7
2.302E-6
5.3E-7
4.46E-7
4.46E-7
5.86E-7
3.11E-7
3.57E-7
4.923E-6
3.07E-7
4.03E-7
1.656E-6
3.2E-7
3.28E-7
6.113E-6
3.807E-6
3.17E-7
2.868E-6
3.15E-7
2.87E-7
1.027E-6
1.364E-6
3.53E-7
5.183E-6
2.214E-6
4.38E-7
2.286E-6
3.82E-7
6.949E-6
3.71E-7
7.75E-7
3.05E-7
3.73E-7
4.86E-7
5.97E-7
3.22E-7
3.22E-7
1.149E-6
3.44E-7
4.02E-7
6.611E-6
4.23E-7
4.629E-6
3.07E-7
8.847E-6
4.86E-7
3.42E-7
4.66E-7
5.23E-7
3.62E-7
5.86E-7
5.338E-6
3.49E-7
1.964E-6
3.31E-7
1.417E-6
1.427E-6
3.31E-7
3.35E-7
4.8E-7
5.86E-7
7.01E-7
3.55E-7
3.62E-7
3.07E-7
8.09E-7
3.43E-7
3.51E-7
4.74E-7
2.99E-7
1.362E-6
3.03E-7
6.56E-7
3.66E-7
3.02E-7
1.875E-6
2.84E-7
3.75E-7
7.162E-6
1.137E-6
7.538E-6
4.23E-7
1.407E-6
3.48E-7
7.87E-7
5.73E-7
3.79E-7
6.99E-7
3.92E-7
8.03E-7
1.042E-6
5.97E-7
