3.623E-6
1.009E-6
5.77E-7
1.074E-6
4.52E-7
6.23E-7
6.73E-7
9.93E-7
1.014E-6
6.05E-7
6.58E-7
5.87E-7
6.79E-7
5.71E-7
5.4E-7
3.61E-7
4.21E-7
3.34E-7
1.008E-6
4.5E-7
3.86E-7
5.04E-7
3.67E-7
3.19E-7
3.2E-7
3.96E-7
2.93E-7
3.74E-7
3.41E-7
3.28E-7
3.98E-7
3.52E-7
3.87E-7
3.26E-7
3.05E-7
3.97E-7
2.97E-7
3.11E-7
3.61E-7
2.86E-7
2.6E-7
4.08E-7
2.68E-7
3.31E-7
3.15E-7
3.03E-7
2.98E-7
3.14E-7
5.26E-7
3.29E-7
2.84E-7
3.19E-7
2.77E-7
2.39E-7
3.23E-7
2.58E-7
4.4E-7
3.23E-7
3.96E-7
3.78E-7
3.1E-7
2.93E-7
4.04E-7
3.34E-7
3.07E-7
3.17E-7
4.11E-7
3.4E-7
3.67E-7
3.3E-7
3.04E-7
2.83E-7
3.46E-7
3.58E-7
2.47E-7
4.32E-7
4.01E-7
2.61E-7
2.75E-7
3.2E-7
3.46E-7
2.38E-7
2.74E-7
4.44E-7
3.05E-7
3.79E-7
2.61E-7
3.15E-7
3.42E-7
2.6E-7
2.89E-7
2.57E-7
3.51E-7
3.16E-7
3.17E-7
2.69E-7
3.32E-7
2.58E-7
2.89E-7
3.17E-7
2.66E-7
2.84E-7
2.29E-7
2.54E-7
3.0E-7
3.55E-7
2.81E-7
3.34E-7
4.29E-7
3.47E-7
2.72E-7
2.98E-7
3.48E-7
3.42E-7
2.72E-7
2.89E-7
3.53E-7
4.56E-7
2.6E-7
3.21E-7
2.99E-7
3.12E-7
3.13E-7
3.72E-7
5.26E-7
3.34E-7
3.19E-7
3.63E-7
3.15E-7
3.51E-7
3.32E-7
3.11E-7
2.48E-7
3.18E-7
3.55E-7
3.85E-7
3.79E-7
3.35E-7
3.51E-7
4.34E-7
4.04E-7
3.25E-7
2.86E-7
3.95E-7
3.38E-7
4.5E-7
4.74E-7
2.8E-7
3.2E-7
3.52E-7
2.81E-7
4.6E-7
3.44E-7
3.22E-7
2.89E-7
3.38E-7
2.77E-7
3.61E-7
4.12E-7
2.76E-7
3.85E-7
3.12E-7
3.6E-7
3.15E-7
3.28E-7
4.34E-7
2.84E-7
3.71E-7
4.37E-7
2.82E-7
3.85E-7
3.21E-7
3.37E-7
3.11E-7
3.29E-7
3.19E-7
4.22E-7
4.01E-7
2.67E-7
3.89E-7
2.77E-7
3.36E-7
3.95E-7
2.93E-7
2.99E-7
3.31E-7
4.22E-7
4.07E-7
3.31E-7
5.08E-7
2.79E-7
4.35E-7
3.28E-7
3.05E-7
3.95E-7
2.78E-7
2.97E-7
4.01E-7
5.62E-7
4.57E-7
2.59E-7
4.56E-7
3.23E-7
3.03E-7
3.33E-7
5.65E-7
3.11E-7
2.59E-7
4.37E-7
4.05E-7
4.99E-7
3.3E-7
2.9E-7
3.9E-7
2.73E-7
3.65E-7
3.38E-7
3.51E-7
2.686E-6
3.78E-7
2.67E-7
4.05E-7
2.77E-7
3.66E-7
2.76E-7
2.8E-7
3.39E-7
2.6E-7
3.47E-7
2.98E-7
4.45E-7
3.59E-7
2.67E-7
4.52E-7
2.67E-7
3.65E-7
5.2E-7
8.82E-7
4.96E-7
3.9E-7
2.82E-7
3.65E-7
6.47E-7
3.61E-7
4.46E-7
2.98E-7
3.92E-7
3.24E-7
4.67E-7
2.69E-7
3.51E-7
2.76E-7
2.64E-7
3.4E-7
3.47E-7
3.25E-7
5.01E-7
3.73E-7
1.02E-6
4.71E-7
4.15E-7
4.76E-7
2.85E-7
3.68E-7
3.0E-7
4.61E-7
3.76E-7
4.3E-7
2.98E-7
3.19E-7
3.48E-7
4.75E-7
2.56E-7
2.79E-7
3.46E-7
3.59E-7
2.62E-7
5.93E-7
4.53E-7
4.44E-7
3.29E-7
3.68E-7
6.56E-7
6.56E-7
8.04E-7
5.31E-7
6.03E-7
5.19E-7
5.68E-7
9.18E-7
5.26E-7
7.36E-7
4.1E-7
9.46E-7
5.21E-7
6.8E-7
5.17E-7
8.19E-7
4.44E-7
7.13E-7
5.32E-7
6.87E-7
8.62E-7
4.36E-7
4.29E-7
5.83E-7
4.84E-7
4.48E-7
6.83E-7
6.52E-7
5.44E-7
4.12E-7
4.62E-7
6.16E-7
6.81E-7
6.23E-7
5.49E-7
7.88E-7
5.63E-7
6.0E-7
4.36E-7
5.22E-7
6.17E-7
5.63E-7
5.65E-7
1.07E-6
5.29E-7
6.32E-7
4.24E-7
5.22E-7
7.69E-7
4.5E-7
8.47E-7
7.7E-7
8.58E-7
7.38E-7
5.37E-7
5.25E-7
5.36E-7
5.55E-7
6.31E-7
5.06E-7
3.7E-7
3.06E-7
2.6E-7
5.65E-7
5.11E-7
2.8E-7
5.09E-7
4.63E-7
4.8E-7
2.97E-7
4.07E-7
3.6E-7
2.68E-7
3.21E-7
4.02E-7
4.59E-7
3.29E-7
3.29E-7
3.7E-7
2.7E-7
3.75E-7
2.47E-7
3.33E-7
4.3E-7
3.5E-7
3.06E-7
3.09E-7
6.61E-7
2.85E-7
4.81E-7
3.58E-7
2.7E-7
3.89E-7
2.86E-7
4.58E-7
5.54E-7
3.14E-7
4.55E-7
6.63E-7
3.06E-7
4.93E-7
2.79E-7
3.94E-7
3.11E-7
3.24E-7
3.38E-7
3.14E-7
4.55E-7
2.84E-7
3.82E-7
2.61E-7
2.57E-7
6.18E-7
4.72E-7
4.64E-7
3.28E-7
5.45E-7
3.3E-7
2.48E-7
4.45E-7
3.03E-7
4.0E-7
2.89E-7
3.54E-7
4.02E-7
3.69E-7
8.52E-7
2.99E-7
3.35E-7
3.46E-7
2.48E-7
6.91E-7
3.56E-7
2.58E-7
4.59E-7
3.47E-7
4.99E-7
7.74E-7
7.75E-7
3.98E-7
2.82E-7
4.13E-7
3.95E-7
3.28E-7
2.59E-7
3.54E-7
2.83E-7
3.38E-7
3.79E-7
3.38E-7
3.71E-7
2.77E-7
5.55E-7
3.21E-7
5.63E-7
3.62E-7
2.63E-7
3.13E-7
2.66E-7
3.54E-7
4.02E-7
4.43E-7
3.34E-7
3.69E-7
5.22E-7
3.95E-7
3.91E-7
4.02E-7
3.5E-7
6.45E-7
4.04E-7
3.94E-7
3.85E-7
2.54E-7
3.04E-7
1.167E-6
2.81E-7
5.84E-7
2.56E-7
3.61E-7
6.84E-7
3.29E-7
3.97E-7
2.86E-7
2.81E-7
3.84E-7
2.77E-7
4.36E-7
3.02E-7
4.19E-7
4.34E-7
5.05E-7
3.62E-7
2.94E-7
3.73E-7
3.96E-7
2.96E-7
3.08E-7
3.59E-7
2.78E-7
2.77E-7
2.7E-7
3.49E-7
3.54E-7
2.5E-7
3.69E-7
3.23E-7
3.35E-7
4.69E-7
3.29E-7
3.59E-7
7.46E-7
2.66E-7
3.72E-7
3.41E-7
2.73E-7
3.02E-7
3.99E-7
2.55E-7
4.26E-7
7.6E-7
8.28E-7
3.81E-7
4.12E-7
3.85E-7
3.07E-7
6.5E-7
3.16E-7
1.918E-6
2.84E-7
3.02E-7
4.58E-7
3.4E-7
6.61E-7
7.29E-7
3.29E-7
3.7E-7
7.83E-7
5.86E-7
5.67E-7
2.95E-7
3.87E-7
4.99E-7
2.48E-7
4.18E-7
2.89E-7
4.31E-7
2.84E-7
2.64E-7
8.93E-7
4.15E-7
4.27E-7
3.49E-7
4.17E-7
4.56E-7
3.36E-7
4.9E-7
4.21E-7
2.77E-7
2.67E-7
3.66E-7
3.47E-7
4.27E-7
3.5E-7
7.88E-7
3.8E-7
2.27E-7
8.42E-7
3.71E-7
3.17E-7
3.74E-7
2.63E-7
2.92E-7
3.43E-7
5.04E-7
4.44E-7
4.2E-7
2.71E-7
2.77E-7
7.89E-7
5.03E-7
9.34E-7
3.56E-7
4.14E-7
4.05E-7
4.4E-7
3.21E-7
3.93E-7
4.35E-7
3.54E-7
7.87E-7
4.26E-7
3.62E-7
3.86E-7
2.91E-7
6.32E-7
3.8E-7
2.68E-7
3.7E-7
3.46E-7
3.78E-7
3.66E-7
6.61E-7
3.39E-7
2.52E-7
2.95E-7
5.74E-7
3.06E-7
1.186E-6
1.153E-6
8.32E-7
2.7E-7
3.74E-7
2.85E-7
3.92E-7
6.48E-7
3.69E-7
4.25E-7
3.26E-7
5.27E-7
1.036E-6
3.51E-7
3.87E-7
3.22E-7
4.05E-7
2.83E-7
3.89E-7
3.3E-7
4.08E-7
3.2E-7
2.71E-7
3.9E-7
5.41E-7
2.88E-7
5.09E-7
5.11E-7
4.57E-7
5.41E-7
3.11E-7
4.57E-7
3.89E-7
2.61E-7
2.41E-7
5.42E-7
2.74E-7
3.43E-7
3.72E-7
2.7E-7
2.38E-7
2.63E-7
3.54E-7
9.94E-7
1.404E-6
2.65E-7
3.85E-7
3.14E-7
1.0E-6
3.02E-7
2.91E-7
3.33E-7
3.93E-7
4.14E-7
4.05E-7
4.09E-7
9.82E-7
5.02E-7
3.56E-7
3.95E-7
4.28E-7
2.73E-7
1.21E-6
5.89E-7
8.66E-7
3.21E-7
6.44E-7
3.57E-7
1.237E-6
3.86E-7
4.46E-7
4.88E-7
2.76E-7
4.28E-7
3.7E-7
3.88E-7
3.72E-7
5.0E-7
2.83E-7
2.74E-7
5.99E-7
2.89E-7
4.07E-7
3.42E-7
2.63E-7
1.265E-6
3.9E-7
3.92E-7
3.22E-7
1.126E-6
2.76E-7
2.75E-7
4.33E-7
4.01E-7
4.02E-7
3.15E-7
3.68E-7
3.59E-7
3.68E-7
5.62E-7
2.86E-7
4.57E-7
3.43E-7
3.82E-7
2.77E-7
2.64E-7
1.141E-6
2.7E-7
4.65E-7
2.95E-7
2.93E-7
5.04E-7
4.97E-7
4.7E-7
3.86E-7
3.73E-7
4.7E-7
2.86E-7
2.88E-7
4.54E-7
3.73E-7
2.69E-7
3.09E-7
8.95E-7
4.28E-7
2.62E-7
1.126E-6
3.28E-7
3.58E-7
9.88E-7
4.33E-7
2.65E-7
3.52E-7
3.03E-7
2.49E-7
3.39E-7
5.46E-7
3.6E-7
3.41E-7
3.92E-7
4.35E-7
2.54E-7
3.19E-7
5.64E-7
3.63E-7
4.42E-7
3.31E-7
3.02E-7
2.61E-7
3.17E-7
2.71E-7
2.77E-7
3.07E-7
1.185E-6
2.84E-7
3.49E-7
5.25E-7
2.84E-7
2.66E-7
3.91E-7
5.41E-7
3.39E-7
3.68E-7
2.53E-7
3.45E-7
3.6E-7
2.93E-7
1.097E-6
3.58E-7
3.37E-7
4.81E-7
2.78E-7
3.96E-7
4.49E-7
4.16E-7
2.53E-7
3.7E-7
3.99E-7
3.98E-7
4.06E-7
3.18E-7
4.2E-7
2.49E-7
2.51E-7
3.35E-7
4.45E-7
3.81E-7
1.468E-6
3.06E-7
3.65E-7
4.52E-7
3.49E-7
2.7E-7
3.02E-7
2.81E-7
3.12E-7
2.6E-7
2.74E-7
3.61E-7
3.78E-7
6.85E-7
2.71E-7
2.84E-7
3.68E-7
3.43E-7
3.87E-7
3.15E-7
1.038E-6
3.47E-7
3.12E-7
3.69E-7
1.114E-6
2.59E-7
3.63E-7
3.17E-7
2.89E-7
4.34E-7
4.41E-7
4.07E-7
6.42E-7
1.123E-6
2.9E-7
5.01E-7
3.9E-7
3.06E-7
4.65E-7
7.51E-7
3.46E-7
4.18E-7
2.97E-7
2.92E-7
2.97E-7
4.03E-7
2.79E-7
1.012E-6
1.148E-6
2.93E-7
5.28E-7
3.53E-7
4.79E-7
3.83E-7
5.8E-7
3.24E-7
3.92E-7
3.56E-7
4.55E-7
3.27E-7
2.99E-7
2.58E-7
3.34E-7
2.69E-7
4.24E-7
2.6E-7
3.12E-7
1.164E-6
6.69E-7
3.2E-7
2.99E-7
5.11E-7
4.16E-7
4.19E-7
5.48E-7
2.77E-7
1.013E-6
2.68E-7
2.89E-7
4.22E-7
2.83E-7
4.41E-7
2.75E-7
3.38E-7
2.54E-7
3.77E-7
2.66E-7
4.96E-7
2.8E-7
2.61E-7
5.25E-7
3.74E-7
2.78E-7
2.85E-7
1.095E-6
7.11E-7
3.51E-7
2.71E-7
6.17E-7
4.06E-7
2.64E-7
2.88E-7
4.16E-7
3.81E-7
2.95E-7
9.59E-7
3.29E-7
6.11E-7
2.95E-7
2.93E-7
4.03E-7
2.99E-7
3.77E-7
6.98E-7
2.66E-7
3.2E-7
3.65E-7
4.03E-7
3.88E-7
3.22E-7
3.88E-7
4.22E-7
2.89E-7
2.67E-7
1.089E-6
6.2E-7
2.84E-7
2.96E-7
3.87E-7
2.61E-7
4.66E-7
4.06E-7
1.018E-6
3.15E-7
3.64E-7
2.84E-7
5.75E-7
2.81E-7
1.421E-6
3.17E-7
3.72E-7
3.62E-7
2.88E-7
1.018E-6
2.75E-7
1.517E-6
3.94E-7
6.55E-7
2.84E-7
3.45E-7
4.9E-7
4.25E-7
2.51E-7
3.74E-7
1.478E-6
3.17E-7
1.408E-6
2.6E-7
5.83E-7
1.357E-6
2.64E-7
4.77E-7
4.87E-7
4.78E-7
2.7E-7
2.66E-7
9.28E-7
5.94E-7
3.49E-7
2.83E-7
4.79E-7
3.58E-7
4.99E-7
2.72E-7
4.37E-7
7.36E-7
2.76E-7
5.32E-7
2.82E-7
3.81E-7
9.88E-7
2.81E-7
4.41E-7
5.71E-7
2.74E-7
2.64E-7
1.103E-6
2.8E-7
4.99E-7
2.41E-7
2.49E-7
3.63E-7
9.79E-7
2.64E-7
7.21E-7
5.36E-7
3.27E-7
2.57E-7
7.21E-7
4.99E-7
3.37E-7
5.95E-7
3.78E-7
5.46E-7
1.073E-6
2.84E-7
2.64E-7
2.72E-7
5.27E-7
3.72E-7
2.62E-7
3.71E-7
3.07E-7
4.38E-7
1.107E-6
2.82E-7
3.93E-7
1.325E-6
3.44E-7
3.29E-7
8.49E-7
5.93E-7
2.9E-7
4.28E-7
2.62E-7
2.84E-7
3.57E-7
3.6E-7
1.288E-6
5.89E-7
4.59E-7
1.537E-6
2.76E-7
4.37E-7
3.07E-7
1.091E-6
2.65E-7
6.06E-7
1.097E-6
2.55E-7
4.05E-7
2.92E-7
4.66E-7
4.48E-7
2.78E-7
3.7E-7
1.218E-6
3.16E-7
3.54E-7
4.21E-7
2.69E-7
2.75E-7
3.44E-7
5.74E-7
4.06E-7
4.18E-7
1.724E-6
4.75E-7
1.397E-6
4.11E-7
1.362E-6
3.53E-7
4.02E-7
5.11E-7
2.85E-7
3.29E-7
3.16E-7
4.5E-7
3.63E-7
8.31E-7
3.05E-7
4.13E-7
4.31E-7
4.87E-7
8.83E-7
3.84E-7
6.31E-7
2.77E-7
2.84E-7
3.36E-7
2.69E-7
3.09E-7
1.335E-6
2.88E-7
3.53E-7
5.57E-7
1.179E-6
2.99E-7
1.279E-6
5.55E-7
2.94E-7
1.358E-6
3.49E-7
8.99E-7
9.85E-7
8.71E-7
2.77E-7
3.72E-7
9.3E-7
1.373E-6
3.37E-7
2.72E-7
4.09E-7
2.67E-7
1.031E-6
2.87E-7
3.12E-7
4.14E-7
2.79E-7
4.08E-7
2.63E-7
1.349E-6
2.79E-7
3.8E-7
1.57E-6
2.82E-7
4.8E-7
8.94E-7
2.66E-7
1.063E-6
3.51E-7
1.136E-6
3.35E-7
8.69E-7
4.05E-7
3.82E-7
2.91E-7
2.92E-7
4.38E-7
2.85E-7
2.92E-7
3.65E-7
3.39E-7
2.77E-7
4.2E-7
2.56E-7
2.34E-7
2.4E-7
1.25E-6
2.76E-7
3.47E-7
4.63E-7
2.5E-7
1.002E-6
2.66E-7
3.3E-7
1.071E-6
2.99E-7
3.96E-7
2.79E-7
3.72E-7
3.74E-7
3.49E-7
6.35E-7
2.79E-7
1.045E-6
1.352E-6
1.116E-6
2.7E-7
9.45E-7
4.42E-7
9.64E-7
2.74E-7
3.67E-7
2.73E-7
3.24E-7
5.1E-7
1.463E-6
2.61E-7
3.24E-7
1.507E-6
4.01E-7
4.03E-7
4.26E-7
2.85E-7
6.53E-7
2.8E-7
3.42E-7
2.3E-7
2.66E-7
1.588E-6
2.74E-7
6.11E-7
3.64E-7
3.81E-7
1.151E-6
3.35E-7
1.114E-6
1.083E-6
9.2E-7
4.12E-7
1.691E-6
2.61E-7
2.64E-7
4.6E-7
1.428E-6
3.2E-7
1.395E-6
2.5E-7
4.09E-7
4.21E-7
5.09E-7
2.57E-7
1.635E-6
4.82E-7
3.43E-7
7.83E-7
1.73E-6
2.73E-7
3.5E-7
3.75E-7
3.76E-7
4.05E-7
1.361E-6
2.94E-7
3.15E-7
2.83E-7
3.34E-7
4.12E-7
2.8E-7
6.35E-7
2.81E-7
1.745E-6
1.207E-6
3.28E-7
2.54E-7
1.273E-6
3.3E-7
5.3E-7
3.5E-7
3.59E-7
1.067E-6
3.72E-7
3.75E-7
9.81E-7
2.81E-7
2.93E-7
4.9E-7
2.97E-7
1.553E-6
2.99E-7
9.85E-7
3.11E-7
1.533E-6
3.13E-7
1.343E-6
2.88E-7
2.72E-7
5.26E-7
2.48E-7
4.83E-7
3.46E-7
2.56E-7
2.99E-7
3.62E-7
2.84E-7
1.267E-6
2.66E-7
3.45E-7
7.9E-7
2.88E-7
6.02E-7
5.74E-7
4.09E-7
3.39E-7
2.62E-7
4.86E-7
2.75E-7
3.07E-7
3.49E-7
2.42E-7
8.56E-7
1.058E-6
3.76E-7
6.1E-7
3.74E-7
6.04E-7
4.59E-7
3.75E-7
5.01E-7
2.95E-7
4.31E-7
2.82E-7
3.9E-7
3.49E-7
2.46E-7
3.45E-7
3.25E-7
4.5E-7
2.81E-7
1.235E-6
4.59E-7
3.15E-7
3.75E-7
2.58E-7
2.58E-7
7.91E-7
9.78E-7
2.88E-7
3.08E-7
3.74E-7
2.67E-7
3.6E-7
6.53E-7
1.225E-6
1.8E-6
2.92E-7
1.454E-6
3.12E-7
1.228E-6
6.19E-7
2.71E-7
2.44E-6
3.19E-7
3.05E-7
3.84E-7
2.63E-7
1.366E-6
2.67E-7
3.33E-7
5.12E-7
2.66E-7
2.61E-7
3.13E-7
1.013E-6
1.01E-6
2.85E-7
5.79E-7
2.67E-7
1.598E-6
3.97E-7
2.8E-7
1.253E-6
2.81E-7
1.265E-6
3.14E-7
1.39E-6
2.76E-7
3.21E-7
7.24E-7
4.62E-7
6.68E-7
3.35E-7
8.83E-7
2.83E-7
3.56E-7
3.8E-7
2.66E-7
1.284E-6
2.72E-7
1.872E-6
5.34E-7
3.64E-7
4.69E-7
3.86E-7
1.044E-6
4.4E-7
2.97E-7
1.105E-6
2.99E-7
3.15E-7
6.22E-7
2.89E-7
4.9E-7
2.82E-7
1.471E-6
2.96E-7
9.48E-7
3.46E-7
3.01E-7
3.5E-7
6.96E-7
2.89E-7
3.2E-7
6.75E-7
2.96E-7
5.77E-7
5.37E-7
4.42E-7
2.63E-7
3.31E-7
1.354E-6
2.69E-7
4.29E-7
5.99E-7
1.381E-6
1.106E-6
7.87E-7
9.94E-7
3.22E-7
1.447E-6
2.9E-7
1.56E-6
3.44E-7
4.49E-7
4.66E-7
2.9E-7
3.03E-7
1.247E-6
4.13E-7
3.04E-7
4.5E-7
2.77E-7
2.63E-7
1.108E-6
2.73E-7
2.5E-7
1.351E-6
2.77E-7
2.61E-7
2.91E-7
2.68E-7
2.46E-7
1.127E-6
3.58E-7
2.55E-7
1.365E-6
2.52E-7
2.71E-7
1.478E-6
2.82E-7
2.78E-7
2.84E-7
1.325E-6
1.249E-6
3.82E-7
3.45E-7
3.89E-7
2.7E-7
1.202E-6
2.72E-7
2.51E-7
5.13E-7
8.34E-7
3.8E-7
8.75E-7
3.67E-7
1.39E-6
2.79E-7
1.391E-6
2.77E-7
4.63E-7
2.74E-7
1.092E-6
3.48E-7
5.49E-7
3.12E-7
6.5E-7
3.1E-7
1.134E-6
2.74E-7
3.96E-7
1.485E-6
1.073E-6
4.03E-7
4.42E-7
2.96E-7
2.82E-7
3.6E-7
2.58E-7
7.07E-7
2.77E-7
3.48E-7
3.82E-7
2.65E-7
2.58E-7
3.63E-7
2.55E-7
1.026E-6
2.78E-7
1.942E-6
3.75E-7
4.22E-7
2.75E-7
2.63E-7
1.934E-6
3.07E-7
2.82E-7
6.02E-7
2.53E-7
2.63E-7
3.81E-7
1.668E-6
2.91E-7
4.22E-7
2.69E-7
3.26E-7
2.48E-7
1.354E-6
3.97E-7
1.298E-6
1.272E-6
5.92E-7
3.67E-7
2.68E-7
3.5E-7
4.41E-7
7.05E-7
1.901E-6
2.9E-7
4.92E-7
3.06E-7
2.37E-7
2.72E-7
1.294E-6
2.79E-7
8.98E-7
2.73E-7
2.55E-7
1.808E-6
2.94E-7
3.52E-7
6.1E-7
4.75E-7
2.83E-7
1.085E-6
5.52E-7
3.59E-7
8.6E-7
1.669E-6
2.68E-7
3.44E-7
8.39E-7
2.62E-7
6.67E-7
2.99E-7
3.53E-7
3.96E-7
3.74E-7
2.74E-7
1.131E-6
3.15E-7
1.85E-6
1.574E-6
1.91E-6
4.07E-7
2.74E-7
1.303E-6
2.72E-7
2.58E-7
4.35E-7
2.76E-7
1.596E-6
2.87E-7
2.59E-7
3.87E-7
2.54E-7
1.052E-6
2.52E-7
2.53E-7
8.66E-7
3.29E-7
6.15E-7
3.52E-7
4.54E-7
4.94E-7
5.12E-7
1.208E-6
2.78E-7
1.957E-6
4.2E-7
2.71E-7
2.51E-7
1.976E-6
5.02E-7
6.98E-7
2.77E-7
1.803E-6
3.8E-7
1.253E-6
3.66E-7
3.12E-7
1.728E-6
4.23E-7
2.91E-7
5.23E-7
3.29E-7
3.15E-7
4.18E-7
3.48E-7
3.18E-7
8.52E-7
6.23E-7
2.95E-7
3.42E-7
6.76E-7
3.45E-7
4.91E-7
3.42E-7
4.6E-7
3.91E-7
2.86E-7
3.15E-7
1.71E-6
2.99E-7
3.72E-7
5.17E-7
1.526E-6
3.02E-7
4.33E-7
2.9E-7
3.58E-7
7.3E-7
2.9E-7
1.485E-6
3.88E-7
3.15E-7
2.42E-7
3.44E-7
2.98E-7
2.71E-7
2.64E-7
4.25E-7
3.12E-7
4.17E-7
2.53E-7
1.448E-6
2.92E-7
4.8E-7
5.08E-7
2.77E-7
2.465E-6
2.125E-6
2.99E-7
1.428E-6
2.9E-7
3.79E-7
3.39E-7
9.91E-7
3.03E-7
1.164E-6
2.96E-7
7.97E-7
1.703E-6
1.861E-6
3.77E-7
3.57E-7
2.97E-7
2.64E-7
3.95E-7
3.66E-7
3.27E-7
7.71E-7
4.33E-7
5.73E-7
3.09E-7
4.98E-7
3.79E-7
3.03E-7
3.42E-7
3.83E-7
3.03E-7
3.7E-7
3.03E-7
3.71E-7
2.57E-7
1.71E-6
2.73E-7
3.1E-7
2.171E-6
3.53E-7
2.86E-7
3.14E-7
3.71E-7
2.45E-7
3.29E-7
3.74E-7
3.04E-7
3.6E-7
3.03E-7
3.18E-7
2.41E-7
3.19E-7
3.76E-7
1.362E-6
2.52E-7
4.59E-7
5.93E-7
3.06E-7
3.6E-7
6.84E-7
1.971E-6
4.02E-7
5.01E-7
2.78E-7
3.3E-7
2.991E-6
1.141E-6
2.83E-7
3.09E-7
8.22E-7
1.884E-6
4.61E-7
2.57E-7
1.993E-6
9.52E-7
2.87E-7
4.2E-7
8.1E-7
2.94E-7
2.59E-7
3.7E-7
8.56E-7
2.72E-7
1.906E-6
1.721E-6
7.8E-7
4.04E-7
2.59E-7
1.483E-6
3.07E-7
3.134E-6
6.11E-7
1.677E-6
3.44E-7
2.95E-7
2.73E-7
3.476E-6
3.2E-7
3.62E-7
3.41E-7
3.613E-6
2.95E-7
9.6E-7
3.13E-7
4.15E-7
3.91E-7
6.58E-7
3.37E-7
3.65E-7
5.21E-7
6.82E-7
3.579E-6
1.541E-6
3.17E-7
3.1E-7
2.53E-6
2.916E-6
4.79E-7
4.04E-7
3.73E-7
1.945E-6
2.9E-7
4.72E-7
2.91E-7
4.14E-6
2.69E-7
2.81E-7
5.83E-7
3.28E-7
2.5E-7
1.141E-6
3.62E-6
2.77E-7
1.148E-6
4.44E-7
3.65E-7
1.465E-6
4.09E-7
3.94E-7
5.32E-7
4.37E-7
3.29E-7
1.574E-6
2.85E-6
3.04E-7
8.11E-7
4.74E-7
5.61E-7
2.75E-7
4.25E-7
3.4E-7
4.59E-7
2.67E-7
2.548E-6
2.83E-7
3.2E-7
6.17E-7
3.06E-7
3.64E-7
2.84E-7
2.83E-7
3.57E-7
1.016E-6
4.56E-7
6.23E-7
2.89E-7
2.55E-7
5.57E-7
4.26E-7
3.98E-7
3.13E-7
1.653E-6
1.657E-6
3.439E-6
2.73E-7
4.993E-6
1.536E-6
3.44E-7
1.235E-6
2.88E-7
1.114E-6
3.08E-7
4.13E-7
1.713E-6
1.306E-6
2.96E-7
8.81E-7
7.06E-7
2.72E-7
4.04E-7
8.31E-7
2.98E-7
4.67E-7
2.86E-7
4.6E-7
4.677E-6
3.84E-7
3.4E-7
9.06E-7
2.429E-6
3.05E-7
3.41E-7
1.562E-6
2.93E-7
2.78E-7
2.885E-6
2.93E-7
2.81E-7
4.31E-7
3.02E-7
3.52E-7
2.98E-7
3.87E-7
9.66E-7
2.88E-7
3.235E-6
2.7E-7
1.944E-6
2.9E-7
1.422E-6
2.7E-7
1.43E-6
1.311E-6
2.71E-7
2.74E-7
4.63E-7
4.84E-7
4.32E-7
1.748E-6
3.21E-7
4.3E-7
1.469E-6
3.06E-7
4.39E-7
5.62E-7
2.96E-7
3.45E-7
3.06E-7
3.66E-7
5.19E-7
1.973E-6
3.88E-7
3.98E-7
3.35E-7
2.48E-7
3.66E-7
1.409E-6
4.13E-7
2.69E-7
4.98E-7
2.6E-7
1.217E-6
3.521E-6
3.17E-7
2.816E-6
4.02E-7
2.63E-7
2.74E-7
1.167E-6
1.44E-6
3.14E-7
2.017E-6
3.68E-7
1.982E-6
2.82E-7
3.05E-7
3.8E-7
2.77E-7
2.65E-7
3.86E-7
4.32E-7
1.952E-6
3.81E-7
6.99E-7
3.43E-7
2.879E-6
2.62E-7
6.13E-7
2.76E-7
2.99E-7
3.17E-7
2.92E-7
3.24E-7
2.82E-7
2.72E-7
1.575E-6
2.97E-7
3.84E-7
3.09E-7
2.86E-7
3.2E-7
4.32E-7
3.3E-7
4.3E-7
3.2E-7
6.17E-7
2.81E-7
2.79E-7
2.57E-7
6.99E-7
2.7E-7
3.0E-7
3.68E-7
2.42E-7
1.884E-6
3.69E-7
3.827E-6
4.25E-7
2.7E-7
4.03E-7
3.14E-7
4.387E-6
2.88E-7
7.98E-7
3.08E-7
2.97E-7
4.7E-7
2.8E-7
3.89E-7
3.05E-7
3.265E-6
3.1E-7
2.71E-7
5.887E-6
4.36E-7
2.73E-7
1.62E-6
4.1E-7
2.82E-7
3.62E-7
5.15E-7
4.56E-7
2.75E-7
2.45E-7
3.28E-7
2.39E-7
2.49E-7
4.28E-7
2.38E-7
2.71E-7
2.7E-7
1.123E-6
4.38E-7
3.35E-7
2.9E-7
3.99E-7
2.73E-7
7.55E-7
1.375E-6
4.13E-7
2.77E-7
2.943E-6
1.783E-6
2.88E-7
2.581E-6
4.47E-7
5.57E-7
2.96E-7
1.899E-6
4.81E-7
3.17E-7
5.42E-7
5.23E-7
2.74E-7
3.1E-7
4.755E-6
3.39E-7
4.14E-7
1.675E-6
2.72E-7
3.18E-7
6.063E-6
3.659E-6
2.84E-7
2.647E-6
3.05E-7
2.83E-7
9.91E-7
1.265E-6
2.89E-7
5.3E-6
2.23E-6
4.66E-7
2.343E-6
3.36E-7
6.697E-6
3.0E-7
6.97E-7
2.78E-7
4.35E-7
2.62E-7
6.15E-7
2.49E-7
2.43E-7
1.076E-6
3.33E-7
4.02E-7
1.033E-6
2.89E-7
4.432E-6
2.69E-7
6.724E-6
4.33E-7
2.76E-7
5.44E-7
4.51E-7
2.67E-7
4.15E-7
5.319E-6
2.92E-7
3.409E-6
3.72E-7
1.321E-6
1.31E-6
3.15E-7
3.18E-7
5.11E-7
4.14E-7
6.92E-7
2.98E-7
3.25E-7
2.58E-7
6.38E-7
3.13E-7
3.04E-7
4.24E-7
2.98E-7
1.37E-6
3.16E-7
5.94E-7
3.23E-7
2.43E-7
1.796E-6
2.58E-7
2.73E-7
7.066E-6
3.59E-7
6.641E-6
3.1E-7
1.371E-6
2.77E-7
6.72E-7
6.01E-7
3.12E-7
5.94E-7
1.719E-6
1.016E-6
1.405E-6
5.97E-7
1.008E-6
3.34E-7
2.79E-7
4.11E-7
5.66E-7
4.02E-7
4.15E-7
3.92E-7
2.018E-6
3.01E-7
3.788E-6
2.97E-7
4.73E-7
3.23E-7
4.138E-6
2.933E-6
1.034E-6
4.4E-7
6.28E-7
3.09E-7
7.108E-6
8.94E-7
2.91E-7
3.34E-7
3.4E-7
1.738E-6
2.56E-7
3.76E-7
3.1E-7
7.0E-7
3.28E-7
4.259E-6
2.843E-6
5.415E-6
2.87E-7
7.67E-7
4.07E-7
5.03E-7
1.131E-6
3.07E-7
3.22E-7
3.42E-7
1.142E-6
2.76E-7
3.94E-7
1.25E-6
2.85E-7
2.48E-7
6.947E-6
5.76E-7
3.5E-7
2.729E-6
3.2E-7
3.69E-7
2.83E-7
8.7E-7
1.641E-6
5.763E-6
2.75E-7
3.63E-7
1.682E-6
3.22E-7
4.21E-7
5.482E-6
2.72E-7
1.33E-6
4.15E-7
2.83E-7
2.781E-6
3.49E-7
3.72E-7
2.85E-7
5.25E-7
4.16E-7
3.07E-7
7.93E-7
7.61E-7
2.74E-7
4.02E-7
2.41E-7
7.253E-6
2.013E-6
1.606E-6
3.18E-7
1.365E-6
3.0E-7
6.981E-6
2.98E-7
2.69E-7
2.64E-7
2.546E-6
2.73E-7
1.38E-6
2.98E-7
5.83E-7
2.92E-7
3.79E-7
2.78E-7
4.02E-7
4.76E-7
7.137E-6
2.95E-7
3.16E-7
2.831E-6
2.72E-7
1.317E-6
3.511E-6
2.59E-7
5.693E-6
3.57E-7
3.36E-7
4.63E-7
6.42E-7
3.97E-7
3.1E-7
1.537E-6
1.377E-6
2.76E-7
8.525E-6
8.75E-7
7.264E-6
6.29E-7
3.8E-7
6.074E-6
3.45E-7
5.771E-6
3.51E-7
2.59E-7
4.57E-7
3.0E-7
3.14E-7
4.91E-7
3.51E-7
3.0E-7
7.324E-6
3.27E-7
2.7E-7
4.03E-7
5.63E-7
2.77E-7
2.68E-7
4.722E-6
3.09E-7
4.98E-7
3.58E-7
4.147E-6
7.38E-7
3.44E-7
1.363E-6
3.56E-7
6.38E-7
3.15E-7
3.49E-7
6.246E-6
3.16E-7
2.75E-7
4.16E-7
3.44E-7
2.46E-7
2.47E-7
1.32E-6
2.57E-7
3.72E-7
3.367E-6
4.608E-6
2.96E-7
7.679E-6
3.75E-7
2.64E-7
2.85E-7
3.15E-7
2.47E-7
3.62E-7
4.81E-7
4.38E-7
4.07E-7
3.25E-7
2.52E-7
3.99E-7
2.73E-7
6.653E-6
4.61E-7
3.06E-7
2.94E-7
4.79E-7
4.652E-6
3.44E-7
2.54E-7
5.258E-6
2.63E-7
4.47E-7
3.294E-6
5.64E-7
3.38E-7
3.07E-7
3.01E-7
3.08E-7
3.59E-7
3.98E-7
2.79E-7
6.135E-6
2.034E-6
2.84E-7
6.275E-6
4.19E-7
1.121E-6
2.82E-7
2.62E-7
3.09E-7
3.97E-7
3.14E-7
2.7E-7
4.35E-7
3.18E-7
3.56E-7
4.496E-6
2.88E-7
3.56E-7
4.735E-6
2.73E-7
6.012E-6
3.749E-6
1.101E-6
2.95E-7
3.367E-6
2.83E-7
3.4E-7
4.09E-7
2.68E-7
2.57E-7
7.767E-6
3.02E-7
1.615E-6
3.06E-7
2.52E-7
1.289E-6
6.146E-6
2.74E-7
2.83E-7
1.354E-6
2.77E-7
3.22E-7
3.28E-7
5.893E-6
2.78E-7
3.42E-7
3.89E-7
5.37E-7
3.54E-7
2.57E-7
3.678E-6
3.28E-7
2.51E-7
7.01E-6
6.472E-6
2.78E-7
2.77E-7
3.65E-7
5.0E-7
1.57E-6
3.83E-7
2.95E-7
3.11E-7
4.82E-7
3.32E-7
4.39E-6
2.84E-7
5.004E-6
2.88E-7
8.057E-6
4.23E-7
2.74E-7
7.836E-6
8.444E-6
3.43E-7
1.077E-6
3.82E-7
5.049E-6
2.96E-7
2.54E-7
8.009E-6
2.74E-7
2.76E-7
5.71E-7
3.18E-7
2.87E-7
5.896E-6
3.62E-7
2.71E-7
1.36E-6
8.42E-7
3.78E-7
9.68E-7
2.72E-7
8.113E-6
2.049E-6
5.537E-6
3.16E-7
4.24E-7
5.136E-6
2.86E-7
7.104E-6
4.15E-7
3.57E-7
3.61E-7
6.894E-6
4.5436E-5
6.31E-7
6.37E-7
4.84E-7
8.64E-7
1.4937E-5
5.44E-7
7.69E-7
8.16E-7
6.39E-7
5.335E-6
3.3E-7
3.95E-7
6.643E-6
5.22E-7
3.76E-7
3.411E-6
2.89E-7
2.75E-7
4.0E-7
6.136E-6
2.79E-7
2.91E-7
3.85E-7
4.94E-7
3.08E-7
2.8E-7
8.422E-6
2.99E-7
8.098E-6
3.66E-7
4.659E-6
8.706E-6
2.92E-7
8.581E-6
2.81E-7
3.08E-7
5.54E-6
2.85E-7
3.85E-7
3.93E-7
7.518E-6
3.0E-7
4.4E-7
4.381E-6
3.36E-7
5.0E-7
1.502E-6
7.26E-7
3.078E-6
3.89E-7
3.26E-7
5.748E-6
3.12E-7
6.529E-6
3.28E-7
5.044E-6
2.84E-7
4.43E-7
5.863E-6
3.05E-7
3.4E-7
3.32E-7
3.49E-7
2.55E-7
1.03E-6
5.05E-7
2.149E-6
4.01E-7
5.327E-6
3.16E-7
4.34E-7
2.99E-7
3.06E-7
4.81E-7
2.91E-7
8.42E-6
4.08E-7
4.03E-7
3.2E-7
2.91E-7
3.31E-7
2.79E-7
4.72E-7
6.45E-7
3.47E-7
5.15E-7
3.16E-7
1.427E-6
2.93E-7
3.1E-7
4.66E-7
3.22E-7
3.27E-7
4.884E-6
3.07E-7
1.493E-6
8.887E-6
2.83E-7
6.74E-7
3.49E-7
5.707E-6
2.9E-7
3.11E-7
2.72E-7
3.1E-7
5.01E-7
2.63E-7
4.515E-6
2.71E-7
3.85E-7
7.935E-6
2.085E-6
3.16E-7
2.947E-6
3.71E-7
4.31E-7
7.561E-6
7.551E-6
1.614E-6
4.14E-7
2.95E-7
4.29E-7
1.262E-6
2.953E-6
3.34E-7
3.97E-7
3.95E-7
9.026E-6
4.03E-7
3.04E-7
3.97E-7
3.46E-7
5.07E-6
1.039E-6
4.04E-7
2.51E-7
2.59E-7
7.047E-6
5.59E-7
5.35E-7
3.467E-6
5.78E-7
7.18E-7
7.162E-6
6.62E-7
4.48E-7
1.4014E-5
3.181E-6
7.78E-7
1.245E-6
6.25E-7
7.14E-7
5.83E-7
1.0337E-5
4.54E-7
5.38E-7
2.97E-7
1.474E-6
3.56E-7
4.82E-7
3.02E-7
5.033E-6
4.97E-6
3.2E-7
4.851E-6
1.2477E-5
1.881E-6
4.93E-7
3.4E-7
5.032E-6
3.15E-7
8.299E-6
2.98E-7
2.94E-7
6.793E-6
2.78E-7
2.3524E-5
7.9E-7
8.79E-7
6.937E-6
4.797E-6
5.06E-7
7.99E-7
3.82E-7
2.73E-7
2.86E-7
7.513E-6
2.88E-7
6.31E-7
1.379E-6
6.867E-6
4.18E-7
8.675E-6
3.38E-7
2.81E-7
2.377E-6
3.06E-7
1.569E-6
6.789E-6
4.5E-7
4.17E-7
2.75E-7
1.529E-6
4.09E-7
8.76E-7
3.07E-7
4.2E-7
6.92E-6
3.37E-7
4.1E-7
6.427E-6
2.9E-7
2.59E-7
3.33E-7
3.93E-7
8.547E-6
2.95E-7
8.557E-6
3.43E-7
5.02E-7
3.48E-7
6.763E-6
3.16E-7
3.586E-6
5.5E-7
8.916E-6
3.44E-7
2.5E-7
4.73E-7
2.053E-6
4.67E-7
8.894E-6
7.19E-7
3.7E-7
3.73E-7
3.01E-7
8.235E-6
3.04E-7
2.65E-7
3.86E-7
2.78E-7
1.504E-6
4.29E-7
3.01E-7
3.2E-7
3.13E-7
1.0053E-5
2.98E-7
2.77E-7
5.93E-7
5.997E-6
2.78E-7
8.268E-6
2.85E-7
9.407E-6
5.9E-7
5.06E-7
2.69E-7
1.829E-6
3.38E-7
7.11E-7
3.23E-7
5.812E-6
2.108E-6
2.67E-7
7.268E-6
6.688E-6
3.811E-6
2.92E-7
6.286E-6
4.23E-7
2.99E-7
2.82E-7
3.16E-7
2.97E-7
4.15E-7
4.1E-7
2.91E-7
4.09E-7
2.74E-7
9.904E-6
2.7E-7
2.54E-7
3.1E-7
8.359E-6
5.952E-6
2.91E-7
2.82E-7
3.22E-7
3.9E-7
1.0264E-5
3.866E-6
3.14E-7
2.98E-7
9.533E-6
8.89E-7
5.754E-6
3.12E-7
4.39E-7
1.521E-6
5.57E-7
2.92E-7
2.77E-6
6.98E-6
5.774E-6
3.16E-7
2.81E-7
1.5E-6
7.163E-6
2.9E-7
3.1E-7
4.57E-7
1.111E-6
2.86E-7
2.79E-7
9.856E-6
3.74E-6
3.694E-6
2.92E-7
6.963E-6
2.9E-7
4.14E-7
6.819E-6
5.08E-7
4.72E-7
3.73E-7
2.76E-7
5.609E-6
4.896E-6
3.64E-7
9.783E-6
5.19E-7
1.278E-6
2.105E-6
8.6E-6
3.83E-7
3.76E-7
2.92E-7
4.15E-7
2.84E-7
3.06E-7
1.973E-6
3.78E-7
5.32E-7
1.032E-5
3.05E-7
3.08E-7
4.3E-7
1.059E-6
3.52E-7
2.72E-7
2.55E-7
3.698E-6
1.0275E-5
3.34E-7
3.96E-7
2.7E-7
4.38E-7
2.72E-7
2.82E-7
5.19E-7
4.55E-7
2.69E-7
7.355E-6
3.9E-7
2.47E-7
1.1333E-5
3.58E-7
9.839E-6
3.09E-7
1.846E-6
6.87E-7
3.36E-7
4.1E-7
4.15E-7
4.03E-7
2.74E-7
2.77E-7
3.67E-7
8.836E-6
3.17E-7
4.28E-7
2.027E-6
3.34E-7
6.335E-6
2.93E-7
4.829E-6
2.88E-7
2.95E-7
3.11E-7
6.694E-6
4.642E-6
2.98E-7
2.75E-7
3.97E-7
8.306E-6
3.8E-7
2.58E-7
4.93E-7
8.235E-6
3.96E-7
3.95E-7
9.461E-6
1.1024E-5
3.06E-7
9.746E-6
6.485E-6
2.87E-7
8.414E-6
3.37E-7
2.65E-7
4.02E-7
3.4E-7
3.9E-7
3.565E-6
3.47E-7
4.257E-6
7.284E-6
3.325E-6
3.041E-6
3.03E-7
4.21E-7
4.4E-7
3.54E-7
4.76E-7
8.894E-6
5.61E-7
3.47E-7
6.388E-6
3.05E-7
6.651E-6
3.01E-7
3.4E-7
2.326E-6
2.96E-7
1.0457E-5
3.704E-6
2.73E-7
4.073E-6
2.963E-6
2.97E-7
6.436E-6
2.94E-7
1.588E-6
2.65E-7
6.778E-6
1.0814E-5
2.66E-7
4.11E-7
2.58E-7
6.255E-6
1.086E-5
3.11E-7
2.932E-6
5.38E-7
2.97E-7
3.696E-6
3.16E-7
8.591E-6
3.85E-7
1.148E-6
2.82E-7
4.77E-7
2.84E-7
3.65E-7
2.96E-7
4.31E-7
7.358E-6
4.11E-7
7.202E-6
3.07E-7
4.09E-7
3.61E-7
2.52E-7
3.38E-7
4.83E-7
2.9E-7
3.2E-7
9.476E-6
4.1E-7
2.87E-7
4.39E-7
1.55E-6
3.2E-7
1.0904E-5
3.12E-7
3.15E-7
4.8E-7
3.33E-7
1.0793E-5
3.79E-7
3.55E-7
3.34E-7
7.202E-6
2.92E-7
1.173E-6
1.146E-6
4.707E-6
3.05E-7
1.0011E-5
1.47E-6
3.01E-7
3.32E-7
3.66E-7
9.839E-6
2.69E-7
3.0E-7
1.1099E-5
2.87E-7
4.52E-7
1.1579E-5
2.85E-7
4.29E-7
5.834E-6
3.5E-7
3.17E-7
7.21E-7
3.02E-7
2.57E-7
1.689E-6
9.96E-7
9.258E-6
9.574E-6
2.75E-7
4.98E-7
2.88E-7
3.703E-6
3.04E-7
8.594E-6
2.74E-7
2.66E-7
3.107E-6
5.35E-7
3.47E-7
2.75E-7
3.16E-7
1.389E-6
3.29E-7
2.76E-7
3.622E-6
2.92E-7
3.48E-7
3.16E-7
6.0E-6
2.74E-7
2.78E-7
3.44E-7
2.47E-7
4.05E-7
7.462E-6
2.88E-7
2.73E-7
1.682E-6
4.08E-7
2.66E-7
1.378E-6
3.0E-7
2.146E-6
1.704E-6
1.263E-6
3.989E-6
2.94E-7
1.998E-6
8.463E-6
2.98E-7
2.64E-7
2.76E-7
1.912E-6
2.7E-7
6.825E-6
6.09E-7
1.1031E-5
3.23E-7
2.66E-7
3.09E-7
4.22E-7
4.747E-6
3.04E-7
2.59E-7
3.87E-7
2.54E-7
2.55E-7
5.049E-6
3.29E-7
3.32E-7
4.27E-7
8.779E-6
3.653E-6
2.89E-7
2.7E-7
4.0E-7
3.02E-7
2.91E-7
3.42E-7
7.018E-6
8.639E-6
4.72E-7
2.92E-7
2.72E-7
1.181E-6
2.82E-7
7.028E-6
2.66E-7
2.51E-7
4.91E-7
2.63E-7
2.59E-7
6.607E-6
3.1E-7
1.149E-6
2.92E-7
1.498E-6
1.0435E-5
3.65E-7
3.07E-7
3.32E-7
6.288E-6
4.18E-7
6.12E-7
4.49E-7
3.2E-7
1.283E-6
7.29E-7
3.74E-7
3.2E-7
9.273E-6
9.819E-6
3.33E-7
4.14E-7
2.9E-7
2.76E-7
3.35E-7
8.536E-6
4.01E-7
9.527E-6
2.94E-7
2.64E-7
3.28E-7
3.58E-7
9.562E-6
2.9E-7
2.97E-7
1.161E-6
2.99E-7
4.55E-7
6.84E-7
1.238E-6
2.2002E-5
8.01E-7
6.06E-7
6.15E-7
3.54E-7
7.87E-7
1.475E-6
1.384E-6
9.283E-6
5.86E-7
7.27E-7
1.6968E-5
6.26E-7
3.22E-7
7.6E-7
3.74E-7
3.83E-7
1.0858E-5
9.37E-7
3.25E-7
3.62E-7
3.28E-7
2.68E-7
7.463E-6
3.43E-7
3.78E-7
4.5E-7
3.42E-7
1.804E-6
1.155E-5
3.65E-7
9.72E-7
3.64E-7
4.48E-7
1.053E-5
1.088E-6
3.39E-7
4.12E-7
1.513E-5
8.905E-6
2.97E-7
3.5E-7
9.664E-6
2.99E-7
3.88E-7
8.356E-6
2.96E-7
7.01E-6
3.9E-7
2.816E-6
4.71E-7
3.256E-6
3.76E-7
3.72E-7
8.017E-6
4.15E-7
7.96E-7
1.1344E-5
3.69E-7
8.23E-7
2.85E-7
5.59E-7
3.19E-7
3.02E-7
5.931E-6
3.54E-7
7.607E-6
3.09E-7
1.685E-6
3.07E-7
2.81E-7
3.68E-7
9.341E-6
3.44E-7
7.183E-6
1.0774E-5
3.33E-7
2.96E-7
7.87E-7
3.18E-7
3.24E-7
8.981E-6
1.1766E-5
2.7E-7
3.83E-7
3.21E-6
1.222E-6
1.3372E-5
2.93E-7
3.39E-7
2.47E-7
3.1E-7
6.39E-7
1.2119E-5
4.79E-7
5.6E-7
2.57E-7
4.75E-7
3.18E-7
3.11E-7
1.153E-6
2.62E-7
7.96E-6
2.54E-7
7.638E-6
1.2189E-5
3.73E-7
2.38E-7
4.796E-6
2.59E-7
3.55E-7
2.7E-7
8.163E-6
2.78E-7
7.79E-7
3.45E-7
6.01E-7
2.57E-7
3.59E-7
1.0145E-5
7.395E-6
2.6E-7
4.61E-7
1.1969E-5
2.77E-7
1.0706E-5
2.53E-7
2.53E-7
3.06E-7
5.213E-6
3.17E-7
9.542E-6
2.75E-7
4.97E-7
1.405E-6
3.52E-7
3.25E-7
2.51E-7
3.54E-7
2.48E-7
3.25E-7
4.961E-6
3.72E-7
1.464E-6
8.859E-6
3.11E-7
2.48E-7
1.218E-6
3.83E-7
2.55E-7
4.01E-7
4.24E-7
2.77E-7
2.58E-7
3.15E-7
3.19E-7
4.95E-7
2.78E-7
2.61E-7
2.244E-6
2.75E-7
5.69E-6
9.707E-6
3.97E-7
1.0863E-5
4.16E-7
1.932E-6
3.308E-6
3.13E-7
8.783E-6
8.535E-6
2.95E-7
1.1801E-5
1.616E-6
1.916E-6
3.55E-7
1.227E-5
3.29E-7
2.84E-7
6.083E-6
3.25E-7
9.018E-6
4.28E-7
1.25E-6
2.66E-7
2.914E-6
1.593E-6
3.51E-7
4.05E-7
2.76E-7
2.89E-7
4.17E-7
4.32E-7
2.65E-7
2.47E-7
3.69E-7
2.54E-7
1.3258E-5
2.6E-7
5.34E-7
4.42E-7
3.32E-7
8.54E-7
1.549E-6
7.63E-7
4.99E-6
3.16E-7
2.73E-7
5.98E-7
2.6E-7
1.365E-6
3.52E-7
3.66E-7
4.68E-7
2.54E-7
4.685E-6
3.529E-6
3.99E-7
7.574E-6
2.91E-7
3.02E-7
1.296E-6
4.03E-7
4.18E-7
2.69E-7
8.206E-6
2.47E-7
4.45E-7
8.236E-6
8.405E-6
3.14E-7
5.26E-7
2.62E-7
3.82E-7
9.511E-6
8.328E-6
3.77E-7
1.085E-5
3.4E-7
3.89E-7
6.723E-6
2.92E-7
2.98E-7
4.2E-7
2.65E-7
2.4E-7
3.6E-7
5.04E-7
2.51E-7
1.005E-6
5.47E-7
2.57E-7
7.066E-6
3.15E-7
8.9E-7
5.829E-6
3.95E-7
2.39E-7
1.213E-6
2.77E-7
7.569E-6
4.31E-7
4.46E-7
1.718E-6
5.26E-7
3.88E-7
3.12E-7
9.584E-6
6.751E-6
7.291E-6
6.69E-7
8.869E-6
2.97E-7
4.34E-7
2.97E-7
3.06E-7
1.109E-6
3.13E-7
1.1052E-5
5.39E-7
3.46E-7
3.23E-7
1.628E-6
3.05E-7
3.3E-7
3.7E-7
2.93E-7
2.85E-7
5.3E-7
8.715E-6
2.49E-7
3.27E-7
2.79E-7
5.538E-6
3.16E-7
2.111E-6
1.1418E-5
9.156E-6
2.228E-6
3.35E-7
4.68E-7
1.257E-6
3.33E-7
4.57E-7
8.558E-6
3.37E-7
3.13E-7
1.1228E-5
4.35E-7
2.71E-7
4.2E-7
1.353E-6
3.55E-7
3.01E-7
3.34E-7
7.34E-7
3.05E-7
5.08E-7
1.505E-6
4.09E-7
6.121E-6
3.02E-7
2.99E-7
1.928E-6
3.06E-7
4.86E-7
7.198E-6
4.41E-7
3.37E-7
1.289E-6
3.54E-7
7.31E-6
6.03E-7
2.87E-7
6.516E-6
1.402E-6
4.174E-6
3.45E-7
1.968E-6
1.667E-6
3.8E-7
2.63E-7
3.52E-7
3.91E-7
2.85E-7
3.22E-7
3.8E-7
4.708E-6
9.019E-6
1.263E-6
5.98E-7
3.906E-6
2.94E-7
1.234E-6
3.01E-7
2.82E-7
4.06E-7
1.4507E-5
1.73E-6
3.78E-7
2.56E-7
3.68E-7
3.77E-7
5.665E-6
3.88E-7
1.704E-6
2.86E-7
1.0582E-5
8.39E-7
4.29E-7
6.567E-6
3.04E-7
2.71E-7
8.77E-6
2.75E-7
4.4E-7
3.22E-7
6.0E-7
9.09E-7
2.69E-7
6.154E-6
3.05E-7
2.78E-7
7.39E-7
2.71E-7
4.0E-7
3.1E-7
5.62E-7
1.0161E-5
9.19E-7
2.87E-7
9.436E-6
2.94E-7
1.295E-6
4.11E-6
2.93E-7
2.61E-7
6.842E-6
4.51E-7
1.2833E-5
2.83E-7
3.05E-7
4.12E-7
2.72E-7
2.43E-7
4.2E-7
2.63E-7
2.78E-7
4.23E-7
3.49E-7
3.03E-7
7.17E-6
4.14E-7
3.13E-7
5.525E-6
3.593E-6
2.79E-7
2.86E-7
4.14E-7
2.78E-7
5.486E-6
6.99E-7
1.232E-5
3.06E-7
3.14E-7
2.86E-7
1.0717E-5
3.57E-7
8.79E-7
7.457E-6
3.57E-7
4.91E-7
1.0201E-5
4.53E-7
1.0375E-5
1.308E-5
1.017E-6
9.242E-6
3.58E-7
7.226E-6
3.27E-7
3.11E-7
1.3075E-5
6.342E-6
3.9E-7
5.37E-7
2.76E-7
2.657E-6
4.63E-7
3.14E-7
2.48E-7
1.1986E-5
4.71E-7
1.995E-6
8.65E-7
1.51E-6
1.866E-6
6.41E-7
3.05E-7
5.8E-7
3.56E-7
2.61E-7
1.1935E-5
4.084E-6
2.77E-7
1.647E-6
2.002E-6
1.1106E-5
4.12E-7
7.985E-6
3.06E-7
1.12E-6
2.67E-7
1.2849E-5
2.88E-7
1.0861E-5
4.67E-7
9.804E-6
3.4E-7
1.2512E-5
2.87E-7
2.74E-7
6.949E-6
2.85E-7
2.61E-7
1.1741E-5
4.62E-7
1.2912E-5
4.32E-7
1.1583E-5
3.6E-7
1.943E-6
4.86E-7
2.86E-7
9.874E-6
2.75E-7
2.45E-7
8.834E-6
9.15E-7
4.41E-7
8.93E-6
5.12E-7
2.49E-7
3.49E-7
2.49E-7
5.85E-7
3.771E-6
9.456E-6
3.21E-7
2.73E-7
2.76E-7
3.54E-7
3.42E-7
2.69E-7
4.13E-7
4.04E-7
9.484E-6
6.47E-7
3.42E-7
2.76E-7
3.13E-7
9.363E-6
3.26E-7
2.76E-7
6.53E-7
4.06E-7
3.11E-7
1.3155E-5
4.25E-7
6.081E-6
2.99E-7
9.753E-6
5.564E-6
3.54E-7
4.61E-7
9.05E-7
2.56E-7
2.54E-7
2.013E-6
2.56E-7
1.1554E-5
3.08E-7
3.26E-7
3.32E-7
2.68E-7
1.2634E-5
3.15E-7
2.56E-7
7.311E-6
3.76E-7
3.02E-7
2.81E-7
1.0121E-5
3.07E-7
4.0E-7
4.91E-7
2.62E-7
1.4536E-5
3.47E-7
4.042E-6
2.71E-7
2.71E-7
3.995E-6
4.06E-7
9.676E-6
2.84E-7
2.6E-7
3.89E-7
1.1027E-5
1.158E-6
1.0833E-5
3.43E-7
3.7E-7
3.0E-7
3.67E-7
3.74E-7
2.73E-7
3.1E-7
2.65E-7
1.0761E-5
1.0258E-5
9.325E-6
3.51E-7
9.426E-6
6.08E-7
2.94E-7
2.51E-7
6.22E-7
6.54E-7
2.58E-7
1.3364E-5
3.04E-7
4.06E-7
3.37E-7
2.61E-7
1.2474E-5
2.192E-6
5.39E-7
1.145E-6
3.86E-7
4.31E-7
6.378E-6
2.84E-7
4.94E-7
3.04E-7
7.645E-6
1.078E-6
6.19E-7
3.31E-7
4.62E-7
3.04E-7
2.45E-7
3.12E-7
1.019E-6
9.627E-6
1.1046E-5
4.14E-7
4.392E-6
6.682E-6
7.572E-6
3.47E-7
4.14E-7
2.76E-7
5.715E-6
6.604E-6
2.73E-7
3.21E-7
3.35E-7
1.2236E-5
1.1125E-5
2.82E-7
1.3968E-5
3.27E-6
3.08E-7
2.67E-7
7.338E-6
3.01E-7
4.03E-7
3.52E-7
2.82E-7
1.0775E-5
3.01E-7
1.2059E-5
3.02E-7
9.236E-6
1.2355E-5
3.19E-7
1.963E-6
2.58E-7
4.83E-7
5.92E-7
2.81E-7
4.82E-7
4.69E-7
4.46E-7
3.24E-7
3.94E-7
4.38E-7
2.76E-7
2.93E-7
6.82E-7
3.01E-7
3.04E-7
3.35E-7
2.53E-7
1.098E-5
9.68E-6
1.728E-6
7.407E-6
3.2E-7
5.07E-7
2.601E-6
1.936E-6
4.27E-7
6.667E-6
3.15E-7
4.36E-7
3.28E-7
1.1345E-5
3.88E-7
1.3169E-5
1.377E-5
3.218E-6
1.365E-6
1.3222E-5
4.27E-7
1.1459E-5
1.3716E-5
4.19E-7
6.61E-7
6.246E-6
1.119E-6
3.18E-7
1.265E-6
1.3321E-5
1.1831E-5
3.52E-7
1.2517E-5
5.71E-7
1.3091E-5
3.3E-7
1.0347E-5
4.45E-7
1.4543E-5
1.3969E-5
4.63E-7
3.26E-7
1.219E-5
5.53E-7
2.93E-7
4.07E-7
1.1165E-5
3.06E-7
4.11E-7
2.63E-7
2.84E-7
3.26E-7
6.848E-6
4.21E-7
2.83E-7
1.115E-6
2.9E-7
1.362E-6
5.167E-6
4.57E-7
2.84E-7
1.4357E-5
3.89E-7
2.69E-7
3.37E-7
2.61E-7
5.16E-7
3.06E-7
1.262E-6
2.94E-7
2.56E-7
3.71E-7
4.1E-7
5.45E-7
4.848E-6
2.83E-7
1.3909E-5
4.76E-6
6.09E-7
1.252E-5
2.72E-7
1.217E-6
1.429E-6
5.53E-7
2.77E-7
3.35E-7
3.84E-7
2.55E-7
2.59E-7
7.696E-6
2.98E-7
3.73E-7
2.51E-7
1.0708E-5
3.39E-7
3.86E-7
3.12E-7
1.182E-6
8.102E-6
4.77E-7
3.08E-7
2.7E-7
3.95E-7
7.898E-6
3.34E-7
5.95E-7
1.3305E-5
1.0709E-5
3.61E-7
9.461E-6
3.41E-7
2.65E-7
5.567E-6
3.07E-7
4.29E-7
3.97E-7
2.3E-7
5.0E-7
2.66E-7
2.41E-7
3.58E-7
2.42E-7
5.54E-7
3.43E-7
1.1455E-5
3.18E-7
2.47E-7
3.9E-7
1.805E-6
2.56E-7
7.828E-6
3.67E-7
2.7E-7
3.71E-7
1.0562E-5
2.221E-6
1.3335E-5
3.43E-7
3.86E-7
1.321E-5
3.11E-7
4.05E-7
2.93E-7
1.231E-6
1.444E-6
1.4451E-5
3.17E-7
3.34E-7
2.71E-7
1.343E-5
2.88E-7
4.9E-7
1.306E-5
3.0E-7
5.02E-7
4.66E-7
2.84E-7
1.1678E-5
2.83E-7
3.03E-7
1.723E-6
3.19E-7
2.64E-7
1.2571E-5
1.2573E-5
1.015E-6
3.1E-7
5.61E-7
2.55E-7
4.01E-7
4.43E-7
8.41E-7
3.69E-7
3.18E-7
6.845E-6
3.25E-7
1.4454E-5
3.19E-7
2.84E-7
6.839E-6
2.78E-7
5.26E-7
2.49E-7
1.462E-6
3.08E-7
2.68E-7
1.2061E-5
4.961E-6
6.283E-6
6.07E-7
2.074E-6
2.66E-7
1.3045E-5
2.71E-7
1.0256E-5
3.47E-7
2.8E-7
2.72E-7
2.46E-7
7.287E-6
2.96E-7
2.71E-7
4.09E-7
1.3494E-5
2.71E-7
1.253E-6
2.61E-7
1.4238E-5
1.192E-5
9.018E-6
4.82E-7
2.77E-7
1.0947E-5
8.643E-6
3.84E-7
7.88E-7
1.137E-5
6.25E-7
8.331E-6
7.33E-7
1.074E-6
1.1735E-5
2.173E-6
3.23E-7
4.53E-7
1.3455E-5
3.23E-7
1.6202E-5
4.77E-7
3.0E-7
6.98E-7
3.562E-6
3.25E-7
2.94E-7
3.0E-7
1.197E-5
3.1E-7
4.19E-7
7.348E-6
2.8E-7
4.0E-7
7.641E-6
1.4057E-5
3.28E-7
1.4098E-5
4.54E-7
1.385E-6
1.0756E-5
4.71E-7
3.38E-7
1.583E-6
1.5243E-5
1.5101E-5
4.11E-7
2.75E-7
5.5E-7
3.3391E-5
9.37E-7
1.593E-6
6.39E-7
4.07E-7
9.05E-7
4.89E-7
1.072E-6
2.6795E-5
1.074E-6
8.49E-7
6.05E-7
2.658E-6
9.11E-7
7.37E-7
2.918E-6
4.03E-7
4.28E-7
3.12E-7
7.604E-6
3.55E-7
3.05E-7
2.96E-7
1.522E-6
1.494E-6
4.33E-7
3.37E-7
2.98E-7
7.094E-6
2.84E-7
3.856E-6
1.2288E-5
1.2107E-5
4.86E-7
2.99E-7
8.677E-6
1.3563E-5
3.6E-7
9.268E-6
4.6E-7
1.3955E-5
3.322E-6
2.98E-7
4.08E-7
3.6E-7
1.603E-6
3.23E-7
3.6E-7
1.4659E-5
1.5005E-5
3.74E-7
3.64E-7
1.1602E-5
2.94E-7
3.05E-7
9.726E-6
2.83E-7
6.04E-7
1.3378E-5
4.15E-7
5.09E-7
8.36E-7
2.72E-7
1.4034E-5
1.2466E-5
4.7E-7
1.437E-6
7.185E-6
3.65E-7
1.4014E-5
9.45E-7
1.206E-6
1.887E-6
1.1E-6
1.3814E-5
3.47E-7
1.4367E-5
6.52E-7
3.2E-7
1.3008E-5
3.52E-7
1.2535E-5
2.98E-7
5.83E-7
4.01E-7
3.26E-7
5.6E-7
2.61E-7
4.5E-7
3.54E-7
1.654E-6
1.254E-6
1.4027E-5
5.22E-7
1.4037E-5
3.35E-7
4.1E-7
6.02E-7
3.1E-7
4.86E-7
3.04E-7
4.28E-7
1.2295E-5
3.47E-7
2.18E-6
3.21E-7
8.59E-7
3.15E-7
1.4875E-5
4.99E-7
7.136E-6
1.281E-6
2.87E-7
4.66E-7
5.36E-7
4.89E-7
1.475E-6
3.16E-7
1.5449E-5
1.4081E-5
4.63E-7
3.57E-7
5.27E-7
8.03E-7
5.73E-7
7.05E-6
1.2E-6
1.411E-6
3.55E-7
2.76E-7
2.251E-6
5.43E-7
6.87E-6
7.462E-6
5.48E-7
3.94E-7
3.76E-7
1.331E-6
3.65E-7
9.879E-6
6.09E-7
2.9E-7
2.85E-7
9.38E-6
3.15E-7
2.6E-7
5.3E-7
2.63E-7
3.69E-7
3.09E-7
1.4128E-5
3.14E-7
5.72E-7
3.761E-6
3.55E-7
9.701E-6
6.506E-6
4.61E-7
1.506E-6
2.91E-7
3.15E-7
2.53E-7
3.19E-7
3.33E-7
2.98E-7
3.9E-7
2.43E-7
1.5015E-5
3.12E-7
4.22E-7
3.23E-7
2.48E-7
4.03E-7
