5.717E-6
2.835E-6
2.376E-6
2.242E-6
1.904E-6
2.205E-6
1.956E-6
2.43E-6
1.3509E-5
2.205E-6
1.911E-6
2.23E-6
4.604E-6
2.465E-6
2.307E-6
2.054E-6
1.947E-6
2.259E-6
3.223E-6
2.364E-6
2.066E-6
1.541E-6
2.239E-6
1.697E-6
1.945E-6
2.183E-6
1.642E-6
1.693E-6
4.135E-6
2.049E-6
2.388E-6
1.962E-6
2.357E-6
1.672E-6
1.599E-6
2.373E-6
1.583E-6
1.83E-6
1.989E-6
1.622E-6
1.382E-6
5.138E-6
1.932E-6
2.302E-6
1.89E-6
1.898E-6
2.011E-6
1.993E-6
3.09E-6
1.717E-6
1.634E-6
2.133E-6
1.556E-6
1.369E-6
2.023E-6
1.447E-6
2.366E-6
2.028E-6
1.97E-6
1.946E-6
1.36E-6
1.406E-6
2.263E-6
2.125E-6
1.789E-6
1.714E-6
1.695E-6
2.601E-6
1.988E-6
2.285E-6
2.057E-6
1.499E-6
2.158E-6
1.741E-6
4.791E-6
2.604E-6
2.217E-6
1.469E-6
1.602E-6
2.222E-6
2.011E-6
1.387E-6
1.345E-6
2.078E-6
1.977E-6
1.926E-6
1.461E-6
1.898E-6
1.914E-6
1.499E-6
1.47E-6
2.797E-6
2.444E-6
1.955E-6
2.0E-6
1.777E-6
2.03E-6
1.34E-6
1.624E-6
2.054E-6
1.387E-6
1.49E-6
1.368E-6
1.241E-6
1.359E-6
2.324E-6
1.581E-6
1.69E-6
2.052E-6
2.256E-6
1.723E-6
2.217E-6
1.891E-6
1.793E-6
1.32E-6
1.482E-6
2.62E-6
2.846E-6
1.628E-6
2.055E-6
2.042E-6
2.23E-6
1.917E-6
2.172E-6
2.828E-6
2.094E-6
1.3855E-5
2.319E-6
1.914E-6
2.273E-6
1.847E-6
1.624E-6
1.547E-6
1.801E-6
1.999E-6
2.449E-6
1.568E-6
2.212E-6
2.368E-6
1.766E-6
2.349E-6
1.69E-6
1.72E-6
2.167E-6
2.021E-6
2.399E-6
2.725E-6
1.555E-6
1.669E-6
2.328E-6
1.643E-6
2.581E-6
2.232E-6
1.857E-6
1.722E-6
2.506E-6
1.617E-6
2.239E-6
1.673E-6
1.563E-6
2.437E-6
1.873E-6
1.469E-6
1.575E-6
2.265E-6
2.247E-6
1.615E-6
2.188E-6
1.944E-6
1.827E-6
1.842E-6
2.207E-6
1.545E-6
1.969E-6
2.241E-6
1.548E-6
2.556E-6
2.264E-6
1.594E-6
2.66E-6
1.419E-6
2.441E-6
2.08E-6
1.527E-6
1.38E-6
1.273E-6
2.361E-6
2.123E-6
1.54E-6
2.335E-6
1.435E-6
2.735E-6
1.45E-6
1.602E-6
2.092E-6
1.44E-6
1.393E-6
2.093E-6
2.492E-6
1.568E-6
1.366E-6
2.313E-6
1.678E-6
2.308E-6
2.226E-6
2.807E-6
1.608E-6
1.545E-6
2.465E-6
1.984E-6
2.508E-6
1.871E-6
1.64E-6
2.254E-6
1.569E-6
2.233E-6
2.048E-6
2.12E-6
1.577E-6
2.27E-6
1.367E-6
2.594E-6
1.528E-6
2.503E-6
1.679E-6
1.8396E-5
2.671E-6
1.93E-6
5.745E-6
1.859E-6
2.586E-6
2.842E-6
1.631E-6
2.405E-6
1.812E-6
2.001E-6
3.051E-6
2.831E-6
2.358E-6
2.002E-6
1.622E-6
1.976E-6
2.278E-6
1.843E-6
2.32E-6
1.468E-6
2.017E-6
1.988E-6
2.488E-6
1.734E-6
2.194E-6
1.929E-6
1.821E-6
2.2E-6
1.3917E-5
2.371E-6
2.865E-6
2.549E-6
1.652E-6
2.536E-6
2.044E-6
2.67E-6
1.621E-6
2.114E-6
1.569E-6
2.14E-6
1.954E-6
2.722E-6
2.277E-6
1.865E-6
2.094E-6
2.636E-6
1.522E-6
1.769E-6
2.317E-6
3.879E-6
1.771E-6
2.766E-6
2.776E-6
2.283E-6
1.78E-6
2.163E-6
1.72E-6
2.286E-6
1.944E-6
1.811E-6
1.852E-6
2.357E-6
1.541E-6
3.222E-6
1.725E-6
2.314E-6
1.523E-6
2.889E-6
2.498E-6
2.001E-6
1.594E-6
1.92E-6
1.461E-6
2.248E-6
1.775E-6
2.559E-6
2.961E-6
1.563E-6
1.425E-6
2.271E-6
2.083E-6
1.427E-6
1.679E-6
1.768E-6
1.599E-6
1.488E-6
1.572E-6
1.409E-6
2.331E-6
2.237E-6
1.503E-6
2.449E-6
2.442E-6
2.324E-6
1.549E-6
1.644E-6
2.719E-6
1.809E-6
1.791E-6
6.766E-6
1.883E-6
2.239E-6
1.608E-6
1.688E-6
1.778E-6
1.516E-6
2.785E-6
2.568E-6
2.688E-6
2.272E-6
2.191E-6
2.026E-6
1.682E-6
2.095E-6
2.558E-6
1.603E-6
2.362E-6
2.039E-6
1.563E-6
2.838E-6
2.851E-6
1.632E-6
2.883E-6
2.81E-6
3.149E-6
1.72E-6
2.067E-6
2.397E-6
1.815E-6
1.72E-6
2.717E-6
2.658E-6
2.007E-6
1.471E-6
2.694E-6
1.542E-6
2.221E-6
1.807E-6
1.508E-6
2.524E-6
2.318E-6
1.607E-6
1.794E-6
2.352E-6
1.6E-6
2.457E-6
2.373E-6
1.8E-6
1.769E-6
1.634E-6
2.378E-6
2.28E-6
1.734E-6
2.513E-6
2.747E-6
1.652E-6
5.764E-6
1.798E-6
3.734E-6
1.822E-6
1.694E-6
1.794E-6
1.662E-6
2.48E-6
1.534E-6
2.398E-6
1.662E-6
1.788E-6
3.183E-6
2.96E-6
2.465E-6
1.831E-6
3.179E-6
1.903E-6
1.513E-6
2.147E-6
1.702E-6
2.493E-6
1.474E-6
2.19E-6
1.829E-6
2.381E-6
3.203E-6
1.579E-6
1.764E-6
1.491E-6
1.6E-6
3.182E-6
2.178E-6
1.377E-6
2.552E-6
2.171E-6
2.576E-6
4.141E-6
4.349E-6
2.454E-6
1.809E-6
2.0E-6
2.1E-6
1.787E-6
1.542E-6
2.231E-6
1.65E-6
1.744E-6
1.844E-6
1.761E-6
2.19E-6
1.569E-6
2.852E-6
1.545E-6
2.68E-6
1.661E-6
1.479E-6
1.639E-6
1.593E-6
2.427E-6
1.87E-6
2.534E-6
1.581E-6
2.288E-6
2.465E-6
1.958E-6
2.013E-6
2.234E-6
1.895E-6
2.881E-6
1.794E-6
1.621E-6
1.981E-6
1.421E-6
2.129E-6
4.99E-6
1.535E-6
3.433E-6
1.557E-6
2.337E-6
1.532E-6
1.938E-6
2.419E-6
1.524E-6
1.715E-6
1.745E-6
1.498E-6
2.238E-6
1.378E-6
2.257E-6
1.862E-6
2.961E-6
1.756E-6
1.613E-6
2.172E-6
2.357E-6
2.608E-6
1.642E-6
6.917E-6
1.91E-6
1.734E-6
1.596E-6
2.101E-6
2.291E-6
1.499E-6
2.032E-6
1.657E-6
1.95E-6
5.216E-6
1.848E-6
1.915E-6
3.829E-6
1.461E-6
1.443E-6
1.752E-6
1.882E-6
1.612E-6
2.356E-6
1.492E-6
2.229E-6
4.271E-6
2.935E-6
1.831E-6
1.56E-6
1.278E-6
1.088E-6
2.753E-6
1.134E-6
6.0859E-5
2.004E-6
1.584E-6
2.379E-6
1.444E-6
2.066E-6
3.411E-6
1.298E-6
1.282E-6
3.987E-6
2.611E-6
2.712E-6
1.256E-6
1.585E-6
2.17E-6
1.162E-6
1.589E-6
1.037E-6
1.556E-6
1.195E-6
1.096E-6
4.359E-6
1.762E-6
2.204E-6
2.03E-6
2.108E-6
1.973E-6
1.368E-6
1.535E-6
1.609E-6
1.091E-6
1.238E-6
1.484E-6
1.07E-6
1.334E-6
1.221E-6
3.742E-6
1.434E-6
1.093E-6
3.945E-6
1.62E-6
1.102E-6
1.69E-6
1.056E-6
1.242E-6
1.361E-6
2.403E-6
1.975E-6
1.766E-6
1.165E-6
1.303E-6
3.401E-6
2.098E-6
3.721E-6
1.38E-6
1.755E-6
1.819E-6
1.661E-6
1.035E-6
1.592E-6
2.042E-6
1.345E-6
4.011E-6
1.753E-6
1.55E-6
1.473E-6
1.178E-6
2.806E-6
1.874E-6
1.086E-6
1.467E-6
1.402E-6
1.591E-6
1.642E-6
2.573E-6
1.122E-6
9.82E-7
1.04E-6
2.764E-6
1.016E-6
5.245E-6
5.885E-6
4.169E-6
1.194E-6
1.863E-6
1.161E-6
1.324E-6
3.071E-6
1.57E-6
1.553E-6
1.357E-6
2.549E-6
4.282E-6
1.383E-6
1.823E-6
1.266E-6
1.24E-6
1.065E-6
1.713E-6
1.411E-6
1.562E-6
1.325E-6
1.071E-6
1.504E-6
2.417E-6
1.131E-6
1.831E-6
2.231E-6
2.08E-6
2.199E-6
1.257E-6
2.116E-6
1.628E-6
1.173E-6
1.043E-6
2.8E-6
1.061E-6
1.334E-6
1.675E-6
1.212E-6
1.21E-6
1.141E-6
2.008E-6
4.257E-6
6.075E-6
1.119E-6
1.852E-6
1.113E-6
7.259E-6
1.171E-6
1.032E-6
1.43E-6
1.769E-6
1.492E-6
1.66E-6
1.586E-6
4.38E-6
2.07E-6
1.044E-6
1.434E-6
1.761E-6
1.244E-6
5.565E-6
2.711E-6
2.926E-6
1.293E-6
1.481E-6
1.211E-6
5.458E-6
1.238E-6
1.93E-6
2.128E-6
1.2E-6
1.484E-6
1.529E-6
1.604E-6
1.552E-6
1.723E-6
1.212E-6
1.206E-6
1.598E-6
1.258E-6
1.594E-6
1.48E-6
1.012E-6
6.129E-6
1.69E-6
1.222E-6
1.484E-6
5.444E-6
1.081E-6
1.213E-6
1.959E-6
1.67E-6
1.596E-6
1.446E-6
1.307E-6
1.515E-6
1.468E-6
2.56E-6
1.231E-6
2.238E-6
1.185E-6
1.64E-6
1.135E-6
1.159E-6
5.404E-6
1.403E-6
2.44E-6
1.215E-6
1.031E-6
1.8E-6
1.927E-6
2.697E-6
1.753E-6
1.651E-6
2.362E-6
1.202E-6
1.085E-6
1.66E-6
1.675E-6
1.252E-6
1.323E-6
4.41E-6
2.024E-6
1.212E-6
4.403E-6
1.263E-6
1.429E-6
4.682E-6
1.792E-6
1.343E-6
1.685E-6
1.193E-6
1.051E-6
1.605E-6
2.53E-6
1.442E-6
1.099E-6
1.312E-6
1.137E-6
1.059E-6
1.396E-6
2.503E-6
1.292E-6
1.887E-6
1.116E-6
1.288E-6
1.323E-6
1.353E-6
1.043E-6
1.198E-6
1.188E-6
1.0165E-5
1.248E-6
1.431E-6
2.554E-6
1.018E-6
1.044E-6
1.88E-6
2.567E-6
1.386E-6
1.619E-6
1.267E-6
1.852E-6
1.46E-6
1.301E-6
4.759E-6
1.741E-6
1.708E-6
2.213E-6
1.247E-6
1.911E-6
2.04E-6
1.974E-6
1.365E-6
3.162E-6
1.928E-6
1.673E-6
1.655E-6
1.078E-6
1.34E-6
1.005E-6
1.09E-6
1.334E-6
2.09E-6
1.2E-6
6.875E-6
1.305E-6
1.448E-6
2.155E-6
1.502E-6
1.188E-6
1.257E-6
1.05E-6
1.085E-6
1.007E-6
1.231E-6
1.416E-6
1.362E-6
3.57E-6
1.166E-6
1.078E-6
1.622E-6
1.622E-6
1.44E-6
1.556E-6
5.195E-6
1.413E-6
1.304E-6
1.167E-6
4.714E-6
1.01E-6
1.43E-6
1.356E-6
1.054E-6
1.861E-6
1.951E-6
1.487E-6
2.71E-6
5.482E-6
1.444E-6
1.883E-6
1.834E-6
1.386E-6
2.366E-6
2.925E-6
1.139E-6
2.083E-6
1.381E-6
1.209E-6
1.394E-6
1.424E-6
1.12E-6
4.492E-6
5.562E-6
1.273E-6
2.33E-6
1.603E-6
1.961E-6
1.4239E-5
2.387E-6
1.263E-6
1.176E-6
1.874E-6
1.781E-6
1.391E-6
1.201E-6
1.041E-6
1.315E-6
9.78E-7
1.575E-6
1.163E-6
1.107E-6
5.94E-6
3.025E-6
1.205E-6
1.197E-6
9.87E-7
1.927E-6
1.665E-6
2.503E-6
1.271E-6
4.695E-6
9.97E-7
1.216E-6
2.352E-6
1.025E-6
1.803E-6
1.158E-6
1.306E-6
9.93E-7
2.096E-6
1.134E-6
2.593E-6
1.083E-6
1.011E-6
2.164E-6
1.485E-6
1.117E-6
1.12E-6
5.483E-6
3.361E-6
1.621E-6
1.114E-6
2.463E-6
2.021E-6
1.162E-6
1.037E-6
1.693E-6
1.394E-6
1.177E-6
5.425E-6
1.461E-6
2.25E-6
1.247E-6
1.022E-6
1.978E-6
1.157E-6
1.61E-6
3.15E-6
1.083E-6
1.249E-6
1.801E-6
4.857E-6
1.557E-6
1.35E-6
1.669E-6
1.675E-6
1.041E-6
9.8E-7
4.536E-6
2.423E-6
1.303E-6
1.065E-6
1.093E-6
1.1E-6
2.598E-6
1.604E-6
3.589E-6
1.004E-6
1.529E-6
1.2E-6
2.555E-6
1.255E-6
5.954E-6
1.285E-6
1.696E-6
4.049E-6
1.206E-6
4.368E-6
1.131E-6
1.222E-6
1.031E-6
4.709E-6
1.28E-6
1.227E-6
1.09E-6
2.613E-6
1.278E-6
1.814E-6
7.168E-6
1.237E-6
7.605E-6
1.086E-6
1.781E-6
7.07E-6
1.162E-6
1.815E-6
2.116E-6
1.601E-6
1.139E-6
1.145E-6
9.438E-6
2.566E-6
1.124E-6
1.108E-6
1.591E-6
1.552E-6
1.865E-6
1.298E-6
1.966E-6
4.341E-6
1.241E-6
2.014E-6
1.034E-6
1.671E-6
5.0E-6
1.106E-6
1.792E-6
2.421E-6
1.121E-6
1.005E-6
5.016E-6
1.187E-6
2.43E-6
1.076E-6
1.243E-6
1.498E-6
5.648E-6
1.112E-6
3.11E-6
2.348E-6
1.221E-6
1.037E-6
3.197E-6
2.022E-6
1.206E-6
2.526E-6
1.19E-6
2.566E-6
4.929E-6
1.113E-6
9.43E-7
1.215E-6
2.143E-6
1.354E-6
1.144E-6
1.386E-6
9.88E-7
1.583E-6
5.305E-6
1.438E-6
1.525E-6
6.666E-6
1.392E-6
1.627E-6
4.247E-6
2.387E-6
1.143E-6
2.012E-6
1.137E-6
9.52E-7
1.321E-6
1.21E-6
6.365E-6
3.008E-6
1.614E-6
6.968E-6
1.312E-6
1.3E-6
1.291E-6
4.661E-6
1.256E-6
2.754E-6
4.623E-6
1.33E-6
1.923E-6
1.306E-6
1.7E-6
2.058E-6
9.35E-7
3.884E-6
