3.3333E-5
1.2459E-5
2.4495E-5
1.762E-5
2.0251E-5
1.0391E-5
1.3653E-5
8.009E-6
1.7479E-5
1.7607E-5
9.39E-6
8.484E-6
7.569E-6
1.603E-5
1.1685E-5
1.3085E-5
8.078E-6
1.7031E-5
1.5961E-5
1.5046E-5
8.637E-6
1.8673E-5
1.4382E-5
1.746E-5
9.764E-6
8.058E-6
1.3017E-5
8.228E-6
1.0834E-5
8.487E-6
1.0913E-5
1.4426E-5
8.096E-6
1.1127E-5
1.1559E-5
1.878E-5
1.4391E-5
7.431E-6
3.8039E-5
1.0236E-5
8.209E-6
1.7853E-5
1.0627E-5
1.6101E-5
1.3193E-5
1.552E-5
1.167E-5
1.1484E-5
6.403E-6
1.4638E-5
1.5866E-5
9.631E-6
7.152E-6
1.1705E-5
1.2379E-5
5.97E-6
7.7E-6
1.8068E-5
8.902E-6
1.4588E-5
1.6816E-5
1.3918E-5
7.182E-6
3.1746E-5
1.0872E-5
1.278E-5
1.4224E-5
1.6164E-5
7.424E-6
2.0836E-5
8.381E-6
1.022E-5
1.7356E-5
1.5511E-5
9.208E-6
1.8495E-5
1.4155E-5
1.612E-5
1.1712E-5
8.722E-6
9.718E-6
1.3367E-5
7.747E-6
1.5435E-5
1.0425E-5
7.16E-6
1.048E-5
8.528E-6
1.0307E-5
1.4663E-5
1.1423E-5
3.4947E-5
1.3707E-5
1.4159E-5
1.892E-5
7.445E-6
1.3484E-5
1.2537E-5
1.7925E-5
8.841E-6
1.0412E-5
1.5048E-5
1.208E-5
1.9845E-5
7.593E-6
9.115E-6
7.204E-6
7.9E-6
1.5209E-5
5.796E-6
1.1525E-5
1.4215E-5
1.5602E-5
1.0707E-5
9.964E-6
1.2891E-5
9.584E-6
7.173E-6
6.829E-6
7.722E-6
7.079E-6
1.7625E-5
1.092E-5
1.8053E-5
1.1262E-5
1.0753E-5
6.453E-6
1.2994E-5
1.656E-5
1.113E-5
1.3095E-5
7.892E-6
1.4796E-5
1.4532E-5
1.5101E-5
7.434E-6
1.0784E-5
1.4422E-5
1.782E-5
1.5042E-5
9.538E-6
1.5225E-5
1.0238E-5
1.1908E-5
1.0621E-5
1.4917E-5
1.7398E-5
7.655E-6
7.743E-6
1.1089E-5
9.368E-6
7.451E-6
1.4955E-5
6.872E-6
9.219E-6
1.4467E-5
8.774E-6
1.6523E-5
1.4208E-5
1.1422E-5
1.0105E-5
1.5402E-5
1.6651E-5
1.7791E-5
1.1477E-5
9.766E-6
1.34764E-4
3.872E-6
5.273E-6
1.3765E-5
5.4E-6
4.13E-6
4.901E-6
3.471E-6
5.623E-6
3.77E-6
2.57E-6
2.83E-6
4.427E-6
2.615E-6
7.857E-6
5.607E-6
2.113E-6
4.789E-6
3.614E-6
4.07E-6
2.304E-6
3.046E-6
4.256E-6
5.326E-6
4.359E-6
3.77E-6
6.481E-6
4.347E-6
2.691E-6
3.938E-6
4.726E-6
2.545E-6
1.911E-6
3.367E-6
2.901E-6
3.136E-6
1.871E-6
4.766E-6
2.762E-6
4.589E-6
3.405E-6
2.324E-6
2.382E-6
6.348E-6
3.633E-6
3.152E-6
3.145E-6
5.623E-6
4.87E-6
3.366E-6
3.195E-6
2.159E-6
4.186E-6
2.273E-6
3.377E-6
4.707E-6
5.232E-6
4.084E-6
2.201E-6
5.518E-6
4.399E-6
3.104E-6
2.705E-6
2.797E-6
4.05E-6
2.602E-6
2.611E-6
5.616E-6
2.572E-6
1.0598E-5
6.249E-6
4.561E-6
5.429E-6
3.409E-6
3.246E-6
3.945E-6
3.156E-6
4.955E-6
4.207E-6
3.248E-6
3.4E-6
3.408E-6
2.747E-6
4.259E-6
2.565E-6
2.787E-6
2.269E-6
4.716E-6
3.517E-6
1.3939E-5
4.924E-6
4.044E-6
4.515E-6
2.241E-6
2.525E-6
5.658E-6
3.481E-6
1.913E-6
3.434E-6
4.222E-6
3.66E-6
5.449E-6
2.707E-6
5.533E-6
2.815E-6
5.002E-6
4.008E-6
7.868E-6
4.723E-6
3.41E-6
4.653E-6
2.84E-6
2.327E-6
2.731E-6
5.385E-6
4.429E-6
2.465E-6
4.593E-6
2.234E-6
4.129E-6
4.077E-6
2.528E-6
1.752E-6
4.057E-6
4.892E-6
2.298E-6
4.6E-6
5.083E-6
1.7029E-5
4.83E-6
2.618E-6
3.755E-6
2.468E-6
3.609E-6
3.146E-6
5.641E-6
5.182E-6
2.203E-6
2.878E-6
2.467E-6
2.243E-6
3.878E-6
5.541E-6
4.719E-6
3.332E-6
4.353E-6
3.141E-6
2.271E-6
2.956E-6
2.168E-6
2.502E-6
1.961E-6
2.451E-6
4.875E-6
3.988E-6
2.509E-6
2.064E-6
3.947E-6
3.27E-6
3.992E-6
2.769E-6
5.446E-6
4.01E-6
2.443E-6
5.639E-6
3.417E-6
4.73E-6
4.136E-6
4.687E-6
4.248E-6
2.528E-6
4.959E-6
2.584E-6
1.987E-6
2.2E-6
2.901E-6
2.76E-6
2.452E-6
5.022E-6
2.193E-6
2.364E-6
4.693E-6
2.505E-6
2.63E-6
7.397E-6
2.676E-6
4.533E-6
4.58E-6
3.853E-6
5.009E-6
2.215E-6
2.712E-6
3.106E-6
5.032E-6
2.494E-6
1.888E-6
4.893E-6
3.031E-6
4.108E-6
2.811E-6
2.556E-6
2.606E-6
5.61E-6
4.514E-6
3.727E-6
3.457E-6
5.088E-6
4.566E-6
4.616E-6
3.421E-6
2.293E-6
4.876E-6
5.119E-6
3.369E-6
2.933E-6
2.522E-6
2.198E-6
2.397E-6
5.099E-6
2.803E-6
2.444E-6
4.968E-6
3.975E-6
4.061E-6
1.963E-6
4.806E-6
5.143E-6
4.122E-6
3.17E-6
2.764E-6
4.248E-6
2.367E-6
5.223E-6
2.652E-6
5.193E-6
2.866E-6
3.539E-6
2.763E-6
3.675E-6
2.19E-6
2.439E-6
2.611E-6
4.403E-6
2.288E-6
3.806E-6
3.789E-6
2.001E-6
4.065E-6
3.269E-6
2.104E-6
2.898E-6
2.294E-6
4.406E-6
4.57E-6
4.428E-6
2.308E-6
5.198E-6
4.394E-6
2.807E-6
3.087E-6
4.551E-6
4.604E-6
2.412E-6
4.603E-6
5.318E-6
2.76E-6
3.42E-6
3.309E-6
4.494E-6
2.231E-6
2.241E-6
5.191E-6
4.64E-6
4.331E-6
2.736E-6
2.521E-6
5.349E-6
3.718E-6
3.13E-6
2.894E-6
5.753E-6
3.241E-6
3.059E-6
5.409E-6
2.488E-6
4.363E-6
4.183E-6
3.994E-6
2.491E-6
4.904E-6
2.284E-6
2.169E-6
3.89E-6
4.488E-6
5.7E-6
3.799E-6
2.508E-6
1.953E-6
2.486E-6
3.796E-6
4.758E-6
2.932E-6
2.84E-6
4.336E-6
4.305E-6
2.083E-6
2.229E-6
4.524E-6
2.808E-6
4.096E-6
4.574E-6
3.213E-6
5.415E-6
4.349E-6
4.635E-6
2.629E-6
3.147E-6
3.062E-6
2.572E-6
4.936E-6
2.5733E-5
3.273E-6
4.977E-6
4.455E-6
4.688E-6
5.016E-6
3.51E-6
3.541E-6
3.198E-6
3.795E-6
2.214E-6
4.471E-6
2.804E-6
2.645E-6
5.267E-6
2.503E-6
3.246E-6
2.877E-6
5.324E-6
3.979E-6
2.511E-6
2.494E-6
6.231E-6
2.723E-6
2.23E-6
2.157E-6
2.709E-6
5.596E-6
5.369E-6
3.383E-6
4.03E-6
2.525E-6
4.711E-6
2.192E-6
3.668E-6
6.49E-6
2.563E-6
4.57E-6
4.524E-6
4.58E-6
3.229E-6
3.61E-6
2.355E-6
4.362E-6
3.685E-6
2.765E-6
3.248E-6
5.537E-6
4.107E-6
2.371E-6
2.448E-6
3.3E-6
2.464E-6
4.74E-6
5.17E-6
2.74E-6
2.294E-6
2.806E-6
2.154E-6
3.912E-6
4.739E-6
2.202E-6
2.278E-6
4.053E-6
4.005E-6
2.55E-6
5.377E-6
3.889E-6
3.506E-6
2.44E-6
2.862E-6
2.542E-6
3.3E-6
2.6959E-5
2.31E-6
4.396E-6
3.619E-6
5.513E-6
2.613E-6
3.282E-6
2.479E-6
2.167E-6
4.438E-6
2.995E-6
3.871E-6
2.428E-6
3.842E-6
3.144E-6
5.473E-6
3.92E-6
3.032E-6
2.812E-6
4.46E-6
5.126E-6
2.739E-6
3.261E-6
2.512E-6
5.02E-6
5.441E-6
5.186E-6
3.869E-6
2.646E-6
2.657E-6
2.414E-6
3.983E-6
4.494E-6
4.176E-6
2.259E-6
4.432E-6
2.096E-6
2.077E-6
3.335E-6
2.246E-6
4.505E-6
3.218E-6
4.635E-6
3.591E-6
2.343E-6
5.483E-6
3.981E-6
2.272E-6
2.336E-6
2.726E-6
2.862E-6
4.59E-6
2.259E-6
1.73E-6
3.614E-6
2.583E-6
2.98E-6
5.062E-6
4.76E-6
3.474E-6
5.362E-6
2.45E-6
2.481E-6
4.46E-6
4.402E-6
2.093E-6
2.991E-6
2.459E-6
2.019E-6
3.179E-6
2.483E-6
3.601E-6
4.228E-6
2.522E-6
3.091E-6
3.43E-6
4.603E-6
5.009E-6
3.121E-6
3.829E-6
3.064E-6
5.303E-6
3.195E-6
5.798E-6
2.178E-6
3.684E-6
4.493E-6
2.093E-6
3.684E-6
2.756E-6
4.768E-6
4.884E-6
3.025E-6
5.053E-6
2.359E-6
3.32E-6
3.083E-6
2.411E-6
3.519E-6
2.156E-6
4.305E-6
4.361E-6
3.975E-6
2.228E-6
2.337E-6
3.916E-6
3.003E-6
2.659E-6
3.869E-6
3.72E-6
2.01E-6
4.24E-6
3.585E-6
2.129E-6
2.255E-6
4.693E-6
4.044E-6
5.439E-6
2.207E-6
4.997E-6
2.829E-6
4.447E-6
3.425E-6
2.286E-6
3.808E-6
4.252E-6
2.059E-6
2.76E-6
5.995E-6
3.039E-6
2.929E-6
3.677E-6
2.129E-6
2.588E-6
2.99E-6
3.907E-6
2.248E-6
4.973E-6
3.351E-6
2.986E-6
2.255E-6
2.324E-6
3.386E-6
3.982E-6
2.13E-6
4.015E-6
2.069E-6
2.235E-6
3.061E-6
2.761E-6
4.239E-6
2.979E-6
4.863E-6
3.328E-6
4.808E-6
7.487E-6
2.383E-6
5.259E-6
2.461E-6
3.92E-6
4.542E-6
5.001E-6
2.454E-6
2.535E-6
2.187E-6
3.149E-6
2.748E-6
2.637E-6
1.955E-6
2.539E-6
2.055E-6
3.174E-6
2.28E-6
4.241E-6
2.433E-6
3.129E-6
4.935E-6
2.154E-6
3.204E-6
2.272E-6
5.143E-6
1.824E-6
3.817E-6
3.645E-6
4.092E-6
4.118E-6
3.939E-6
2.276E-6
5.207E-6
1.978E-6
2.284E-6
5.121E-6
2.326E-6
4.208E-6
2.257E-6
2.078E-6
4.827E-6
5.733E-6
3.177E-6
2.039E-6
4.011E-6
3.078E-6
2.662E-6
5.329E-6
2.259E-6
2.589E-6
3.537E-6
3.101E-6
2.779E-6
3.736E-6
2.143E-6
4.447E-6
2.942E-6
2.156E-6
2.317E-6
5.222E-6
2.841E-6
2.249E-6
4.617E-6
2.25E-6
3.77E-6
3.44E-6
3.884E-6
4.698E-6
2.691E-6
4.463E-6
4.337E-6
4.65E-6
2.163E-6
4.764E-6
1.904E-6
2.463E-6
4.987E-6
3.22E-6
2.951E-6
2.386E-6
3.751E-6
4.087E-6
4.293E-6
2.809E-6
3.277E-6
3.28E-6
5.501E-6
3.429E-6
2.981E-6
3.195E-6
3.096E-6
2.867E-6
2.867E-6
3.021E-6
4.996E-6
3.775E-6
2.226E-6
2.562E-6
4.218E-6
4.604E-6
2.021E-6
5.134E-6
2.289E-6
3.093E-6
5.15E-6
1.3054E-5
2.324E-6
1.944E-6
5.538E-6
2.075E-6
4.009E-6
2.209E-6
2.291E-6
5.543E-6
4.438E-6
2.827E-6
1.924E-6
5.103E-6
4.551E-6
2.197E-6
2.404E-6
2.992E-6
2.877E-6
2.001E-6
3.6E-6
1.899E-6
5.301E-6
2.298E-6
3.88E-6
1.848E-6
4.163E-6
4.383E-6
2.435E-6
3.151E-6
4.868E-6
3.493E-6
2.685E-6
5.163E-6
2.219E-6
4.954E-6
2.844E-6
4.7E-6
5.092E-6
2.204E-6
2.261E-6
1.854E-6
1.781E-6
5.116E-6
3.366E-6
2.39E-6
4.846E-6
2.155E-6
5.377E-6
2.645E-6
4.512E-6
4.369E-6
2.06E-6
2.499E-6
2.178E-6
2.068E-6
2.218E-6
3.144E-6
2.116E-6
3.344E-6
3.374E-6
2.024E-6
2.249E-6
4.345E-6
1.787E-6
1.933E-6
2.973E-6
2.723E-6
5.19E-6
2.047E-6
4.046E-6
3.129E-6
4.46E-6
2.958E-6
2.054E-6
3.989E-6
2.156E-6
2.326E-6
3.804E-6
2.647E-6
2.02E-6
4.045E-6
2.23E-6
4.233E-6
2.323E-6
4.414E-6
2.166E-6
3.175E-6
2.256E-6
4.729E-6
2.951E-6
7.136E-6
4.306E-6
2.354E-6
3.705E-6
5.195E-6
4.554E-6
2.135E-6
2.216E-6
2.851E-6
3.95E-6
4.696E-6
4.508E-6
3.183E-6
3.712E-6
2.034E-6
4.512E-6
4.176E-6
2.257E-6
6.475E-6
2.648E-6
2.335E-6
2.448E-6
4.033E-6
2.366E-6
3.949E-6
2.166E-6
4.188E-6
3.537E-6
1.696E-6
2.144E-6
1.83E-6
2.729E-6
3.965E-6
2.757E-6
3.85E-6
3.011E-6
1.934E-6
4.58E-6
3.498E-6
2.247E-6
5.893E-6
3.534E-6
4.99E-6
3.295E-6
3.844E-6
4.339E-6
3.107E-6
2.69E-6
5.24E-6
2.35E-6
4.974E-6
2.877E-6
4.25E-6
1.976E-6
4.477E-6
4.733E-6
4.887E-6
2.393E-6
2.181E-6
4.451E-6
2.68E-6
2.152E-6
6.204E-6
3.415E-6
2.393E-6
2.627E-6
2.448E-6
3.664E-6
3.645E-6
3.324E-6
5.215E-6
2.468E-6
2.397E-6
4.474E-6
4.442E-6
4.439E-6
4.554E-6
3.212E-6
2.494E-6
2.269E-6
3.987E-6
2.014E-6
4.164E-6
2.218E-6
5.34E-6
1.999E-6
3.113E-6
3.532E-6
1.557E-6
2.273E-6
3.85E-6
2.359E-6
5.305E-6
1.807E-6
2.629E-6
2.122E-6
2.96E-6
2.299E-6
2.029E-6
2.394E-6
4.66E-6
3.096E-6
2.089E-6
3.644E-6
2.203E-6
3.147E-6
3.042E-6
2.258E-6
5.04E-6
2.034E-6
3.038E-6
5.088E-6
3.386E-6
