7.64E-6
5.806E-6
4.133E-6
6.394E-6
9.585E-6
4.807E-6
4.552E-6
2.029E-6
6.082E-6
5.672E-6
3.165E-6
3.009E-6
2.933E-6
6.762E-6
3.857E-6
4.628E-6
2.736E-6
4.899E-6
3.889E-6
4.763E-6
2.992E-6
5.638E-6
5.952E-6
5.013E-6
3.285E-6
2.356E-6
3.421E-6
2.224E-6
4.425E-6
3.376E-6
3.356E-6
4.845E-6
2.09E-6
3.199E-6
3.225E-6
4.159E-6
4.121E-6
2.141E-6
3.643E-6
6.672E-6
2.33E-6
4.739E-6
3.817E-6
4.108E-6
4.547E-6
4.72E-6
4.237E-6
4.272E-6
2.065E-6
4.761E-6
4.485E-6
3.969E-6
2.044E-6
3.967E-6
4.75E-6
1.709E-6
2.559E-6
5.874E-6
2.381E-6
3.774E-6
5.456E-6
3.967E-6
2.316E-6
4.512E-6
3.305E-6
4.311E-6
3.726E-6
6.731E-6
2.001E-6
5.703E-6
1.997E-6
3.811E-6
5.611E-6
6.24E-6
2.645E-6
6.515E-6
4.021E-6
5.978E-6
2.045E-6
2.746E-6
3.22E-6
4.121E-6
2.539E-6
5.592E-6
2.951E-6
2.032E-6
3.083E-6
3.386E-6
2.16E-6
3.308E-6
3.171E-6
2.573E-6
5.502E-6
3.844E-6
4.924E-6
2.224E-6
3.983E-6
3.584E-6
4.146E-6
2.675E-6
3.2E-6
4.305E-6
5.225E-6
4.899E-6
2.132E-6
3.662E-6
2.106E-6
5.447E-6
4.766E-6
1.903E-6
3.52E-6
4.502E-6
3.809E-6
2.941E-6
3.835E-6
3.965E-6
3.717E-6
2.113E-6
2.606E-6
2.257E-6
2.031E-6
5.817E-6
3.223E-6
5.547E-6
3.0E-6
3.826E-6
2.241E-6
2.379E-6
4.881E-6
3.187E-6
4.021E-6
2.25E-6
4.691E-6
3.306E-6
4.665E-6
1.81E-6
1.4622E-5
4.166E-6
4.871E-6
3.965E-6
3.264E-6
4.232E-6
6.906E-6
3.661E-6
2.3E-6
8.955E-6
5.162E-6
2.114E-6
2.507E-6
4.228E-6
2.942E-6
2.368E-6
8.755E-6
2.362E-6
3.467E-6
4.823E-6
2.799E-6
5.306E-6
5.603E-6
3.992E-6
2.786E-6
1.2521E-5
9.133E-6
5.023E-6
3.225E-6
3.089E-6
3.229E-6
2.629E-6
8.521E-6
3.357E-6
4.246E-6
7.223E-6
4.287E-6
3.572E-6
8.425E-6
3.486E-6
2.006E-6
2.422E-6
8.644E-6
5.963E-6
5.672E-6
8.472E-6
2.085E-6
5.047E-6
5.073E-6
3.954E-6
2.158E-6
2.822E-6
8.462E-6
5.047E-6
3.903E-6
7.144E-6
6.179E-6
4.789E-6
6.055E-6
6.076E-6
4.801E-6
2.684E-6
1.871E-6
3.607E-6
2.928E-6
7.517E-6
1.849E-6
5.183E-6
2.121E-6
8.398E-6
3.024E-6
1.991E-6
3.053E-6
8.644E-6
3.363E-6
3.111E-6
6.856E-6
6.045E-6
4.335E-6
7.644E-6
3.051E-6
2.086E-6
4.059E-6
6.719E-6
3.831E-6
3.699E-6
8.229E-6
3.569E-6
1.872E-6
3.949E-6
4.932E-6
3.954E-6
2.321E-6
5.431E-6
3.364E-6
2.402E-6
2.315E-6
1.0118E-5
2.25E-6
3.925E-6
9.459E-6
4.056E-6
4.875E-6
3.118E-6
3.344E-6
3.426E-6
7.32E-6
4.019E-6
3.911E-6
7.384E-6
3.568E-6
2.833E-6
2.08E-6
8.184E-6
2.044E-6
2.801E-6
1.891E-6
7.983E-6
2.773E-6
2.461E-6
4.733E-6
3.459E-6
4.701E-6
2.173E-6
6.383E-6
7.511E-6
3.174E-6
2.101E-6
3.6E-6
6.385E-6
3.379E-6
9.458E-6
2.421E-6
6.08E-6
6.908E-6
5.032E-6
3.571E-6
1.0618E-5
4.194E-6
2.873E-6
4.599E-6
3.08E-6
1.919E-6
2.345E-6
5.502E-6
5.438E-6
2.153E-6
4.631E-6
2.009E-6
3.814E-6
8.519E-6
2.381E-6
1.604E-6
4.262E-6
5.22E-6
2.666E-6
8.004E-6
5.145E-6
2.954E-6
8.038E-6
2.624E-6
4.199E-6
2.279E-6
8.216E-6
2.743E-6
5.497E-6
8.969E-6
2.007E-6
2.541E-6
5.838E-6
2.293E-6
3.209E-6
5.223E-6
4.435E-6
3.058E-6
1.0187E-5
2.975E-6
3.094E-6
3.149E-6
6.533E-6
2.359E-6
2.435E-6
2.106E-6
7.86E-6
5.803E-6
2.207E-6
2.396E-6
4.452E-6
3.399E-6
4.123E-6
2.709E-6
5.97E-6
3.85E-6
2.262E-6
5.169E-6
3.06E-6
8.456E-6
4.102E-6
8.266E-6
2.612E-6
2.28E-6
5.022E-6
2.58E-6
2.039E-6
2.137E-6
2.665E-6
6.521E-6
2.359E-6
5.082E-6
1.847E-6
6.356E-6
5.625E-6
2.176E-6
2.409E-6
5.512E-6
1.998E-6
4.597E-6
4.213E-6
4.471E-6
9.308E-6
2.17E-6
3.37E-6
4.351E-6
5.628E-6
2.171E-6
1.86E-6
9.981E-6
3.204E-6
4.862E-6
2.521E-6
2.943E-6
2.35E-6
5.381E-6
9.059E-6
3.506E-6
3.77E-6
1.0024E-5
4.889E-6
9.122E-6
2.959E-6
2.515E-6
1.0167E-5
5.577E-6
5.72E-6
7.325E-6
3.012E-6
2.521E-6
2.196E-6
9.626E-6
2.669E-6
2.303E-6
5.775E-6
3.922E-6
3.772E-6
1.956E-6
8.734E-6
5.271E-6
4.389E-6
5.927E-6
2.681E-6
3.832E-6
2.046E-6
8.005E-6
2.439E-6
5.418E-6
7.148E-6
3.451E-6
3.325E-6
3.936E-6
2.316E-6
2.296E-6
3.356E-6
4.757E-6
2.718E-6
3.768E-6
3.327E-6
5.998E-6
4.323E-6
2.813E-6
2.508E-6
2.855E-6
1.991E-6
5.183E-6
8.666E-6
3.955E-6
2.047E-6
9.276E-6
4.376E-6
2.984E-6
7.781E-6
4.367E-6
5.086E-6
6.414E-6
4.476E-6
4.947E-6
6.229E-6
4.085E-6
2.901E-6
9.362E-6
2.206E-6
2.254E-6
5.901E-6
8.1E-6
4.683E-6
2.645E-6
8.06E-6
5.189E-6
3.887E-6
1.0538E-5
2.935E-6
5.454E-6
3.081E-6
2.813E-6
5.351E-6
2.157E-6
8.361E-6
4.193E-6
3.766E-6
6.43E-6
5.187E-6
2.15E-6
1.944E-6
8.019E-6
4.353E-6
4.387E-6
3.685E-6
2.431E-6
2.338E-6
2.221E-6
3.803E-6
4.368E-6
3.759E-6
2.625E-6
5.33E-6
4.464E-6
2.769E-6
2.732E-6
4.635E-6
3.166E-6
7.707E-6
4.322E-6
4.073E-6
6.139E-6
3.968E-6
8.746E-6
2.871E-6
3.305E-6
3.408E-6
2.42E-6
5.187E-6
3.148E-6
6.286E-6
6.069E-6
4.776E-6
4.468E-6
4.915E-6
3.341E-6
4.436E-6
3.848E-6
4.18E-6
2.017E-6
3.894E-6
4.467E-6
2.399E-6
4.959E-6
2.363E-6
3.308E-6
6.785E-6
4.923E-6
3.809E-6
3.172E-6
2.359E-6
4.62E-6
7.252E-6
2.394E-6
2.128E-6
6.198E-6
1.086E-5
5.052E-6
2.977E-6
8.859E-6
2.32E-6
5.365E-6
6.222E-6
3.408E-6
5.422E-6
2.739E-6
4.778E-6
4.086E-6
8.327E-6
2.929E-6
3.861E-6
2.567E-6
7.865E-6
3.946E-6
2.526E-6
7.255E-6
5.151E-6
4.36E-6
5.663E-6
2.405E-6
4.082E-6
2.143E-6
9.052E-6
5.531E-6
3.128E-6
2.137E-6
3.348E-6
2.034E-6
3.503E-6
8.266E-6
1.962E-6
1.868E-6
7.751E-6
5.219E-6
2.373E-6
4.602E-6
3.817E-6
4.007E-6
2.468E-6
6.974E-6
2.625E-6
3.514E-6
3.049E-6
2.12E-6
6.737E-6
3.483E-6
2.527E-6
4.2973E-5
4.249E-6
2.705E-6
2.16E-6
8.238E-6
3.582E-6
4.72E-6
6.73E-6
3.75E-6
3.912E-6
1.0126E-5
4.283E-6
3.042E-6
6.731E-6
4.86E-6
5.704E-6
6.421E-6
1.2137E-5
2.496E-6
9.006E-6
5.092E-6
3.8E-6
8.031E-6
2.936E-6
2.657E-6
2.793E-6
7.809E-6
4.527E-6
4.431E-6
6.377E-6
4.298E-6
2.228E-6
2.212E-6
7.615E-6
2.271E-6
4.847E-6
7.77E-6
4.579E-6
3.498E-6
6.334E-6
5.227E-6
4.331E-6
6.296E-6
2.869E-6
3.041E-6
2.016E-6
8.516E-6
2.313E-6
1.897E-6
3.536E-6
6.34E-6
3.39E-6
5.078E-6
9.661E-6
3.562E-6
5.743E-6
7.588E-6
2.432E-6
4.646E-6
8.759E-6
2.321E-6
3.068E-6
2.413E-6
6.503E-6
3.407E-6
2.806E-6
4.308E-6
4.563E-6
2.729E-6
3.597E-6
7.194E-6
4.724E-6
8.532E-6
2.642E-6
3.997E-6
3.079E-6
6.395E-6
3.469E-6
5.609E-6
5.995E-6
4.003E-6
4.364E-6
2.38E-6
7.923E-6
3.482E-6
4.118E-6
8.313E-6
2.994E-6
5.456E-6
6.242E-6
3.185E-6
3.133E-6
2.91E-6
7.409E-6
2.454E-6
4.362E-6
1.0562E-5
4.324E-6
2.657E-6
6.765E-6
4.254E-6
2.846E-6
2.999E-6
4.061E-6
4.669E-6
2.133E-6
8.457E-6
4.182E-6
3.989E-6
7.141E-6
4.394E-6
4.39E-6
9.469E-6
2.399E-6
5.355E-6
7.693E-6
6.567E-6
3.303E-6
6.854E-6
3.771E-6
4.534E-6
2.176E-6
2.778E-6
5.278E-6
3.078E-6
7.321E-6
4.2E-6
2.239E-6
2.855E-6
6.983E-6
3.675E-6
2.287E-6
8.471E-6
3.421E-6
3.697E-6
2.126E-6
2.439E-6
3.229E-6
4.505E-6
1.949E-6
3.984E-6
2.193E-6
2.495E-6
6.861E-6
2.798E-6
4.064E-6
3.202E-6
9.327E-6
3.182E-6
5.141E-6
9.455E-6
2.467E-6
5.354E-6
2.383E-6
4.378E-6
4.572E-6
9.277E-6
5.425E-6
3.03E-6
2.368E-6
6.558E-6
2.773E-6
2.52E-6
2.107E-6
2.652E-6
2.034E-6
3.132E-6
2.427E-6
8.793E-6
3.055E-6
4.02E-6
8.86E-6
2.112E-6
3.096E-6
6.607E-6
5.556E-6
1.861E-6
3.833E-6
3.693E-6
6.512E-6
3.856E-6
9.153E-6
2.461E-6
5.293E-6
6.176E-6
2.454E-6
4.956E-6
2.221E-6
8.924E-6
2.446E-6
2.257E-6
9.233E-6
6.037E-6
4.015E-6
6.097E-6
3.84E-6
3.573E-6
4.2317E-5
5.411E-6
2.337E-6
2.75E-6
9.648E-6
3.059E-6
2.594E-6
8.189E-6
2.543E-6
4.45E-6
3.843E-6
2.484E-6
2.472E-6
5.127E-6
7.962E-6
2.412E-6
4.79E-6
2.73E-6
6.69E-6
3.702E-6
4.432E-6
8.7E-6
2.802E-6
4.651E-6
9.007E-6
5.032E-6
2.413E-6
8.627E-6
2.19E-6
2.33E-6
5.963E-6
3.063E-6
2.709E-6
2.302E-6
8.881E-6
4.49E-6
4.266E-6
7.68E-6
4.148E-6
3.006E-6
9.933E-6
6.089E-6
3.567E-6
7.825E-6
3.101E-6
2.75E-6
2.979E-6
7.415E-6
6.0E-6
4.406E-6
2.753E-6
2.85E-6
3.974E-6
9.34E-6
2.176E-6
5.201E-6
7.153E-6
3.514E-6
4.975E-6
9.778E-6
2.134E-6
3.414E-6
1.0931E-5
2.317E-6
3.684E-6
1.884E-6
5.857E-6
4.772E-6
4.243E-6
3.802E-6
2.13E-6
5.192E-6
1.0347E-5
2.42E-6
2.605E-6
3.109E-6
7.248E-6
2.889E-6
3.672E-6
2.172E-6
7.978E-6
2.224E-6
4.375E-6
5.853E-6
4.332E-6
4.297E-6
3.303E-6
3.198E-6
6.983E-6
3.991E-6
2.824E-6
5.719E-6
2.314E-6
8.894E-6
3.006E-6
5.583E-6
5.242E-6
2.26E-6
2.517E-6
5.93E-6
1.782E-6
4.823E-6
3.539E-6
8.254E-6
5.264E-6
2.19E-6
1.0036E-5
2.737E-6
4.837E-6
8.374E-6
2.123E-6
2.977E-6
2.7E-6
2.305E-6
2.286E-6
3.878E-6
2.929E-6
6.857E-6
4.157E-6
2.123E-6
2.325E-6
4.364E-6
1.743E-6
2.132E-6
2.876E-6
2.23E-6
6.253E-6
2.284E-6
8.5E-6
3.318E-6
4.756E-6
8.252E-6
2.12E-6
3.815E-6
2.145E-6
2.479E-6
3.981E-6
3.384E-6
6.852E-6
5.648E-6
2.279E-6
4.416E-6
2.249E-6
4.552E-6
2.119E-6
8.296E-6
2.735E-6
4.728E-6
7.471E-6
5.045E-6
4.955E-6
2.338E-6
4.059E-6
5.948E-6
8.013E-6
2.497E-6
2.061E-6
2.895E-6
8.899E-6
6.203E-6
4.248E-6
7.329E-6
3.731E-6
2.41E-6
9.562E-6
4.041E-6
2.368E-6
1.0416E-5
2.754E-6
2.43E-6
2.191E-6
8.429E-6
2.312E-6
4.028E-6
2.122E-6
7.989E-6
4.358E-6
2.267E-6
2.756E-6
2.475E-6
3.378E-6
4.363E-6
6.781E-6
4.395E-6
3.027E-6
2.164E-6
9.574E-6
3.345E-6
2.37E-6
1.0164E-5
4.59E-6
4.271E-6
3.046E-6
3.372E-6
3.921E-6
2.982E-6
2.087E-6
2.904E-6
3.761E-6
3.869E-6
1.474E-6
5.539E-6
1.269E-6
2.324E-6
5.694E-6
2.763E-6
1.196E-6
1.894E-6
2.364E-6
1.53E-6
1.238E-6
5.173E-6
1.809E-6
1.217E-6
1.977E-6
1.5E-6
3.148E-6
1.963E-6
4.373E-6
3.062E-6
1.192E-6
1.499E-6
4.576E-6
3.072E-6
2.504E-6
3.271E-6
2.431E-6
5.135E-6
1.39E-6
2.917E-6
1.278E-6
2.43E-6
1.589E-6
3.831E-6
2.106E-6
1.995E-6
1.938E-6
9.37E-7
1.262E-6
2.245E-6
1.602E-6
2.736E-6
1.242E-6
1.441E-6
1.141E-6
1.556E-6
1.161E-6
1.174E-6
1.328E-6
4.098E-6
1.521E-6
1.147E-6
2.284E-6
1.171E-6
1.898E-6
1.54E-6
1.216E-6
2.566E-6
1.068E-6
1.639E-6
3.548E-6
1.768E-6
1.246E-6
2.628E-6
2.089E-6
1.278E-6
1.951E-6
2.393E-6
2.289E-6
2.651E-6
1.232E-6
2.01E-6
2.344E-6
1.983E-6
2.771E-6
1.22E-6
2.93E-6
1.111E-6
1.478E-6
1.211E-6
1.226E-6
1.437E-6
3.146E-6
1.176E-6
1.451E-6
1.265E-6
2.856E-6
1.899E-6
1.086E-6
2.249E-6
2.202E-6
3.016E-6
2.878E-6
2.764E-6
2.632E-6
1.927E-6
1.173E-6
2.88E-6
1.549E-6
1.545E-6
1.174E-6
1.6E-6
1.615E-6
1.071E-6
1.238E-6
2.04E-6
2.188E-6
3.364E-6
7.659E-6
4.196E-6
3.347E-6
1.914E-6
3.653E-6
4.403E-6
4.285E-6
4.161E-6
2.245E-6
2.675E-6
3.181E-6
4.05E-6
2.719E-6
3.621E-6
3.713E-6
4.005E-6
5.144E-6
2.216E-6
2.804E-6
6.259E-6
2.205E-6
3.144E-6
2.339E-6
2.163E-6
3.003E-6
3.087E-6
4.834E-6
2.682E-6
1.827E-6
1.836E-6
3.76E-6
1.738E-6
2.237E-6
2.192E-6
2.851E-6
1.808E-6
2.016E-6
1.296E-6
2.043E-6
1.225E-6
2.221E-6
3.566E-6
1.136E-6
1.599E-6
2.363E-6
2.124E-6
4.658E-6
2.28E-6
2.734E-6
1.216E-6
1.776E-6
1.06E-6
2.488E-6
2.968E-6
2.356E-6
3.175E-6
1.372E-6
1.326E-6
1.885E-6
1.184E-6
1.317E-6
1.161E-6
2.443E-6
2.883E-6
1.178E-6
2.2E-6
2.77E-6
1.542E-6
2.445E-6
1.063E-6
1.237E-6
1.967E-6
1.164E-6
2.194E-6
1.93E-6
1.346E-6
2.655E-6
1.117E-6
2.392E-6
2.235E-6
1.59E-6
1.605E-6
1.501E-6
1.368E-6
2.18E-6
1.142E-6
1.933E-6
2.379E-6
1.787E-6
1.039E-6
2.203E-6
1.755E-6
2.118E-6
1.626E-6
1.079E-6
1.22E-6
2.814E-6
2.206E-6
1.774E-6
1.861E-6
1.202E-6
1.725E-6
1.066E-6
2.854E-6
1.555E-6
1.86E-6
2.287E-6
1.364E-6
2.23E-6
2.159E-6
1.8E-6
2.856E-6
1.333E-6
1.11E-6
1.921E-6
2.135E-6
1.67E-6
1.057E-6
2.512E-6
1.302E-6
2.166E-6
1.235E-6
1.164E-6
2.175E-6
1.161E-6
2.871E-6
2.373E-6
2.777E-6
1.693E-6
3.114E-6
1.185E-6
2.182E-6
2.434E-6
1.804E-6
1.231E-6
2.727E-6
2.957E-6
2.252E-6
1.244E-6
1.283E-6
1.516E-6
2.169E-6
3.267E-6
2.718E-6
2.622E-6
1.18E-6
1.58E-6
3.018E-6
2.855E-6
2.277E-6
2.586E-6
1.374E-6
1.649E-6
1.52E-6
2.643E-6
1.349E-6
1.16E-6
2.109E-6
1.872E-6
1.972E-6
2.261E-6
1.178E-6
1.48E-6
2.566E-6
1.656E-6
2.025E-6
1.029E-6
1.426E-6
2.823E-6
1.427E-6
3.507E-6
1.21E-6
2.774E-6
1.104E-6
2.664E-6
1.206E-6
2.179E-6
2.681E-6
2.039E-6
2.337E-6
1.795E-6
1.328E-6
3.501E-6
1.36E-6
1.371E-6
1.191E-6
2.478E-6
2.206E-6
1.301E-6
1.575E-6
1.268E-6
2.94E-6
1.281E-6
1.852E-6
2.303E-6
2.151E-6
1.137E-6
2.645E-6
2.222E-6
1.21E-6
3.3889E-5
3.839E-6
4.017E-6
2.408E-6
2.782E-6
1.847E-6
1.635E-6
1.859E-6
1.58E-6
1.199E-6
1.607E-6
2.558E-6
1.599E-6
1.242E-6
1.154E-6
1.987E-6
2.387E-6
2.299E-6
2.164E-6
2.173E-6
2.286E-6
1.222E-6
2.701E-6
1.193E-6
1.62E-6
1.433E-6
1.487E-6
1.985E-6
1.724E-6
2.397E-6
1.412E-6
2.32E-6
1.368E-6
1.932E-6
1.328E-6
2.648E-6
1.125E-6
1.246E-6
1.765E-6
2.911E-6
1.282E-6
2.321E-6
1.17E-6
1.782E-6
3.447E-6
1.997E-6
3.625E-6
3.914E-6
4.739E-6
6.325E-6
2.19E-6
2.902E-6
1.944E-6
2.933E-6
2.424E-6
3.702E-6
3.466E-6
3.987E-6
4.497E-6
2.562E-6
3.421E-6
3.007E-6
4.134E-6
2.065E-6
2.858E-6
3.85E-6
4.719E-6
3.189E-6
3.17E-6
2.921E-6
2.685E-6
5.345E-6
1.981E-6
4.102E-6
2.286E-6
3.985E-6
2.69E-6
3.661E-6
2.29E-6
2.973E-6
1.859E-6
3.701E-6
2.082E-6
1.829E-6
3.457E-6
3.233E-6
4.117E-6
2.033E-6
2.501E-6
2.757E-6
4.759E-6
5.439E-6
4.239E-6
3.113E-6
3.135E-6
4.649E-6
5.04E-6
3.038E-6
4.531E-6
2.771E-6
4.738E-6
2.363E-6
1.694E-6
2.11E-6
3.569E-6
2.453E-6
2.152E-6
2.827E-6
3.82E-6
1.789E-6
3.517E-6
4.124E-6
2.592E-6
5.216E-6
3.695E-6
2.095E-6
4.162E-6
2.065E-6
3.697E-6
2.881E-6
4.12E-6
3.847E-6
3.594E-6
2.004E-6
2.793E-6
1.744E-6
2.012E-6
4.398E-6
4.015E-6
1.609E-6
2.917E-6
2.636E-6
4.443E-6
3.645E-6
3.052E-6
4.775E-6
3.668E-6
2.226E-6
2.005E-6
1.94E-6
4.67E-6
2.506E-6
1.52E-6
1.868E-6
3.642E-6
1.957E-6
2.953E-6
2.85E-6
2.718E-6
4.575E-6
2.11E-6
2.003E-6
3.208E-6
2.028E-6
3.645E-6
5.665E-6
2.626E-6
3.45E-6
3.874E-6
2.781E-6
1.05E-6
1.289E-6
3.844E-6
2.342E-6
1.27E-6
1.827E-6
1.275E-6
2.534E-6
2.068E-6
1.165E-6
1.282E-6
1.692E-6
2.234E-6
2.046E-6
9.77E-7
1.193E-6
3.075E-6
1.581E-6
1.466E-6
2.679E-6
1.61E-6
2.809E-6
1.919E-6
1.877E-6
1.435E-6
2.21E-6
1.719E-6
2.001E-6
1.288E-6
2.108E-6
1.226E-6
2.201E-6
2.247E-6
1.11E-6
1.128E-6
2.322E-6
2.694E-6
3.294E-6
1.1E-6
1.681E-6
2.202E-6
2.708E-6
1.617E-6
1.305E-6
2.715E-6
1.165E-6
1.837E-6
2.408E-6
1.173E-6
2.243E-6
1.338E-6
4.394E-6
2.274E-6
1.298E-6
2.4E-6
1.337E-6
2.365E-6
1.206E-6
1.247E-6
1.952E-6
1.001E-6
2.299E-6
1.118E-6
2.062E-6
1.369E-6
2.757E-6
3.113E-6
9.65E-7
1.76E-6
2.522E-6
1.224E-6
1.065E-6
1.873E-6
2.228E-6
1.086E-6
2.251E-6
1.36E-6
2.976E-6
1.559E-6
1.1E-6
1.155E-6
1.155E-6
1.55E-6
1.953E-6
1.054E-6
1.695E-6
1.258E-6
1.533E-6
1.107E-6
1.666E-6
1.199E-6
1.24E-6
3.482E-6
1.259E-6
2.829E-6
1.251E-6
2.076E-6
1.794E-6
1.267E-6
2.322E-6
1.295E-6
1.601E-6
2.442E-6
1.162E-6
2.654E-6
2.982E-6
2.25E-6
1.957E-6
1.257E-6
1.139E-6
1.272E-6
1.734E-6
1.516E-6
1.443E-6
2.993E-6
1.254E-6
2.16E-6
2.272E-6
1.579E-6
2.008E-6
1.327E-6
2.688E-6
1.248E-6
2.203E-6
1.798E-6
1.092E-6
1.074E-6
2.5E-6
1.585E-6
2.074E-6
1.095E-6
3.268E-6
1.598E-6
1.256E-6
2.643E-6
2.668E-6
2.567E-6
1.066E-6
2.025E-6
2.176E-6
1.549E-6
9.95E-7
1.022E-6
1.185E-6
1.578E-6
2.08E-6
1.076E-6
2.029E-6
2.662E-6
3.107E-6
2.124E-6
1.177E-6
1.82E-6
1.68E-6
1.203E-6
1.113E-6
3.346E-6
1.199E-6
3.08E-6
1.249E-6
1.904E-6
2.08E-6
1.366E-6
2.356E-6
1.741E-6
1.228E-6
2.41E-6
2.498E-6
2.116E-6
2.529E-6
2.428E-6
1.334E-6
1.326E-6
1.019E-6
2.071E-6
1.121E-6
3.05E-6
1.562E-6
2.421E-6
1.163E-6
1.584E-6
2.917E-6
1.238E-6
2.214E-6
1.23E-6
2.487E-6
2.007E-6
1.546E-6
2.018E-6
1.744E-6
1.359E-6
1.242E-6
1.188E-6
3.654E-6
1.586E-6
1.465E-6
1.236E-6
1.235E-6
1.584E-6
1.965E-6
1.823E-6
2.548E-6
3.279E-6
1.286E-6
1.853E-6
1.091E-6
2.041E-6
3.199E-6
2.107E-6
2.352E-6
2.615E-6
1.498E-6
1.601E-6
2.529E-6
1.755E-6
2.675E-6
1.204E-6
2.734E-6
1.114E-6
2.632E-6
1.171E-6
2.756E-6
1.087E-6
1.38E-6
2.627E-6
1.873E-6
2.508E-6
2.076E-6
2.848E-6
3.294E-6
1.783E-6
1.376E-6
2.823E-6
1.534E-6
2.652E-6
1.555E-6
1.21E-6
1.593E-6
1.168E-6
2.216E-6
1.953E-6
1.287E-6
2.24E-6
1.1E-6
1.25E-6
1.315E-6
1.209E-6
1.784E-6
2.551E-6
1.556E-6
1.25E-6
2.507E-6
1.347E-6
1.884E-6
2.35E-6
1.207E-6
1.102E-6
2.386E-6
1.22E-6
2.236E-6
1.57E-6
3.39E-6
2.086E-6
2.371E-6
1.646E-6
1.109E-6
1.256E-6
2.595E-6
1.229E-6
1.656E-6
2.721E-6
2.101E-6
2.173E-6
1.057E-6
2.006E-6
1.581E-6
1.068E-6
1.246E-6
2.661E-6
1.614E-6
2.626E-6
1.613E-6
2.729E-6
1.623E-6
2.5E-6
9.22E-7
2.648E-6
1.142E-6
2.899E-6
2.081E-6
2.209E-6
1.172E-6
3.178E-6
1.218E-6
2.696E-6
9.65E-7
1.245E-6
2.698E-6
1.401E-6
2.208E-6
2.445E-6
2.559E-6
1.645E-6
1.193E-6
1.853E-6
1.229E-6
2.695E-6
1.044E-6
1.424E-6
1.168E-6
2.133E-6
1.059E-6
1.204E-6
1.561E-6
1.62E-6
3.095E-6
2.189E-6
2.18E-6
1.086E-6
2.356E-6
2.244E-6
1.358E-6
2.174E-6
1.253E-6
1.082E-6
1.147E-6
1.194E-6
1.193E-6
2.386E-6
1.408E-6
2.999E-6
1.571E-6
1.466E-6
2.097E-6
1.17E-6
2.156E-6
1.067E-6
2.664E-6
1.203E-6
1.205E-6
2.393E-6
1.982E-6
1.626E-6
2.515E-6
1.093E-6
2.295E-6
1.545E-6
2.294E-6
1.86E-6
2.724E-6
1.608E-6
2.184E-6
1.957E-6
1.313E-6
1.22E-6
1.761E-6
1.203E-6
1.532E-6
1.684E-6
1.593E-6
1.919E-6
1.849E-6
1.391E-6
3.005E-6
1.752E-6
1.1E-6
1.283E-6
2.111E-6
1.748E-6
1.719E-6
1.53E-6
2.572E-6
1.572E-6
2.052E-6
1.718E-6
1.456E-6
2.33E-6
1.148E-6
1.984E-6
2.124E-6
2.262E-6
1.232E-6
2.616E-6
1.773E-6
1.785E-6
3.384E-6
3.182E-6
1.559E-6
2.023E-6
2.211E-6
1.642E-6
2.256E-6
2.561E-6
1.156E-6
1.879E-6
1.977E-6
1.33E-6
1.163E-6
1.621E-6
2.5E-6
1.775E-6
2.869E-6
2.089E-6
2.163E-6
1.32E-6
1.734E-6
2.214E-6
1.652E-6
1.488E-6
1.141E-6
2.423E-6
1.113E-6
1.214E-6
2.046E-6
2.113E-6
2.708E-6
3.559E-6
2.235E-6
2.181E-6
3.008E-6
1.792E-6
2.817E-6
2.854E-6
1.442E-6
1.713E-6
1.124E-6
1.542E-6
2.205E-6
1.646E-6
2.614E-6
1.188E-6
3.12E-6
1.236E-6
1.255E-6
2.415E-6
2.137E-6
1.314E-6
2.915E-6
1.261E-6
1.965E-6
2.274E-6
9.43E-7
1.263E-6
1.928E-6
2.2E-6
2.735E-6
1.498E-6
1.141E-6
1.825E-6
1.328E-6
1.78E-6
1.227E-6
2.827E-6
1.364E-6
1.345E-6
1.14E-6
1.694E-6
2.063E-6
2.051E-6
1.153E-6
2.251E-6
1.411E-6
1.6E-6
2.393E-6
1.447E-6
1.179E-6
1.271E-6
1.233E-6
2.147E-6
1.199E-6
2.768E-6
1.085E-6
2.053E-6
2.78E-6
2.584E-6
1.806E-6
2.52E-6
1.867E-6
1.459E-6
2.321E-6
1.114E-6
2.598E-6
2.322E-6
2.063E-6
2.019E-6
2.202E-6
1.783E-6
1.96E-6
1.955E-6
2.412E-6
1.179E-6
3.911E-6
1.165E-6
2.648E-6
1.26E-6
2.981E-6
2.318E-6
1.606E-6
2.201E-6
1.583E-6
1.241E-6
1.385E-6
1.623E-6
2.208E-6
1.261E-6
2.56E-6
1.568E-6
1.158E-6
1.572E-6
1.68E-6
2.215E-6
2.251E-6
2.44E-6
9.79E-7
1.164E-6
2.568E-6
2.55E-6
2.866E-6
2.629E-6
1.156E-6
1.576E-6
2.539E-6
1.693E-6
1.182E-6
2.863E-6
1.355E-6
2.549E-6
2.339E-6
2.07E-6
1.668E-6
1.123E-6
2.539E-6
2.32E-6
3.095E-6
1.118E-6
2.384E-6
1.119E-6
2.272E-6
3.118E-6
3.905E-6
1.829E-6
1.254E-6
2.281E-6
1.226E-6
2.585E-6
1.327E-6
1.199E-6
2.63E-6
1.749E-6
2.947E-6
1.39E-6
1.247E-6
2.362E-6
1.266E-6
1.788E-6
2.552E-6
1.355E-6
2.074E-6
2.913E-6
3.035E-6
2.876E-6
1.763E-6
4.148E-6
3.138E-6
2.099E-6
3.84E-6
6.765E-6
2.153E-6
3.87E-6
3.008E-6
4.701E-6
6.093E-6
2.071E-6
4.442E-6
2.007E-6
2.228E-6
2.006E-6
3.096E-6
4.279E-6
1.906E-6
1.873E-6
4.166E-6
1.622E-6
2.067E-6
2.033E-6
3.61E-6
5.184E-6
5.024E-6
1.807E-6
2.885E-6
4.896E-6
5.537E-6
4.486E-6
4.062E-6
1.554E-6
2.302E-6
2.411E-6
1.869E-6
2.202E-6
4.151E-6
5.016E-6
1.787E-6
2.722E-6
4.809E-6
5.179E-6
2.123E-6
2.044E-6
2.454E-6
1.927E-6
4.403E-6
1.891E-6
4.136E-6
5.498E-6
2.422E-6
3.805E-6
3.593E-6
2.267E-6
2.767E-6
