1.0387E-5
6.338E-6
3.598E-6
6.677E-6
9.609E-6
4.65E-6
5.714E-6
2.122E-6
6.029E-6
6.413E-6
3.729E-6
3.125E-6
2.322E-6
5.079E-6
3.286E-6
8.133E-6
2.608E-6
5.125E-6
3.747E-6
5.524E-6
2.662E-6
5.587E-6
5.521E-6
5.569E-6
2.897E-6
2.156E-6
4.707E-6
2.169E-6
4.699E-6
2.669E-6
3.336E-6
6.018E-6
2.124E-6
3.718E-6
3.119E-6
6.554E-6
3.974E-6
1.81E-6
3.851E-6
2.471E-6
2.142E-6
4.689E-6
3.652E-6
3.99E-6
6.325E-6
4.527E-6
3.989E-6
3.475E-6
2.079E-6
4.465E-6
3.902E-6
3.426E-6
1.852E-6
4.638E-6
4.069E-6
1.832E-6
2.278E-6
5.834E-6
2.376E-6
4.304E-6
5.079E-6
3.411E-6
2.271E-6
4.485E-6
4.314E-6
3.615E-6
3.718E-6
6.484E-6
1.88E-6
5.037E-6
1.782E-6
4.074E-6
6.184E-6
3.93E-6
2.362E-6
6.918E-6
3.844E-6
5.743E-6
1.977E-6
2.406E-6
3.036E-6
3.929E-6
2.919E-6
5.314E-6
3.098E-6
2.015E-6
2.81E-6
3.263E-6
2.008E-6
3.071E-6
3.323E-6
2.401E-6
6.399E-6
5.45E-6
4.928E-6
2.4728E-5
4.424E-6
3.783E-6
4.155E-6
2.501E-6
3.529E-6
3.983E-6
5.523E-6
4.624E-6
2.086E-6
3.069E-6
1.974E-6
4.82E-6
4.481E-6
1.97E-6
4.545E-6
4.358E-6
3.871E-6
3.031E-6
4.44E-6
4.375E-6
4.4E-6
1.883E-6
3.21E-6
2.096E-6
1.622E-6
5.942E-6
3.807E-6
5.366E-6
2.865E-6
3.487E-6
3.017E-6
2.374E-6
4.871E-6
3.068E-6
4.008E-6
1.95E-6
4.286E-6
3.712E-6
4.015E-6
1.736E-6
4.046E-6
1.75702E-4
5.207E-6
4.268E-6
3.669E-6
3.622E-6
3.172E-6
3.777E-6
1.983E-6
4.714E-6
5.306E-6
3.168E-6
1.92E-6
3.874E-6
3.118E-6
2.504E-6
9.519E-6
2.027E-6
4.061E-6
4.955E-6
2.483E-6
4.832E-6
5.794E-6
2.5627E-5
4.263E-6
4.567E-6
4.413E-6
4.871E-6
3.144E-6
3.84E-6
3.145E-6
2.523E-6
4.499E-6
3.193E-6
3.967E-6
3.096E-6
4.039E-6
3.134E-6
5.808E-6
4.311E-6
1.726E-6
2.298E-6
5.994E-6
2.146E-6
4.394E-6
1.8052E-5
2.019E-6
6.409E-6
4.5E-6
5.975E-6
1.958E-6
3.687E-6
4.098E-6
4.416E-6
4.409E-6
3.204E-6
7.21E-6
4.412E-6
1.959E-6
4.093E-6
4.648E-6
2.177E-6
1.945E-6
3.665E-6
2.717E-6
2.844E-6
1.924E-6
5.319E-6
2.832E-6
3.936E-6
2.804E-6
1.795E-6
2.763E-6
4.641E-6
3.016E-6
4.54E-6
2.814E-6
6.567E-6
4.147E-6
3.523E-6
3.629E-6
1.927E-6
4.368E-6
1.986E-6
4.13E-6
3.993E-6
4.749E-6
3.851E-6
1.603E-6
3.93E-6
5.879E-6
4.386E-6
2.823E-6
2.089E-6
3.637E-6
2.387E-6
2.422E-6
5.674E-6
2.114E-6
4.17E-6
5.788E-6
4.028E-6
4.25E-6
3.051E-6
3.22E-6
3.512E-6
2.464E-6
4.144E-6
3.691E-6
2.879E-6
3.302E-6
4.046E-6
2.467E-6
4.178E-6
1.948E-6
2.552E-6
1.776E-6
4.128E-6
2.93E-6
2.23E-6
4.385E-6
3.269E-6
4.191E-6
2.439E-6
2.174E-6
5.77E-6
2.842E-6
2.069E-6
3.5E-6
4.315E-6
6.08E-6
6.14E-6
2.178E-6
6.702E-6
2.383E-6
5.565E-6
3.978E-6
8.174E-6
3.897E-6
2.888E-6
4.272E-6
4.069E-6
2.007E-6
2.131E-6
5.017E-6
5.123E-6
2.086E-6
5.202E-6
2.004E-6
3.709E-6
5.838E-6
2.199E-6
1.979E-6
4.169E-6
4.784E-6
2.85E-6
4.064E-6
4.952E-6
3.091E-6
4.097E-6
2.653E-6
4.024E-6
1.906E-6
3.37E-6
2.638E-6
5.614E-6
5.607E-6
1.957E-6
2.456E-6
2.606E-6
2.1E-6
3.413E-6
4.931E-6
3.891E-6
2.947E-6
5.738E-6
2.845E-6
3.093E-6
3.092E-6
1.828E-6
2.285E-6
2.303E-6
2.145E-6
3.716E-6
4.377E-6
2.121E-6
2.48E-6
4.597E-6
2.729E-6
4.798E-6
2.189E-6
5.445E-6
3.49E-6
1.935E-6
6.779E-6
3.016E-6
4.751E-6
3.822E-6
4.399E-6
2.141E-6
2.84E-6
5.133E-6
2.147E-6
2.124E-6
1.932E-6
2.751E-6
2.916E-6
2.084E-6
5.126E-6
2.197E-6
2.294E-6
6.134E-6
2.203E-6
2.146E-6
5.828E-6
2.004E-6
4.263E-6
4.133E-6
4.505E-6
5.471E-6
1.981E-6
3.279E-6
4.137E-6
5.52E-6
1.958E-6
2.288E-6
3.911E-6
3.218E-6
4.422E-6
2.291E-6
2.627E-6
2.199E-6
6.4E-6
4.318E-6
3.537E-6
4.275E-6
5.773E-6
4.971E-6
5.23E-6
3.069E-6
2.878E-6
6.485E-6
6.101E-6
2.928E-6
2.574E-6
2.605E-6
2.737E-6
1.766E-6
8.788E-6
1.981E-6
1.9E-6
5.781E-6
3.349E-6
3.724E-6
2.208E-6
3.965E-6
4.895E-6
3.336E-6
1.594E-6
2.157E-6
3.386E-6
1.904E-6
3.897E-6
2.184E-6
4.966E-6
2.609E-6
3.091E-6
2.756E-6
4.511E-6
1.736E-6
2.044E-6
4.081E-6
3.923E-6
2.703E-6
3.266E-6
3.206E-6
2.315E-6
3.399E-6
2.943E-6
2.262E-6
3.068E-6
1.913E-6
5.091E-6
3.991E-6
4.054E-6
2.144E-6
5.263E-6
4.135E-6
2.902E-6
3.138E-6
4.539E-6
6.215E-6
2.088E-6
4.049E-6
4.692E-6
2.496E-6
4.098E-6
2.872E-6
5.322E-6
2.035E-6
2.128E-6
6.126E-6
4.303E-6
4.444E-6
2.524E-6
2.328E-6
5.277E-6
4.517E-6
3.053E-6
2.941E-6
7.17E-6
2.962E-6
2.849E-6
4.864E-6
2.205E-6
4.642E-6
4.443E-6
3.962E-6
2.266E-6
5.812E-6
2.17E-6
2.25E-6
3.822E-6
4.109E-6
4.367E-6
4.172E-6
2.322E-6
2.77E-6
2.296E-6
4.234E-6
5.304E-6
5.191E-6
2.643E-6
5.607E-6
4.335E-6
2.562E-6
3.08E-6
5.745E-6
3.327E-6
4.344E-6
4.394E-6
4.866E-6
5.51E-6
4.002E-6
3.937E-6
3.199E-6
2.879E-6
3.287E-6
2.146E-6
5.748E-6
2.984E-6
2.544E-6
5.346E-6
4.681E-6
3.988E-6
4.885E-6
2.952E-6
4.769E-6
3.464E-6
3.828E-6
1.684E-6
3.476E-6
2.171E-6
2.004E-6
4.384E-6
1.911E-6
4.284E-6
2.777E-6
4.644E-6
4.074E-6
4.254E-6
2.097E-6
4.885E-6
2.304E-6
3.034E-6
2.133E-6
2.727E-6
5.668E-6
4.968E-6
2.881E-6
4.252E-6
1.858E-6
6.192E-6
1.938E-6
3.259E-6
5.11E-6
1.913E-6
4.966E-6
4.621E-6
3.94E-6
2.84E-6
3.964E-6
2.251E-6
4.705E-6
3.549E-6
2.441E-6
3.325E-6
4.852E-6
4.349E-6
1.832E-6
2.108E-6
4.139E-6
1.972E-6
6.246E-6
1.3046E-5
4.435E-6
3.578E-6
1.2546E-5
1.825E-6
3.882E-6
5.843E-6
1.974E-6
2.263E-6
3.642E-6
1.14835E-4
2.69E-6
5.736E-6
3.599E-6
5.409E-6
2.114E-6
2.843E-6
2.216E-6
3.253E-6
2.94E-6
1.83E-6
7.586E-6
4.109E-6
2.443E-6
2.348E-6
4.167E-6
2.918E-6
3.147E-6
3.929E-6
3.316E-6
5.986E-6
2.427E-6
3.883E-6
3.891E-6
6.328E-6
4.098E-6
2.628E-6
2.693E-6
5.611E-6
5.456E-6
3.273E-6
2.99E-6
2.826E-6
5.867E-6
5.177E-6
4.707E-6
4.507E-6
2.352E-6
2.573E-6
3.074E-6
4.185E-6
4.502E-6
4.495E-6
1.982E-6
3.831E-6
1.8E-6
2.202E-6
3.087E-6
1.863E-6
5.839E-6
4.439E-6
5.476E-6
5.134E-6
2.383E-6
6.208E-6
4.591E-6
2.305E-6
2.773E-6
2.787E-6
2.081E-6
4.32E-6
2.06E-6
2.121E-6
3.743E-6
2.322E-6
3.623E-6
6.428E-6
5.769E-6
3.297E-6
8.285E-6
2.432E-6
2.093E-6
4.396E-6
4.06E-6
2.287E-6
4.151E-6
2.21E-6
2.046E-6
4.195E-6
3.023E-6
4.852E-6
3.629E-6
2.544E-6
3.492E-6
3.133E-6
5.296E-6
4.299E-6
2.0E-6
4.14E-6
3.128E-6
2.938E-6
3.115E-6
4.726E-6
1.813E-6
3.948E-6
3.687E-6
1.992E-6
3.727E-6
3.108E-6
4.645E-6
5.399E-6
2.954E-6
5.829E-6
2.092E-6
3.386E-6
2.916E-6
3.175E-6
3.268E-6
1.98E-6
5.765E-6
6.316E-6
3.902E-6
3.182E-6
2.239E-6
4.06E-6
2.72E-6
3.112E-6
4.049E-6
4.952E-6
1.877E-6
4.006E-6
4.08E-6
3.83E-6
2.02E-6
4.524E-6
5.161E-6
7.768E-6
2.081E-6
5.741E-6
4.177E-6
5.195E-6
3.241E-6
2.231E-6
4.121E-6
6.074E-6
1.841E-6
2.868E-6
5.307E-6
2.914E-6
2.799E-6
4.569E-6
1.973E-6
3.745E-6
2.883E-6
4.191E-6
2.232E-6
5.545E-6
3.097E-6
3.613E-6
2.427E-6
2.965E-6
3.267E-6
3.924E-6
2.074E-6
3.817E-6
2.988E-6
2.006E-6
3.242E-6
3.11E-6
4.182E-6
2.737E-6
6.874E-6
4.173E-6
5.322E-6
5.456E-6
2.33E-6
5.332E-6
2.084E-6
4.242E-6
4.695E-6
4.669E-6
2.139E-6
2.572E-6
2.012E-6
3.178E-6
2.454E-6
2.625E-6
2.869E-6
2.422E-6
1.901E-6
3.166E-6
2.467E-6
4.324E-6
2.631E-6
4.001E-6
7.542E-6
1.873E-6
3.1E-6
2.17E-6
6.091E-6
2.049E-6
3.491E-6
3.394E-6
4.981E-6
3.886E-6
4.5E-6
2.161E-6
5.12E-6
1.801E-6
2.095E-6
5.991E-6
2.119E-6
4.372E-6
3.006E-6
1.939E-6
5.323E-6
5.889E-6
4.111E-6
1.991E-6
3.876E-6
3.092E-6
2.714E-6
5.371E-6
2.208E-6
2.485E-6
4.104E-6
2.887E-6
2.454E-6
4.143E-6
2.414E-6
4.836E-6
3.652E-6
1.852E-6
2.182E-6
5.005E-6
3.391E-6
1.964E-6
5.475E-6
2.314E-6
4.072E-6
3.976E-6
4.502E-6
4.335E-6
2.248E-6
4.343E-6
4.172E-6
4.564E-6
1.922E-6
4.344E-6
1.802E-6
2.498E-6
6.433E-6
2.763E-6
4.17E-6
2.356E-6
5.339E-6
5.267E-6
3.861E-6
3.84E-6
3.631E-6
3.151E-6
5.537E-6
3.253E-6
3.913E-6
3.588E-6
2.503E-6
2.692E-6
3.237E-6
3.399E-6
5.531E-6
3.832E-6
2.4E-6
2.505E-6
3.926E-6
4.432E-6
1.854E-6
5.985E-6
2.425E-6
2.65E-6
4.778E-6
5.211E-6
1.995E-6
3.543E-6
5.857E-6
2.351E-6
4.429E-6
2.137E-6
2.325E-6
4.504E-6
3.956E-6
3.965E-6
1.885E-6
5.76E-6
5.387E-6
1.979E-6
2.521E-6
8.071E-6
2.682E-6
3.622E-6
4.036E-6
1.959E-6
3.737E-6
2.0E-6
4.06E-6
1.775E-6
4.786E-6
4.063E-6
2.628E-6
2.704E-6
5.932E-6
3.132E-6
3.926E-6
5.621E-6
2.04E-6
4.607E-6
2.645E-6
4.778E-6
4.758E-6
1.788E-6
2.187E-6
2.449E-6
1.931E-6
4.555E-6
3.048E-6
2.16E-6
5.581E-6
2.342E-6
5.426E-6
2.361E-6
5.174E-6
4.372E-6
2.375E-6
3.692E-6
1.877E-6
2.21E-6
2.134E-6
3.806E-6
2.4E-6
2.945E-6
3.628E-6
2.253E-6
2.122E-6
3.992E-6
1.872E-6
2.037E-6
2.834E-6
2.528E-6
6.179E-6
1.848E-6
5.486E-6
3.287E-6
4.212E-6
3.778E-6
1.978E-6
3.827E-6
2.321E-6
2.333E-6
5.406E-6
3.274E-6
1.927E-6
5.116E-6
2.03E-6
4.173E-6
2.086E-6
4.498E-6
1.997E-6
3.744E-6
2.784E-6
4.8E-6
2.946E-6
4.983E-6
4.539E-6
1.918E-6
6.496E-6
5.974E-6
4.066E-6
2.587E-6
1.871E-6
3.381E-6
5.344E-6
6.018E-6
4.421E-6
3.293E-6
3.923E-6
1.914E-6
4.711E-6
3.905E-6
2.13E-6
4.147E-6
2.374E-6
2.099E-6
2.576E-6
4.981E-6
2.136E-6
4.474E-6
1.835E-6
3.797E-6
4.115E-6
1.903E-6
2.363E-6
2.379E-6
2.828E-6
4.338E-6
2.508E-6
4.581E-6
2.82E-6
1.836E-6
4.921E-6
3.819E-6
1.967E-6
5.8E-6
5.287E-6
4.263E-6
3.119E-6
3.692E-6
4.72E-6
3.437E-6
4.056E-6
5.434E-6
2.092E-6
4.996E-6
2.527E-6
3.94E-6
2.56E-6
3.568E-6
4.31E-6
4.714E-6
2.019E-6
2.939E-6
3.493E-6
5.06E-6
1.834E-6
4.232E-6
3.401E-6
2.092E-6
3.269E-6
3.713E-6
4.899E-6
3.335E-6
3.467E-6
5.139E-6
2.187E-6
3.197E-6
3.943E-6
5.082E-6
5.059E-6
5.448E-6
4.173E-6
2.341E-6
2.055E-6
3.989E-6
2.532E-6
3.883E-6
2.09E-6
6.272E-6
1.941E-6
3.685E-6
3.246E-6
1.75E-6
2.137E-6
3.782E-6
2.595E-6
5.434E-6
2.344E-6
3.29E-6
1.924E-6
3.358E-6
2.072E-6
2.002E-6
3.061E-6
6.737E-6
2.816E-6
1.961E-6
4.374E-6
2.188E-6
3.414E-6
1.0639E-5
2.289E-6
5.432E-6
1.981E-6
2.71E-6
6.162E-6
3.267E-6
2.246E-6
4.897E-6
3.979E-6
2.191E-6
4.337E-6
3.992E-6
3.942E-6
5.08E-6
3.503E-6
4.12E-6
4.359E-6
3.954E-6
5.507E-6
2.09E-6
4.851E-6
1.876E-6
2.564E-6
2.223E-6
2.029E-6
3.234E-6
6.314E-6
2.114E-6
2.459E-6
2.057E-6
4.823E-6
3.81E-6
1.7E-6
3.584E-6
3.22E-6
5.011E-6
3.772E-6
5.446E-6
5.201E-6
3.652E-6
1.962E-6
4.925E-6
2.965E-6
2.841E-6
1.74E-6
2.776E-6
2.534E-6
1.666E-6
1.857E-6
4.501E-6
3.897E-6
4.124E-6
4.913E-6
4.98E-6
2.965E-6
1.757E-6
3.855E-6
4.375E-6
3.57E-6
3.6E-6
4.078E-6
3.474E-6
4.366E-6
3.789E-6
2.617E-6
3.769E-6
3.694E-6
4.509E-6
5.278E-6
1.861E-6
2.4E-6
6.707E-6
1.948E-6
2.821E-6
2.072E-6
2.254E-6
6.5928E-5
2.1755E-5
4.19E-6
4.083E-6
3.922E-6
2.984E-6
4.458E-6
2.388E-6
3.738E-6
4.422E-6
5.075E-6
3.504E-6
3.132E-6
2.042E-6
3.608E-6
2.022E-6
3.859E-6
6.314E-6
1.954E-6
2.223E-6
4.565E-6
3.249E-6
4.356E-6
3.543E-6
4.382E-6
2.205E-6
2.827E-6
1.76E-6
4.18E-6
7.159E-6
3.969E-6
4.461E-6
2.282E-6
2.548E-6
3.85E-6
2.133E-6
2.202E-6
2.066E-6
4.484E-6
4.596E-6
2.095E-6
4.653E-6
6.079E-6
2.831E-6
5.225E-6
1.609E-6
1.971E-6
4.01E-6
2.017E-6
4.362E-6
4.479E-6
2.515E-6
5.347E-6
1.961E-6
4.865E-6
5.172E-6
3.253E-6
3.05E-6
4.659E-6
2.131E-6
3.807E-6
1.999E-6
3.207E-6
4.087E-6
3.364E-6
1.825E-6
3.77E-6
3.117E-6
3.784E-6
2.829E-6
2.018E-6
2.253E-6
5.936E-6
4.175E-6
3.26E-6
4.421E-6
2.404E-6
3.341E-6
1.89E-6
5.986E-6
2.727E-6
3.307E-6
4.024E-6
2.159E-6
3.951E-6
2.058E-6
3.197E-6
5.077E-6
2.152E-6
2.418E-6
3.368E-6
4.129E-6
2.636E-6
1.545E-6
5.326E-6
2.239E-6
4.052E-6
2.121E-6
2.499E-6
3.582E-6
1.765E-6
4.731E-6
4.51E-6
3.549E-6
2.804E-6
5.215E-6
2.022E-6
3.873E-6
4.46E-6
2.884E-6
2.067E-6
6.179E-6
4.945E-6
3.815E-6
2.857E-6
2.066E-6
2.502E-6
4.568E-6
5.737E-6
5.721E-6
3.606E-6
1.972E-6
2.67E-6
5.552E-6
6.107E-6
4.404E-6
4.538E-6
2.729E-6
3.465E-6
2.346E-6
4.412E-6
2.613E-6
1.969E-6
4.972E-6
4.954E-6
5.224E-6
3.699E-6
2.1E-6
2.887E-6
4.224E-6
3.046E-6
3.637E-6
2.331E-6
2.332E-6
6.152E-6
3.282E-6
5.615E-6
2.02E-6
4.075E-6
1.815E-6
4.474E-6
2.054E-6
4.006E-6
4.121E-6
3.489E-6
4.11E-6
3.465E-6
2.12E-6
6.918E-6
2.403E-6
3.425E-6
2.102E-6
3.932E-6
3.868E-6
3.19E-6
2.867E-6
2.257E-6
5.83E-6
2.219E-6
3.496E-6
4.039E-6
4.031E-6
1.948E-6
5.469E-6
3.767E-6
2.219E-6
6.14E-6
4.337E-6
3.399E-6
2.084E-6
3.659E-6
2.517E-6
2.138E-6
1.894E-6
2.735E-6
2.225E-6
2.927E-6
5.426E-6
2.556E-6
2.06E-6
1.806E-6
3.886E-6
4.307E-6
3.922E-6
4.342E-6
3.7E-6
3.406E-6
4.892E-6
4.272E-6
2.103E-6
2.759E-6
2.331E-6
2.66E-6
3.576E-6
3.129E-6
3.859E-6
3.725E-6
4.035E-6
3.038E-6
4.215E-6
2.452E-6
4.836E-6
2.045E-6
2.42E-6
3.22E-6
9.088E-6
2.571E-6
5.041E-6
2.462E-6
2.282E-6
4.555E-6
2.076E-6
4.046E-6
3.99E-6
4.576E-6
6.271E-6
2.196E-6
3.126E-6
1.825E-6
3.314E-6
2.312E-6
4.328E-6
3.859E-6
3.729E-6
4.495E-6
3.263E-6
3.174E-6
4.015E-6
4.237E-6
3.889E-6
3.155E-6
3.831E-6
5.949E-6
3.798E-6
3.561E-6
3.813E-6
3.006E-6
4.707E-6
1.912E-6
4.588E-6
2.56E-6
3.895E-6
2.127E-6
4.615E-6
2.465E-6
2.994E-6
2.138E-6
3.7E-6
2.046E-6
2.548E-6
3.32E-6
3.274E-6
4.491E-6
2.165E-6
2.572E-6
2.325E-6
5.176E-6
4.519E-6
3.937E-6
3.39E-6
3.574E-6
4.404E-6
5.145E-6
1.962E-6
4.261E-6
3.002E-6
5.385E-6
3.445E-6
1.844E-6
2.257E-6
4.244E-6
2.816E-6
2.326E-6
4.216E-6
3.552E-6
2.093E-6
3.71E-6
5.928E-6
2.663E-6
5.158E-6
3.856E-6
2.422E-6
4.921E-6
2.304E-6
3.951E-6
2.875E-6
4.311E-6
3.63E-6
3.227E-6
2.019E-6
4.938E-6
2.379E-6
2.158E-6
4.765E-6
4.326E-6
1.846E-6
2.844E-6
2.811E-6
4.306E-6
4.748E-6
2.923E-6
5.84E-6
3.661E-6
1.839E-6
2.381E-6
2.005E-6
4.585E-6
2.345E-6
1.883E-6
2.209E-6
3.773E-6
2.242E-6
3.409E-6
2.912E-6
3.034E-6
4.209E-6
2.017E-6
2.066E-6
3.152E-6
1.684E-6
3.884E-6
6.544E-6
3.252E-6
3.914E-6
5.376E-6
5.258E-6
2.307E-6
2.306E-6
4.673E-6
4.578E-6
1.689E-6
2.801E-6
2.741E-6
4.454E-6
4.209E-6
1.985E-6
1.854E-6
3.582E-6
3.85E-6
3.834E-6
1.941E-6
2.14E-6
4.695E-6
1.66E-6
2.401E-6
4.725E-6
2.164E-6
5.215E-6
3.747E-6
3.075E-6
2.471E-6
4.118E-6
2.991E-6
7.433E-6
2.316E-6
4.283E-6
2.208E-6
3.988E-6
3.865E-6
2.73E-6
1.916E-6
4.245E-6
5.14E-6
6.289E-6
1.649E-6
2.925E-6
3.925E-6
4.892E-6
2.858E-6
1.87E-6
3.942E-6
1.826E-6
3.517E-6
4.13E-6
2.048E-6
3.793E-6
2.43E-6
3.609E-6
3.895E-6
2.263E-6
4.115E-6
2.664E-6
4.694E-6
2.184E-6
2.206E-6
3.492E-6
1.885E-6
3.634E-6
1.976E-6
3.872E-6
2.188E-6
5.171E-6
4.004E-6
1.858E-6
2.336E-6
4.156E-6
2.288E-6
2.62E-6
4.24E-6
4.084E-6
2.064E-6
4.433E-6
2.41E-6
5.621E-6
2.39E-6
1.909E-6
1.873E-6
2.08E-6
1.544E-6
2.265E-6
1.107E-6
1.935E-6
1.291E-6
1.55E-6
1.179E-6
2.638E-6
1.192E-6
3.611E-6
3.826E-6
1.342E-6
3.719E-6
1.286E-6
2.358E-6
2.002E-6
1.169E-6
2.813E-6
1.232E-6
2.002E-6
2.403E-6
1.142E-6
3.301E-6
2.979E-6
2.241E-6
1.835E-6
1.213E-6
1.069E-6
1.197E-6
1.722E-6
2.087E-6
1.436E-6
3.178E-6
1.138E-6
1.688E-6
2.141E-6
1.629E-6
1.924E-6
1.193E-6
2.418E-6
1.236E-6
2.154E-6
1.857E-6
1.359E-6
1.153E-6
2.323E-6
2.007E-6
1.951E-6
1.027E-6
3.262E-6
1.567E-6
1.197E-6
1.952E-6
2.635E-6
2.321E-6
1.125E-6
2.033E-6
2.198E-6
1.682E-6
1.161E-6
1.893E-6
1.194E-6
1.544E-6
2.317E-6
1.059E-6
1.94E-6
3.553E-6
3.12E-6
2.124E-6
1.134E-6
2.49E-6
2.394E-6
1.61E-6
1.163E-6
3.747E-6
1.184E-6
2.905E-6
1.198E-6
1.823E-6
2.256E-6
1.118E-6
2.566E-6
1.755E-6
1.361E-6
2.332E-6
3.511E-6
2.672E-6
2.531E-6
2.567E-6
1.232E-6
1.441E-6
1.062E-6
2.057E-6
1.113E-6
3.472E-6
1.545E-6
2.352E-6
1.128E-6
1.961E-6
2.917E-6
1.262E-6
2.132E-6
1.134E-6
2.904E-6
2.063E-6
1.527E-6
2.001E-6
2.505E-6
1.324E-6
1.144E-6
1.145E-6
4.307E-6
1.539E-6
1.533E-6
1.272E-6
1.43E-6
1.424E-6
2.763E-6
1.741E-6
2.805E-6
3.144E-6
1.211E-6
2.132E-6
1.087E-6
2.857E-6
4.277E-6
2.141E-6
2.288E-6
2.536E-6
1.546E-6
2.256E-6
3.517E-6
1.618E-6
2.657E-6
1.16E-6
3.433E-6
1.088E-6
2.888E-6
1.257E-6
3.13E-6
1.08E-6
1.248E-6
2.827E-6
1.802E-6
2.499E-6
1.878E-6
2.802E-6
2.904E-6
1.877E-6
1.384E-6
2.826E-6
2.067E-6
2.687E-6
1.536E-6
1.172E-6
1.828E-6
1.18E-6
2.749E-6
2.321E-6
1.22E-6
2.587E-6
1.123E-6
1.213E-6
1.732E-6
1.238E-6
2.658E-6
3.257E-6
1.536E-6
1.185E-6
2.839E-6
1.496E-6
1.805E-6
2.894E-6
1.043E-6
1.021E-6
2.147E-6
1.203E-6
1.813E-6
1.524E-6
3.019E-6
2.185E-6
2.615E-6
1.667E-6
1.112E-6
1.278E-6
2.741E-6
1.188E-6
1.396E-6
2.709E-6
2.898E-6
2.244E-6
1.122E-6
2.035E-6
1.653E-6
1.056E-6
1.228E-6
2.776E-6
1.708E-6
2.165E-6
1.616E-6
2.938E-6
1.589E-6
2.645E-6
1.077E-6
2.842E-6
1.114E-6
3.266E-6
2.108E-6
2.163E-6
1.163E-6
3.032E-6
1.382E-6
2.764E-6
1.056E-6
1.216E-6
2.885E-6
1.37E-6
2.215E-6
2.297E-6
3.307E-6
1.583E-6
1.213E-6
2.116E-6
1.147E-6
2.725E-6
1.05E-6
1.417E-6
1.357E-6
2.094E-6
1.034E-6
1.166E-6
1.606E-6
1.579E-6
3.107E-6
2.148E-6
2.274E-6
1.084E-6
2.435E-6
2.218E-6
1.311E-6
2.491E-6
1.283E-6
1.049E-6
1.114E-6
1.376E-6
1.204E-6
2.379E-6
1.814E-6
3.587E-6
1.558E-6
2.181E-6
2.984E-6
1.167E-6
2.249E-6
1.085E-6
2.892E-6
1.167E-6
1.025E-6
2.529E-6
1.971E-6
1.445E-6
2.948E-6
1.041E-6
2.789E-6
1.603E-6
2.263E-6
1.863E-6
2.662E-6
1.761E-6
2.115E-6
1.698E-6
1.7E-6
1.164E-6
1.805E-6
5.463E-6
1.535E-6
2.028E-6
1.53E-6
1.964E-6
1.777E-6
1.173E-6
3.137E-6
1.796E-6
1.027E-6
1.194E-6
2.078E-6
1.781E-6
1.596E-6
1.53E-6
2.893E-6
1.505E-6
2.063E-6
1.489E-6
1.402E-6
2.433E-6
1.185E-6
2.077E-6
2.151E-6
2.845E-6
1.203E-6
2.46E-6
1.735E-6
1.693E-6
2.774E-6
3.491E-6
1.508E-6
2.031E-6
2.136E-6
2.04E-6
2.126E-6
3.066E-6
1.448E-6
1.097E-6
1.982E-6
1.349E-6
1.144E-6
1.887E-6
2.466E-6
2.262E-6
2.762E-6
2.349E-6
2.08E-6
1.335E-6
2.058E-6
2.15E-6
1.612E-6
1.427E-6
1.327E-6
2.523E-6
1.067E-6
2.358E-6
2.462E-6
1.184E-6
2.391E-6
3.358E-6
2.201E-6
2.222E-6
3.17E-6
1.763E-6
2.763E-6
2.957E-6
1.638E-6
1.667E-6
1.061E-6
1.488E-6
2.148E-6
1.639E-6
2.553E-6
1.21E-6
3.123E-6
1.244E-6
1.394E-6
2.364E-6
2.161E-6
1.241E-6
3.127E-6
1.21E-6
2.045E-6
9.731E-6
1.243E-6
1.37E-6
2.549E-6
2.199E-6
2.089E-6
1.373E-6
1.447E-6
1.604E-6
1.503E-6
2.009E-6
1.605E-6
3.513E-6
1.979E-6
1.274E-6
1.44E-6
1.91E-6
2.272E-6
1.751E-6
1.02E-6
2.135E-6
2.116E-6
1.517E-6
2.971E-6
1.403E-6
1.236E-6
1.23E-6
1.293E-6
1.985E-6
1.17E-6
2.954E-6
1.09E-6
2.279E-6
2.397E-6
2.536E-6
1.789E-6
2.546E-6
2.497E-6
1.434E-6
2.277E-6
1.072E-6
2.327E-6
2.324E-6
1.964E-6
1.874E-6
2.147E-6
1.889E-6
1.883E-6
2.104E-6
2.35E-6
1.205E-6
4.322E-6
1.21E-6
2.834E-6
1.219E-6
3.634E-6
1.792E-6
1.556E-6
2.032E-6
1.408E-6
1.242E-6
1.372E-6
2.313E-6
2.21E-6
1.302E-6
2.462E-6
1.651E-6
1.161E-6
1.534E-6
1.574E-6
1.741E-6
2.15E-6
2.312E-6
1.066E-6
1.148E-6
2.491E-6
3.786E-6
2.846E-6
2.766E-6
1.23E-6
1.534E-6
2.495E-6
1.496E-6
1.182E-6
2.781E-6
1.403E-6
2.968E-6
2.278E-6
1.828E-6
2.146E-6
1.049E-6
2.43E-6
2.218E-6
3.731E-6
1.144E-6
2.565E-6
1.066E-6
2.207E-6
3.005E-6
2.154E-6
1.647E-6
1.146E-6
2.129E-6
1.181E-6
2.589E-6
1.568E-6
1.195E-6
2.458E-6
1.848E-6
3.53E-6
1.174E-6
1.263E-6
2.708E-6
1.285E-6
1.814E-6
2.508E-6
1.482E-6
2.116E-6
2.867E-6
2.248E-6
1.761E-6
1.045E-6
2.364E-6
2.351E-6
1.156E-6
2.429E-6
2.855E-6
1.241E-6
2.032E-6
2.52E-6
2.539E-6
3.658E-6
1.163E-6
2.464E-6
1.091E-6
2.123E-6
1.238E-6
1.87E-6
2.57E-6
1.195E-6
1.106E-6
2.385E-6
1.208E-6
1.168E-6
1.152E-6
1.787E-6
2.724E-6
2.429E-6
1.053E-6
1.637E-6
2.573E-6
2.789E-6
2.179E-6
2.91E-6
1.094E-6
1.222E-6
1.427E-6
1.035E-6
1.36E-6
2.182E-6
2.429E-6
1.073E-6
1.473E-6
2.589E-6
2.615E-6
1.169E-6
1.419E-6
2.432E-6
1.063E-6
3.128E-6
1.073E-6
2.142E-6
3.534E-6
1.308E-6
2.037E-6
1.761E-6
1.167E-6
1.482E-6
1.153E-6
3.055E-6
1.167E-6
2.101E-6
1.046E-6
2.136E-6
2.012E-6
1.855E-6
2.531E-6
2.843E-6
1.175E-6
1.056E-6
3.001E-6
1.725E-6
1.281E-6
1.923E-6
2.219E-6
3.715E-6
1.657E-6
2.211E-6
1.79E-6
2.134E-6
1.85E-6
2.512E-6
1.587E-6
1.291E-6
2.226E-6
2.25E-6
2.356E-6
2.319E-6
1.282E-6
1.696E-6
2.312E-6
1.418E-6
2.13E-6
2.208E-6
2.196E-6
2.567E-6
1.426E-6
4.443E-6
1.571E-6
1.299E-6
1.454E-6
3.049E-6
2.319E-6
3.165E-6
1.232E-6
1.192E-6
2.225E-6
1.281E-6
2.663E-6
1.447E-6
2.507E-6
2.414E-6
1.067E-6
1.865E-6
1.053E-6
2.143E-6
2.357E-6
1.317E-6
1.121E-6
1.526E-6
2.145E-6
2.544E-6
1.912E-6
2.172E-6
2.394E-6
3.67E-6
1.659E-6
1.077E-6
3.029E-6
2.86E-6
1.293E-6
1.422E-6
1.97E-6
1.424E-6
2.343E-6
1.881E-6
1.115E-6
2.409E-6
1.172E-6
1.81E-6
2.748E-6
1.918E-6
2.704E-6
2.026E-6
2.06E-6
1.548E-6
1.788E-6
2.146E-6
2.205E-6
2.812E-6
1.414E-6
2.257E-6
2.513E-6
2.931E-6
2.118E-6
2.096E-6
2.418E-6
1.047E-6
3.252E-6
2.49E-6
2.415E-6
1.028E-6
2.594E-6
2.128E-6
2.01E-6
1.351E-6
2.271E-6
2.143E-6
1.13E-6
2.353E-6
1.314E-6
1.551E-6
1.837E-6
2.122E-6
2.508E-6
1.346E-6
1.931E-6
2.131E-6
2.482E-6
1.143E-6
1.099E-6
2.28E-6
2.155E-6
1.611E-6
2.026E-6
3.041E-6
1.589E-6
2.181E-6
1.054E-6
1.563E-6
1.083E-6
2.255E-6
1.126E-6
2.502E-6
1.873E-6
1.289E-6
2.417E-6
2.159E-6
1.329E-6
1.707E-6
1.166E-6
1.335E-6
1.351E-6
1.181E-6
1.313E-6
2.079E-6
3.154E-6
2.148E-6
2.381E-6
2.129E-6
1.351E-6
1.06E-6
1.508E-6
2.85E-6
3.104E-6
1.261E-6
1.17E-6
2.031E-6
1.1E-6
1.138E-6
1.912E-6
2.134E-6
2.96E-6
3.123E-6
2.149E-6
2.066E-6
1.071E-6
1.871E-6
1.089E-6
2.244E-6
1.547E-6
1.843E-6
1.876E-6
2.108E-6
1.472E-6
1.508E-6
2.084E-6
1.834E-6
1.289E-6
2.045E-6
1.404E-6
2.446E-6
1.08E-6
1.129E-6
1.645E-6
2.334E-6
2.766E-6
2.849E-6
2.183E-6
2.362E-6
2.423E-6
1.294E-6
2.596E-6
1.344E-6
2.775E-6
1.845E-6
1.884E-6
1.616E-6
1.16E-6
1.549E-6
2.873E-6
1.304E-6
2.375E-6
1.146E-6
1.79E-6
2.767E-6
1.509E-6
1.497E-6
1.547E-6
1.425E-6
2.187E-6
1.925E-6
1.957E-6
1.577E-6
1.09E-6
2.01E-6
2.249E-6
1.964E-6
1.305E-6
1.652E-6
1.473E-6
2.418E-6
1.289E-6
1.2E-6
2.144E-6
2.966E-6
2.16E-6
1.535E-6
1.927E-6
2.509E-6
2.379E-6
1.98E-6
1.718E-6
1.194E-6
2.628E-6
1.103E-6
2.004E-6
1.152E-6
1.624E-6
2.141E-6
2.42E-6
2.269E-6
1.147E-6
2.451E-6
2.203E-6
1.166E-6
1.287E-6
1.929E-6
1.466E-6
2.141E-6
1.881E-6
2.161E-6
1.096E-6
1.932E-6
1.343E-6
2.492E-6
2.348E-6
2.445E-6
1.088E-6
1.706E-6
2.582E-6
1.146E-6
1.996E-6
2.871E-6
2.268E-6
1.899E-6
1.16E-6
1.454E-6
1.305E-6
2.116E-6
2.683E-6
1.133E-6
2.792E-6
2.149E-6
2.012E-6
2.499E-6
1.14E-6
2.185E-6
2.445E-6
1.733E-6
2.372E-6
3.771E-6
2.156E-6
2.434E-6
1.93E-6
1.724E-6
1.14E-6
1.534E-6
1.226E-6
1.742E-6
1.07E-6
1.693E-6
1.155E-6
2.909E-6
1.295E-6
2.263E-6
1.385E-6
1.986E-6
1.11E-6
2.754E-6
2.148E-6
1.216E-6
1.719E-6
1.851E-6
1.161E-6
2.293E-6
2.175E-6
1.065E-6
1.031E-6
2.006E-6
2.12E-6
1.199E-6
1.84E-6
1.616E-6
2.326E-6
2.642E-6
2.295E-6
1.824E-6
2.474E-6
2.185E-6
3.137E-6
1.098E-6
2.031E-6
1.648E-6
2.029E-6
1.104E-6
2.509E-6
1.148E-6
1.255E-6
1.681E-6
1.091E-6
1.155E-6
3.532E-6
2.274E-6
1.933E-6
1.933E-6
1.222E-6
1.83E-6
1.266E-6
2.147E-6
1.313E-6
1.226E-6
2.074E-6
1.418E-6
2.313E-6
1.06E-6
1.119E-6
2.365E-6
2.13E-6
2.861E-6
1.553E-6
2.438E-6
1.183E-6
1.55E-6
1.978E-6
1.163E-6
1.055E-6
1.414E-6
2.102E-6
1.161E-6
1.36E-6
1.332E-6
1.683E-6
1.121E-6
3.644E-6
2.311E-6
2.008E-6
1.728E-6
2.554E-6
1.302E-6
1.645E-6
1.566E-6
1.216E-6
1.623E-6
1.642E-6
2.981E-6
2.15E-6
1.138E-6
1.906E-6
1.696E-6
2.483E-6
2.718E-6
1.685E-6
2.891E-6
1.154E-6
1.283E-6
1.607E-6
2.012E-6
2.194E-6
1.298E-6
2.136E-6
2.431E-6
2.242E-6
2.102E-6
1.28E-6
2.399E-6
2.171E-6
2.494E-6
1.566E-6
2.244E-6
2.818E-6
2.179E-6
1.313E-6
1.548E-6
1.103E-6
1.359E-6
2.271E-6
2.137E-6
2.1E-6
3.079E-6
3.083E-6
1.358E-6
1.734E-6
1.086E-6
1.191E-6
1.137E-6
1.82E-6
1.341E-6
3.086E-6
2.814E-6
2.921E-6
1.944E-6
2.626E-6
1.109E-6
2.312E-6
1.094E-6
1.285E-6
2.822E-6
1.99E-6
2.108E-6
2.293E-6
1.795E-6
1.68E-6
2.252E-6
1.718E-6
2.831E-6
2.432E-6
1.592E-6
2.474E-6
2.66E-6
1.109E-6
2.128E-6
2.659E-6
2.187E-6
1.341E-6
1.611E-6
1.027E-6
2.15E-6
1.651E-6
2.21E-6
1.977E-6
1.947E-6
2.554E-6
1.141E-6
1.821E-6
2.124E-6
1.069E-6
1.925E-6
1.024E-6
2.351E-6
1.092E-6
1.215E-6
1.306E-6
1.141E-6
2.127E-6
2.279E-6
1.48E-6
2.396E-6
1.196E-6
1.779E-6
1.889E-6
1.349E-6
1.142E-6
3.696E-6
1.22E-6
1.342E-6
2.104E-6
2.306E-6
3.012E-6
2.021E-6
1.073E-6
2.205E-6
1.125E-6
2.271E-6
1.805E-6
1.283E-6
1.339E-6
1.162E-6
1.122E-6
1.705E-6
2.14E-6
1.607E-6
2.047E-6
2.278E-6
2.409E-6
1.288E-6
2.039E-6
2.476E-6
1.385E-6
2.361E-6
2.554E-6
1.035E-6
2.012E-6
3.01E-6
2.14E-6
1.27E-6
2.348E-6
1.523E-6
1.118E-6
2.922E-6
2.792E-6
1.53E-6
2.243E-6
2.613E-6
1.677E-6
1.727E-6
2.688E-6
1.179E-6
2.051E-6
2.244E-6
1.538E-6
1.448E-6
2.476E-6
2.032E-6
2.256E-6
1.257E-6
2.162E-6
2.723E-6
2.945E-6
1.311E-6
1.066E-6
1.066E-6
1.568E-6
2.909E-6
2.907E-6
1.323E-6
4.545E-6
1.341E-6
2.346E-6
1.521E-6
1.554E-6
2.127E-6
2.135E-6
1.057E-6
2.089E-6
2.206E-6
1.284E-6
1.048E-6
1.271E-6
2.067E-6
2.793E-6
2.064E-6
2.27E-6
1.181E-6
2.205E-6
2.189E-6
1.199E-6
2.556E-6
2.494E-6
2.577E-6
2.716E-6
2.134E-6
2.597E-6
1.809E-6
1.732E-6
1.206E-6
1.346E-6
1.635E-6
1.064E-6
3.277E-6
2.194E-6
2.144E-6
1.274E-6
2.343E-6
1.102E-6
2.747E-6
1.205E-6
2.206E-6
1.068E-6
2.01E-6
2.084E-6
1.33E-6
1.151E-6
1.562E-6
1.052E-6
1.459E-6
1.627E-6
1.969E-6
1.278E-6
2.351E-6
2.108E-6
1.909E-6
2.873E-6
1.19E-6
2.957E-6
2.21E-6
1.372E-6
1.671E-6
2.482E-6
1.479E-6
3.529E-6
1.182E-6
1.125E-6
1.984E-6
1.078E-6
1.319E-6
2.124E-6
2.266E-6
1.744E-6
2.801E-6
2.033E-6
1.97E-6
1.134E-6
2.202E-6
2.228E-6
1.061E-6
2.112E-6
1.616E-6
1.028E-6
1.612E-6
2.355E-6
1.381E-6
2.501E-6
1.184E-6
1.153E-6
2.83E-6
2.301E-6
2.354E-6
1.065E-6
3.119E-6
1.534E-6
2.655E-6
1.165E-6
1.511E-6
2.751E-6
1.136E-6
2.099E-6
2.323E-6
1.994E-6
1.056E-6
1.687E-6
2.743E-6
2.408E-6
1.99E-6
1.659E-6
2.168E-6
2.886E-6
1.752E-6
1.147E-6
1.344E-6
2.543E-6
2.85E-6
4.74E-6
2.383E-6
2.212E-6
2.063E-6
1.612E-6
2.711E-6
1.808E-6
1.251E-6
2.881E-6
2.34E-6
1.528E-6
1.939E-6
2.318E-6
2.114E-6
1.334E-6
1.921E-6
1.149E-6
2.859E-6
1.071E-6
2.008E-6
1.046E-6
1.328E-6
1.973E-6
1.162E-6
2.414E-6
1.051E-6
2.969E-6
1.167E-6
2.254E-6
1.184E-6
1.567E-6
1.296E-6
2.417E-6
1.133E-6
2.447E-6
1.532E-6
2.444E-6
1.856E-6
1.135E-6
1.252E-6
2.358E-6
1.015E-6
2.699E-6
1.166E-6
2.39E-6
1.813E-6
1.489E-6
1.028E-6
1.243E-6
1.229E-6
1.652E-6
1.137E-6
1.307E-6
1.304E-6
2.157E-6
1.52E-6
1.524E-6
1.405E-6
2.034E-6
1.198E-6
1.277E-6
3.807E-6
2.9E-6
1.734E-6
3.122E-6
1.168E-6
1.786E-6
2.935E-6
1.151E-6
1.57E-6
1.784E-6
1.139E-6
2.447E-6
1.212E-6
2.407E-6
3.039E-6
2.248E-6
1.944E-6
2.609E-6
1.204E-6
2.998E-6
1.17E-6
2.133E-6
1.124E-6
2.455E-6
2.017E-6
2.886E-6
1.504E-6
1.401E-6
2.648E-6
2.32E-6
1.16E-6
1.156E-6
3.019E-6
2.398E-6
1.084E-6
2.798E-6
2.13E-6
2.397E-6
2.09E-6
1.6E-6
1.019E-6
2.114E-6
2.328E-6
2.195E-6
1.617E-6
2.098E-6
2.097E-6
1.043E-6
2.573E-6
2.349E-6
1.589E-6
2.166E-6
1.77E-6
2.374E-6
1.327E-6
1.438E-6
2.134E-6
1.155E-6
1.668E-6
2.686E-6
2.209E-6
2.344E-6
2.359E-6
2.222E-6
1.324E-6
2.007E-6
1.162E-6
2.049E-6
1.082E-6
1.927E-6
2.381E-6
2.192E-6
2.144E-6
2.543E-6
3.528E-6
2.648E-6
2.158E-6
2.518E-6
1.29E-6
1.05E-6
2.963E-6
1.292E-6
1.069E-6
2.273E-6
2.283E-6
2.351E-6
2.046E-6
2.176E-6
1.306E-6
2.435E-6
2.028E-6
1.364E-6
2.144E-6
2.326E-6
1.228E-6
2.125E-6
2.221E-6
2.238E-6
1.214E-6
2.435E-6
1.045E-6
2.321E-6
1.28E-6
1.196E-6
1.117E-6
1.487E-6
1.621E-6
1.161E-6
1.008E-6
2.358E-6
2.136E-6
2.422E-6
2.115E-6
2.136E-6
2.137E-6
1.736E-6
1.766E-6
1.078E-6
2.021E-6
1.22E-6
1.325E-6
1.208E-6
3.613E-6
1.429E-6
2.983E-6
1.64E-6
2.488E-6
1.506E-6
3.051E-6
1.55E-6
1.235E-6
1.92E-6
1.541E-6
1.227E-6
1.523E-6
1.81E-6
2.807E-6
2.333E-6
1.405E-6
1.668E-6
1.09E-6
2.481E-6
4.056E-6
2.278E-6
2.314E-6
2.555E-6
2.334E-6
1.24E-6
1.511E-6
2.327E-6
2.24E-6
1.057E-6
2.746E-6
2.861E-6
3.088E-6
2.622E-6
1.705E-6
1.936E-6
2.83E-6
3.088E-6
2.458E-6
2.486E-6
2.171E-6
2.019E-6
1.049E-6
1.474E-6
1.1E-6
2.233E-6
3.208E-6
3.367E-6
1.026E-6
1.775E-6
2.917E-6
1.662E-6
2.553E-6
3.263E-6
3.323E-6
1.216E-6
1.027E-6
2.228E-6
2.544E-6
1.664E-6
1.388E-6
2.715E-6
1.181E-6
2.843E-6
1.252E-6
2.026E-6
1.122E-6
2.635E-6
2.131E-6
1.05E-6
1.073E-6
2.35E-6
2.355E-6
2.263E-6
2.283E-6
1.699E-6
3.038E-6
1.162E-6
2.642E-6
1.767E-6
1.592E-6
1.538E-6
2.322E-6
1.772E-6
3.513E-6
2.307E-6
1.061E-6
2.658E-6
2.986E-6
2.817E-6
2.51E-6
1.434E-6
1.573E-6
2.777E-6
1.576E-6
1.551E-6
3.126E-6
2.797E-6
2.379E-6
2.067E-6
2.162E-6
1.963E-6
1.268E-6
2.401E-6
2.202E-6
1.747E-6
2.382E-6
1.437E-6
1.279E-6
2.634E-6
2.873E-6
1.924E-6
1.191E-6
3.037E-6
2.474E-6
1.678E-6
1.337E-6
2.43E-6
1.328E-6
1.803E-6
1.934E-6
1.318E-6
1.784E-6
2.846E-6
1.734E-6
1.223E-6
4.282E-6
1.588E-6
2.345E-6
1.753E-6
2.682E-6
1.157E-6
2.232E-6
1.548E-6
2.486E-6
1.126E-6
2.232E-6
1.773E-6
1.539E-6
1.689E-6
3.02E-6
1.226E-6
1.611E-6
3.311E-6
2.078E-6
1.663E-6
1.043E-6
1.434E-6
1.166E-6
2.307E-6
1.093E-6
2.247E-6
1.179E-6
1.367E-6
2.078E-6
1.189E-6
2.005E-6
1.619E-6
2.295E-6
1.177E-6
1.495E-6
2.491E-6
3.219E-6
2.78E-6
1.211E-6
2.479E-6
1.063E-6
2.134E-6
1.161E-6
1.227E-6
1.868E-6
2.832E-6
1.143E-6
3.613E-6
1.471E-6
1.173E-6
2.518E-6
2.36E-6
2.653E-6
1.213E-6
2.373E-6
1.158E-6
2.903E-6
1.363E-6
2.278E-6
1.251E-6
2.139E-6
1.124E-6
1.9E-6
1.053E-6
1.23E-6
2.437E-6
1.518E-6
1.917E-6
2.225E-6
2.574E-6
2.177E-6
1.643E-6
1.986E-6
3.107E-6
2.793E-6
1.571E-6
1.881E-6
1.546E-6
2.18E-6
1.365E-6
2.685E-6
2.11E-6
1.543E-6
2.846E-6
2.447E-6
2.131E-6
1.31E-6
1.914E-6
1.655E-6
1.949E-6
1.141E-6
1.847E-6
1.535E-6
1.525E-6
2.778E-6
1.51E-6
1.229E-6
1.892E-6
1.17E-6
1.835E-6
1.18E-6
1.109E-6
2.078E-6
2.494E-6
1.535E-6
2.076E-6
2.439E-6
1.844E-6
2.132E-6
2.199E-6
1.08E-6
3.008E-6
1.913E-6
1.145E-6
1.07E-6
1.822E-6
1.936E-6
2.248E-6
2.559E-6
2.841E-6
1.164E-6
2.021E-6
2.008E-6
1.04E-6
2.3E-6
1.772E-6
2.106E-6
1.38E-6
2.403E-6
1.246E-6
2.624E-6
1.542E-6
2.16E-6
1.84E-6
1.521E-6
1.241E-6
2.563E-6
1.322E-6
3.054E-6
1.234E-6
1.748E-6
1.232E-6
2.023E-6
2.691E-6
1.386E-6
1.79E-6
3.356E-6
2.327E-6
2.75E-6
1.142E-6
2.326E-6
2.203E-6
1.081E-6
1.414E-6
2.086E-6
2.458E-6
1.964E-6
2.25E-6
1.675E-6
1.102E-6
2.785E-6
2.413E-6
1.131E-6
2.004E-6
2.255E-6
3.51E-6
1.523E-6
1.603E-6
2.515E-6
2.161E-6
1.6E-6
2.072E-6
1.584E-6
1.842E-6
2.25E-6
3.019E-6
3.096E-6
1.771E-6
2.135E-6
2.211E-6
1.71E-6
2.038E-6
1.559E-6
2.514E-6
1.742E-6
2.043E-6
1.155E-6
4.031E-6
1.837E-6
1.491E-6
2.124E-6
1.77E-6
3.195E-6
1.797E-6
2.534E-6
1.555E-6
2.241E-6
1.286E-6
1.609E-6
3.127E-6
1.095E-6
1.968E-6
1.527E-6
2.149E-6
2.867E-6
1.2E-6
1.384E-6
1.249E-6
2.011E-6
2.252E-6
1.563E-6
1.803E-6
2.244E-6
2.854E-6
1.073E-6
2.979E-6
2.279E-6
1.254E-6
1.064E-6
1.774E-6
1.314E-6
2.154E-6
2.076E-6
1.522E-6
1.28E-6
2.16E-6
1.96E-6
1.978E-6
1.148E-6
1.914E-6
2.154E-6
1.9E-6
1.386E-6
1.316E-6
1.412E-6
2.15E-6
1.949E-6
1.241E-6
1.837E-6
2.892E-6
2.181E-6
1.056E-6
2.224E-6
2.604E-6
2.147E-6
1.537E-6
1.339E-6
1.218E-6
3.936E-6
1.938E-6
2.568E-6
1.961E-6
1.172E-6
1.914E-6
1.536E-6
2.746E-6
2.199E-6
1.373E-6
1.161E-6
2.404E-6
3.059E-6
1.317E-6
1.612E-6
1.724E-6
1.265E-6
3.641E-6
1.888E-6
1.982E-6
1.148E-6
1.25E-6
1.301E-6
1.243E-6
2.25E-6
1.322E-6
2.402E-6
1.99E-6
2.559E-6
2.138E-6
2.547E-6
2.536E-6
2.287E-6
2.001E-6
2.142E-6
1.131E-6
1.069E-6
1.075E-6
2.514E-6
1.662E-6
2.339E-6
1.144E-6
2.553E-6
1.155E-6
2.239E-6
2.209E-6
1.52E-6
1.402E-6
2.117E-6
1.617E-6
1.849E-6
2.794E-6
1.264E-6
2.152E-6
1.493E-6
1.104E-6
2.086E-6
1.2E-6
3.078E-6
1.152E-6
1.81E-6
2.971E-6
4.364E-6
1.312E-6
2.083E-6
1.398E-6
1.512E-6
1.51E-6
2.257E-6
1.378E-6
2.11E-6
1.133E-6
1.5E-6
2.578E-6
3.198E-6
2.218E-6
2.438E-6
2.45E-6
1.329E-6
1.165E-6
2.913E-6
2.333E-6
1.318E-6
1.349E-6
3.202E-6
2.131E-6
1.206E-6
2.691E-6
1.101E-6
1.232E-6
2.364E-6
1.481E-6
1.989E-6
2.025E-6
1.57E-6
1.618E-6
2.055E-6
1.637E-6
1.072E-6
2.897E-6
1.839E-6
2.607E-6
1.334E-6
1.912E-6
2.919E-6
1.428E-6
1.858E-6
2.597E-6
1.209E-6
2.045E-6
3.548E-6
1.378E-6
2.243E-6
1.221E-6
2.225E-6
1.523E-6
1.086E-6
1.424E-6
2.359E-6
1.467E-6
1.127E-6
1.318E-6
2.003E-6
2.167E-6
1.062E-6
2.555E-6
1.196E-6
1.389E-6
1.105E-6
1.49E-6
1.216E-6
2.332E-6
2.167E-6
2.606E-6
2.496E-6
1.32E-6
2.217E-6
3.214E-6
2.381E-6
2.342E-6
2.534E-6
1.558E-6
1.089E-6
1.714E-6
1.188E-6
2.786E-6
1.051E-6
2.074E-6
2.136E-6
1.883E-6
2.696E-6
1.679E-6
2.78E-6
1.436E-6
1.751E-6
2.387E-6
1.597E-6
1.467E-6
1.178E-6
2.024E-6
2.58E-6
3.205E-6
2.556E-6
3.279E-6
2.205E-6
1.474E-6
1.676E-6
2.915E-6
2.434E-6
2.152E-6
1.814E-6
3.225E-6
2.284E-6
1.348E-6
1.196E-6
2.904E-6
1.029E-6
1.664E-6
2.421E-6
1.587E-6
2.63E-6
1.295E-6
3.958E-6
5.518E-6
1.756E-6
3.191E-6
5.576E-6
5.09E-6
3.997E-6
2.15E-6
6.157E-6
4.192E-6
2.156E-6
3.426E-6
4.507E-6
6.051E-6
2.492E-6
2.534E-6
2.48E-6
5.114E-6
2.139E-6
4.185E-6
6.655E-6
1.981E-6
3.845E-6
3.483E-6
3.142E-6
4.754E-6
2.37E-6
3.81E-6
5.103E-6
5.974E-6
2.861E-6
5.351E-6
2.197E-6
5.201E-6
3.376E-6
4.403E-6
4.133E-6
3.734E-6
4.921E-6
1.954E-6
3.742E-6
1.996E-6
4.528E-6
4.093E-6
1.828E-6
3.631E-6
3.154E-6
2.597E-6
5.467E-6
4.407E-6
2.345E-6
3.424E-6
2.238E-6
5.055E-6
3.652E-6
4.401E-6
2.789E-6
5.941E-6
4.893E-6
3.602E-6
2.565E-6
3.522E-6
4.257E-6
4.391E-6
5.856E-6
5.487E-6
2.934E-6
5.238E-6
2.76E-6
2.745E-6
2.081E-6
4.761E-6
1.929E-6
4.504E-6
3.724E-6
4.541E-6
4.732E-6
3.092E-6
2.597E-6
5.76E-6
2.173E-6
4.997E-6
5.232E-6
2.016E-6
2.005E-6
1.654E-6
4.49E-6
4.596E-6
3.761E-6
4.792E-6
7.034E-6
2.199E-6
3.939E-6
3.755E-6
2.563E-6
2.304E-6
4.414E-6
3.953E-6
1.9E-6
4.766E-6
3.26E-6
4.213E-6
3.795E-6
3.738E-6
5.239E-6
2.286E-6
4.933E-6
3.501E-6
2.949E-6
4.603E-6
3.975E-6
2.389E-6
5.453E-6
1.965E-6
4.208E-6
1.1895E-5
2.491E-6
3.961E-6
3.722E-6
4.632E-6
4.16E-6
2.043E-6
4.872E-6
3.947E-6
6.374E-6
4.24E-6
4.124E-6
5.098E-6
4.424E-6
2.092E-6
5.006E-6
4.901E-6
6.032E-6
4.986E-6
4.648E-6
2.147E-6
2.394E-6
4.07E-6
3.056E-6
2.616E-6
3.712E-6
2.165E-6
2.169E-6
3.899E-6
2.428E-6
6.504E-6
2.593E-6
5.294E-6
2.064E-6
3.416E-6
4.162E-6
4.614E-6
4.253E-6
4.029E-6
4.002E-6
1.84E-6
5.411E-6
4.247E-6
4.901E-6
1.888E-6
3.193E-6
3.693E-6
5.86E-6
3.484E-6
3.589E-6
2.986E-6
4.444E-6
6.915E-6
1.904E-6
2.493E-6
4.04E-6
1.977E-6
2.016E-6
2.62E-6
2.948E-6
3.574E-6
2.017E-6
5.047E-6
2.174E-6
5.222E-6
3.267E-6
8.002E-6
3.139E-6
1.923E-6
3.857E-6
2.082E-6
4.438E-6
3.803E-6
4.487E-6
3.8E-6
2.064E-6
3.033E-6
2.094E-6
5.094E-6
5.051E-6
3.916E-6
3.754E-6
2.024E-6
2.871E-6
1.735E-6
2.459E-6
3.516E-6
4.076E-6
6.268E-6
2.397E-6
3.2529E-5
6.938E-6
4.406E-6
3.931E-6
2.607E-6
6.063E-6
2.361E-6
4.624E-6
6.882E-6
2.331E-6
4.419E-6
3.055E-6
5.805E-6
2.975E-6
4.506E-6
5.501E-6
2.138E-6
4.412E-6
7.082E-6
3.647E-6
4.544E-6
3.592E-6
2.053E-6
3.732E-6
3.245E-6
4.609E-6
4.2E-6
2.926E-6
2.646E-6
2.688E-6
4.371E-6
4.194E-6
2.081E-6
4.154E-6
4.375E-6
4.99E-6
2.535E-6
3.797E-6
5.6E-6
5.863E-6
5.966E-6
2.595E-6
3.929E-6
3.364E-6
2.745E-6
3.398E-6
5.032E-6
2.309E-6
3.837E-6
2.283E-6
2.765E-6
4.208E-6
6.207E-6
4.073E-6
3.303E-6
2.378E-6
4.337E-6
4.575E-6
4.11E-6
2.266E-6
4.873E-6
2.345E-6
3.107E-6
5.235E-6
4.435E-6
3.206E-6
2.5E-6
3.521E-6
4.012E-6
4.54E-6
3.018E-6
1.851E-6
5.547E-6
3.145E-6
5.021E-6
3.086E-6
2.214E-6
7.829E-6
5.13E-6
4.399E-6
3.815E-6
2.407E-6
3.782E-6
4.03E-6
4.949E-6
3.377E-6
2.54E-6
2.315E-6
2.055E-6
5.066E-6
4.038E-6
2.416E-6
2.323E-6
2.322E-6
4.847E-6
7.536E-6
3.478E-6
2.311E-6
3.146E-6
5.71E-6
3.557E-6
2.369E-6
4.125E-6
1.877E-6
3.757E-6
2.327E-6
3.594E-6
3.087E-6
3.729E-6
2.367E-6
3.999E-6
4.161E-6
4.388E-6
2.372E-6
5.666E-6
4.049E-6
4.942E-6
3.25E-6
4.129E-6
2.555E-6
2.342E-6
4.774E-6
2.737E-6
5.339E-6
3.314E-6
4.477E-6
1.868E-6
3.651E-6
5.661E-6
2.407E-6
6.444E-6
4.519E-6
4.195E-6
3.543E-6
2.148E-6
4.421E-6
3.849E-6
2.751E-6
4.06E-6
5.346E-6
4.81E-6
4.099E-6
2.12E-6
2.251E-6
4.376E-6
2.39E-6
4.673E-6
2.986E-6
4.868E-6
2.749E-6
3.786E-6
3.53E-6
1.919E-6
4.994E-6
2.209E-6
2.345E-6
3.212E-6
1.85E-6
3.564E-6
2.892E-6
1.96E-6
3.317E-6
1.857E-6
2.113E-6
6.272E-6
6.212E-6
2.524E-6
3.732E-6
3.525E-6
4.802E-6
2.059E-6
2.117E-6
2.769E-6
4.368E-6
5.072E-6
3.025E-6
5.305E-6
2.573E-6
5.496E-6
3.782E-6
4.97E-6
4.002E-6
5.091E-6
5.156E-6
6.408E-6
4.0E-6
4.89E-6
2.5E-6
4.841E-6
5.064E-6
4.716E-6
2.007E-6
4.975E-6
4.662E-6
4.865E-6
4.118E-6
4.779E-6
4.905E-6
4.995E-6
2.229E-6
4.242E-6
2.131E-6
2.34E-6
4.122E-6
4.918E-6
7.155E-6
4.254E-6
4.755E-6
3.684E-6
1.841E-6
4.132E-6
2.975E-6
4.018E-6
6.348E-6
5.941E-6
3.676E-6
3.451E-6
2.859E-6
4.01E-6
2.778E-6
6.479E-6
5.076E-6
2.201E-6
2.519E-6
4.178E-6
5.763E-6
3.407E-6
2.481E-6
7.235E-6
2.864E-6
2.376E-6
5.574E-6
2.155E-6
4.05E-6
3.137E-6
2.281E-6
4.028E-6
2.188E-6
2.748E-6
2.239E-6
4.487E-6
1.801E-6
5.07E-6
3.631E-6
3.137E-6
3.323E-6
4.918E-6
1.689E-6
2.891E-6
5.528E-6
2.49E-6
2.212E-6
2.537E-6
5.48E-6
6.74E-6
3.966E-6
3.145E-6
2.832E-6
4.175E-6
2.858E-6
3.723E-6
2.115E-6
3.637E-6
1.925E-6
2.972E-6
6.26E-6
5.269E-6
4.337E-6
3.215E-6
5.466E-6
2.437E-6
5.445E-6
3.385E-6
4.413E-6
4.639E-6
4.638E-6
2.562E-6
2.726E-6
3.101E-6
2.148E-6
4.084E-6
2.172E-6
3.324E-6
2.686E-6
5.048E-6
2.22E-6
2.382E-6
3.928E-6
3.329E-6
3.836E-6
4.631E-6
3.817E-6
3.203E-6
2.463E-6
4.58E-6
2.931E-6
4.158E-6
4.37E-6
2.115E-6
5.103E-6
1.859E-6
2.571E-6
3.676E-6
2.1E-6
4.283E-6
2.085E-6
2.05E-6
2.573E-6
2.897E-6
1.752E-6
2.009E-6
2.526E-6
1.805E-6
3.229E-6
1.603E-6
3.205E-6
4.433E-6
1.925E-6
4.243E-6
5.561E-6
2.011E-6
4.251E-6
3.562E-6
2.506E-6
4.229E-6
3.67E-6
4.28E-6
4.479E-6
4.804E-6
2.14E-6
2.775E-6
4.548E-6
3.839E-6
2.251E-6
2.292E-6
5.254E-6
4.446E-6
2.3E-6
5.164E-6
4.018E-6
3.999E-6
4.978E-6
2.163E-6
2.875E-6
2.232E-6
3.677E-6
1.998E-6
2.764E-6
1.989E-6
5.91E-6
4.539E-6
3.731E-6
3.954E-6
5.151E-6
4.787E-6
2.41E-6
4.619E-6
2.27E-6
1.97E-6
4.962E-6
6.093E-6
2.834E-6
4.948E-6
4.013E-6
4.234E-6
4.035E-6
2.658E-6
4.466E-6
2.037E-6
2.698E-6
2.811E-6
5.898E-6
2.225E-6
4.589E-6
4.014E-6
4.336E-6
3.034E-6
6.007E-6
4.24E-6
3.346E-6
2.832E-6
4.12E-6
2.629E-6
2.846E-6
3.048E-6
2.385E-6
2.334E-6
5.037E-6
2.141E-6
2.687E-6
2.491E-6
4.082E-6
3.591E-6
2.243E-6
4.801E-6
5.138E-6
1.867E-6
3.046E-6
4.635E-6
2.208E-6
4.316E-6
3.562E-6
2.153E-6
4.466E-6
3.065E-6
4.57E-6
1.933E-6
2.608E-6
3.791E-6
4.264E-6
4.307E-6
4.031E-6
4.173E-6
3.336E-6
1.954E-6
6.236E-6
4.57E-6
2.122E-6
4.202E-6
2.302E-6
5.899E-6
2.527E-6
1.893E-6
3.955E-6
1.881E-6
2.373E-6
3.94E-6
2.084E-6
5.349E-6
3.257E-6
3.517E-6
2.998E-6
4.027E-6
3.508E-6
6.655E-6
3.79E-6
2.347E-6
4.646E-6
3.026E-6
5.036E-6
3.084E-6
7.713E-6
3.166E-6
2.184E-6
7.271E-6
1.938E-6
2.422E-6
3.694E-6
1.813E-6
6.288E-6
