4.0022E-5
8.182E-6
3.464E-6
5.985E-6
1.0189E-5
6.684E-6
4.737E-6
2.289E-6
5.514E-6
7.33E-6
4.574E-6
2.621E-6
2.477E-6
5.327E-6
3.538E-6
4.65E-6
2.761E-6
4.511E-6
2.3598E-5
6.077E-6
2.354E-6
5.585E-6
6.011E-6
5.761E-6
3.344E-6
2.442E-6
4.92E-6
1.947E-6
5.081E-6
2.586E-6
3.45E-6
5.8E-6
2.272E-6
4.499E-6
3.462E-6
4.514E-6
4.247E-6
1.969E-6
4.123E-6
2.573E-6
2.003E-6
4.713E-6
3.362E-6
3.854E-6
4.989E-6
4.483E-6
3.874E-6
3.863E-6
1.9E-6
4.73E-6
3.774E-6
3.553E-6
1.898E-6
4.881E-6
5.796E-6
1.748E-6
2.258E-6
6.221E-6
2.249E-6
5.178E-6
5.066E-6
3.967E-6
2.506E-6
4.508E-6
4.903E-6
3.568E-6
2.5154E-5
6.708E-6
1.909E-6
5.989E-6
1.872E-6
4.307E-6
7.249E-6
3.944E-6
2.379E-6
6.635E-6
4.354E-6
6.643E-6
1.832E-6
2.932E-6
3.269E-6
3.695E-6
2.96E-6
6.044E-6
4.554E-6
2.018E-6
2.99E-6
3.207E-6
2.127E-6
3.207E-6
3.335E-6
2.435E-6
8.317E-6
5.496E-6
4.722E-6
4.06E-6
5.352E-6
3.525E-6
4.252E-6
2.534E-6
4.763E-6
4.034E-6
5.755E-6
3.935E-6
3.737E-6
3.731E-6
1.785E-6
4.963E-6
5.091E-6
1.9E-6
4.621E-6
4.865E-6
3.687E-6
2.928E-6
4.987E-6
4.912E-6
4.903E-6
1.929E-6
5.018E-6
2.049E-6
2.1E-6
5.973E-6
3.993E-6
6.452E-6
2.941E-6
3.222E-6
2.915E-6
1.942E-6
4.755E-6
3.168E-6
3.892E-6
2.045E-6
4.823E-6
4.32E-6
3.884E-6
2.147E-6
3.992E-6
4.129E-6
4.868E-6
3.992E-6
4.052E-6
3.84E-6
3.077E-6
3.715E-6
2.179E-6
5.081E-6
4.876E-6
3.271E-6
1.834E-6
4.531E-6
3.657E-6
2.123E-6
6.066E-6
2.224E-6
4.416E-6
4.317E-6
2.701E-6
4.551E-6
5.148E-6
3.452E-6
3.884E-6
4.004E-6
3.997E-6
4.398E-6
2.877E-6
3.814E-6
3.079E-6
2.335E-6
4.51E-6
2.856E-6
4.159E-6
3.396E-6
3.829E-6
2.906E-6
5.519E-6
3.716E-6
1.882E-6
2.718E-6
5.849E-6
1.921E-6
4.995E-6
3.483E-6
1.767E-6
6.291E-6
5.499E-6
3.837E-6
2.057E-6
3.838E-6
4.29E-6
4.697E-6
3.982E-6
2.837E-6
7.338E-6
5.068E-6
1.937E-6
4.114E-6
6.046E-6
2.347E-6
1.692E-6
3.881E-6
3.58E-6
4.17E-6
1.93E-6
4.921E-6
2.627E-6
3.9E-6
2.779E-6
1.852E-6
3.021E-6
4.501E-6
2.732E-6
2.766E-6
2.501E-6
6.078E-6
4.77E-6
2.877E-6
4.386E-6
1.704E-6
4.043E-6
1.883E-6
3.965E-6
4.214E-6
4.514E-6
3.935E-6
2.214E-6
3.998E-6
6.191E-6
4.27E-6
3.303E-6
2.018E-6
3.811E-6
1.958E-6
3.515E-6
5.102E-6
2.07E-6
3.715E-6
6.602E-6
4.745E-6
4.784E-6
3.147E-6
3.598E-6
3.109E-6
3.089E-6
3.848E-6
4.212E-6
3.049E-6
4.105E-6
4.811E-6
2.275E-6
4.251E-6
1.723E-6
2.51E-6
2.062E-6
3.876E-6
2.533E-6
2.619E-6
4.868E-6
3.236E-6
4.017E-6
2.22E-6
2.04E-6
5.558E-6
3.044E-6
2.765E-6
3.196E-6
4.299E-6
2.873E-6
8.469E-6
2.578E-6
6.746E-6
2.39E-6
5.068E-6
4.368E-6
7.841E-6
4.16E-6
2.816E-6
4.323E-6
4.408E-6
1.809E-6
2.121E-6
6.316E-6
5.003E-6
2.042E-6
5.521E-6
2.259E-6
4.092E-6
4.413E-6
1.975E-6
2.123E-6
5.881E-6
4.959E-6
3.165E-6
4.199E-6
7.824E-6
2.838E-6
5.491E-6
3.16E-6
3.914E-6
2.266E-6
3.503E-6
2.391E-6
6.307E-6
3.0131E-5
2.061E-6
2.401E-6
3.017E-6
1.97E-6
3.259E-6
5.142E-6
4.292E-6
3.46E-6
5.408E-6
2.79E-6
4.059E-6
3.106E-6
1.854E-6
2.066E-6
2.74E-6
2.031E-6
4.052E-6
4.623E-6
2.267E-6
2.468E-6
5.276E-6
2.769E-6
4.898E-6
2.104E-6
6.832E-6
3.912E-6
2.042E-6
5.444E-6
2.837E-6
4.838E-6
3.601E-6
3.704E-6
2.343E-6
2.043E-6
4.927E-6
2.353E-6
2.708E-6
1.892E-6
2.388E-6
4.372E-6
2.023E-6
5.251E-6
2.4539E-5
4.451E-6
9.078E-6
2.007E-6
3.383E-6
5.585E-6
1.961E-6
5.563E-6
4.133E-6
5.28E-6
5.857E-6
1.668E-6
3.221E-6
5.504E-6
5.319E-6
1.687E-6
2.268E-6
3.337E-6
2.701E-6
5.126E-6
2.24E-6
2.999E-6
1.968E-6
6.287E-6
3.552E-6
3.366E-6
4.782E-6
5.298E-6
5.558E-6
5.073E-6
3.313E-6
3.923E-6
5.667E-6
7.09E-6
2.545E-6
2.479E-6
3.36E-6
2.793E-6
1.633E-6
4.263E-6
2.249E-6
4.843E-6
5.029E-6
3.62E-6
4.504E-6
2.085E-6
4.299E-6
4.957E-6
4.548E-6
1.534E-6
3.301E-6
3.894E-6
2.064E-6
4.545E-6
1.893E-6
6.563E-6
2.722E-6
2.66E-6
4.045E-6
4.607E-6
1.645E-6
2.227E-6
3.912E-6
3.103E-6
2.516E-6
4.21E-6
2.805E-6
2.078E-6
3.331E-6
2.578E-6
2.885E-6
4.783E-6
1.872E-6
4.835E-6
3.133E-6
4.213E-6
1.759E-6
4.698E-6
4.602E-6
2.992E-6
3.346E-6
4.652E-6
6.367E-6
8.562E-6
4.988E-6
4.391E-6
1.945E-6
5.064E-6
2.614E-6
4.823E-6
1.445E-6
1.524E-6
9.415E-6
3.66E-6
4.452E-6
1.993E-6
2.105E-6
6.093E-6
4.949E-6
2.574E-6
3.968E-6
5.236E-6
2.758E-6
2.192E-6
4.709E-6
2.105E-6
4.426E-6
3.921E-6
4.035E-6
1.936E-6
5.091E-6
2.028E-6
2.634E-6
3.628E-6
4.137E-6
3.972E-6
4.874E-6
2.246E-6
2.727E-6
1.811E-6
3.636E-6
5.089E-6
4.66E-6
1.979E-6
4.9E-6
4.243E-6
2.601E-6
4.594E-6
5.57E-6
2.76E-6
3.847E-6
3.888E-6
5.448E-6
6.571E-6
3.777E-6
3.918E-6
2.93E-6
2.901E-6
4.453E-6
1.873E-6
5.199E-6
3.233E-6
2.275E-6
5.044E-6
5.646E-6
3.629E-6
5.472E-6
2.625E-6
4.726E-6
3.735E-6
4.087E-6
1.654E-6
3.82E-6
2.673E-6
1.714E-6
4.268E-6
2.325E-6
3.206E-6
2.207E-6
4.167E-6
3.685E-6
4.489E-6
1.896E-6
4.41E-6
2.087E-6
3.803E-6
1.984E-6
2.634E-6
5.168E-6
4.428E-6
2.38E-6
3.751E-6
2.192E-6
5.754E-6
1.641E-6
3.184E-6
4.702E-6
1.841E-6
4.711E-6
5.587E-6
3.498E-6
2.881E-6
3.53E-6
1.837E-6
4.115E-6
3.252E-6
2.172E-6
3.971E-6
4.203E-6
5.027E-6
1.984E-6
1.902E-6
5.789E-6
1.987E-6
5.368E-6
5.868E-6
3.326E-6
1.666E-6
3.567E-6
1.521E-6
3.761E-6
5.566E-6
1.694E-6
2.301E-6
3.552E-6
4.766E-6
2.344E-6
4.048E-6
3.015E-6
4.652E-6
1.913E-6
2.565E-6
1.882E-6
4.303E-6
2.544E-6
1.523E-6
3.29E-6
3.724E-6
2.46E-6
2.254E-6
4.253E-6
2.859E-6
2.85E-6
4.59E-6
2.78E-6
5.366E-6
2.09E-6
3.362E-6
3.185E-6
4.359E-6
3.315E-6
2.443E-6
2.536E-6
4.131E-6
3.174E-6
3.295E-6
2.78E-6
2.447E-6
4.703E-6
4.31E-6
3.808E-6
4.786E-6
2.532E-6
2.404E-6
2.782E-6
4.568E-6
3.949E-6
4.518E-6
1.709E-6
3.892E-6
1.749E-6
2.343E-6
0.003089512
4.352E-6
8.298E-6
8.113E-6
5.044E-6
4.992E-6
3.31E-6
9.119E-6
6.009E-6
2.148E-6
3.06E-6
2.965E-6
3.16E-6
4.553E-6
1.853E-6
4.77E-6
4.337E-6
2.783E-6
3.634E-6
7.488E-6
6.79E-6
2.984E-6
8.163E-6
2.924E-6
2.024E-6
6.376E-6
4.374E-6
3.68E-6
5.183E-6
2.08E-6
1.993E-6
5.138E-6
2.359E-6
7.439E-6
4.306E-6
2.521E-6
3.775E-6
3.329E-6
5.503E-6
4.943E-6
2.597E-6
4.627E-6
3.013E-6
2.819E-6
3.809E-6
5.761E-6
1.747E-6
4.639E-6
3.753E-6
2.374E-6
4.411E-6
2.639E-6
4.689E-6
5.394E-6
2.736E-6
6.034E-6
1.773E-6
3.28E-6
2.482E-6
3.933E-6
2.991E-6
2.143E-6
5.942E-6
7.139E-6
4.055E-6
3.886E-6
2.141E-6
3.967E-6
2.381E-6
2.838E-6
4.13E-6
4.775E-6
1.976E-6
3.675E-6
3.778E-6
3.218E-6
1.846E-6
4.761E-6
4.313E-6
6.026E-6
1.748E-6
5.624E-6
3.975E-6
4.8E-6
2.894E-6
2.252E-6
4.175E-6
6.214E-6
1.728E-6
4.154E-6
5.325E-6
2.967E-6
2.612E-6
4.659E-6
1.906E-6
3.687E-6
2.744E-6
4.35E-6
1.951E-6
5.615E-6
2.895E-6
5.12E-6
2.079E-6
2.871E-6
3.519E-6
5.501E-6
2.264E-6
3.989E-6
2.486E-6
1.788E-6
3.209E-6
3.908E-6
4.516E-6
2.357E-6
6.591E-6
3.999E-6
4.896E-6
4.9E-6
1.922E-6
5.714E-6
1.704E-6
3.799E-6
4.201E-6
3.93E-6
1.906E-6
3.009E-6
1.691E-6
2.759E-6
2.402E-6
3.331E-6
3.041E-6
1.823E-6
1.585E-6
3.396E-6
2.003E-6
1.5501E-5
3.097E-6
4.881E-6
6.398E-6
1.85E-6
2.703E-6
1.89E-6
8.378E-6
1.747E-6
3.155E-6
3.398E-6
5.554E-6
4.568E-6
4.114E-6
1.841E-6
4.505E-6
1.964E-6
1.8E-6
5.197E-6
1.979E-6
4.842E-6
3.124E-6
2.068E-6
5.476E-6
5.296E-6
4.995E-6
2.555E-6
3.955E-6
3.84E-6
2.329E-6
5.429E-6
2.404E-6
2.759E-6
4.063E-6
2.245E-6
2.381E-6
5.197E-6
3.965E-6
6.472E-6
3.909E-6
1.781E-6
2.163E-6
4.914E-6
3.124E-6
3.936E-6
6.044E-6
2.373E-6
3.089E-6
5.499E-6
4.732E-6
5.073E-6
2.407E-6
3.84E-6
3.838E-6
4.387E-6
1.947E-6
4.326E-6
1.872E-6
2.688E-6
7.068E-6
2.791E-6
2.732E-6
2.192E-6
5.897E-6
4.011E-6
3.729E-6
3.86E-6
4.839E-6
2.965E-6
6.361E-6
3.158E-6
3.977E-6
4.24E-6
2.773E-6
2.325E-6
4.37E-6
4.045E-6
6.321E-6
3.529E-6
2.289E-6
3.204E-6
4.045E-6
4.235E-6
1.902E-6
5.975E-6
2.188E-6
3.385E-6
4.624E-6
7.046E-6
2.264E-6
3.644E-6
5.749E-6
2.225E-6
4.309E-6
1.839E-6
2.2E-6
4.281E-6
4.087E-6
4.27E-6
1.871E-6
5.157E-6
6.611E-6
1.979E-6
2.986E-6
2.84E-6
2.774E-6
3.609E-6
4.961E-6
2.589E-6
3.963E-6
2.289E-6
4.489E-6
1.829E-6
4.483E-6
3.911E-6
2.754E-6
2.812E-6
7.185E-6
2.959E-6
2.228E-6
5.819E-6
2.063E-6
4.032E-6
2.348E-6
4.997E-6
4.852E-6
2.025E-6
1.884E-6
2.361E-6
1.593E-6
4.453E-6
3.731E-6
1.84E-6
5.955E-6
1.817E-6
5.078E-6
3.753E-6
4.562E-6
3.332E-6
2.667E-6
4.587E-6
1.903E-6
6.458E-6
1.952E-6
3.712E-6
2.7E-6
3.186E-6
3.208E-6
2.526E-6
1.909E-6
3.721E-6
1.518E-6
1.797E-6
2.326E-6
3.109E-6
4.865E-6
1.775E-6
6.407E-6
2.73E-6
3.981E-6
3.501E-6
2.068E-6
3.784E-6
2.042E-6
2.608E-6
4.0E-6
3.264E-6
1.807E-6
4.997E-6
1.866E-6
5.776E-6
2.161E-6
3.682E-6
1.963E-6
3.4E-6
2.199E-6
4.673E-6
2.86E-6
4.236E-6
4.334E-6
1.692E-6
5.067E-6
7.458E-6
3.964E-6
2.352E-6
1.578E-6
3.051E-6
4.608E-6
5.044E-6
4.912E-6
2.722E-6
4.45E-6
1.95E-6
6.693E-6
4.715E-6
2.181E-6
3.522E-6
2.226E-6
2.198E-6
4.584E-6
4.932E-6
2.342E-6
3.815E-6
2.003E-6
4.359E-6
3.522E-6
1.798E-6
2.676E-6
4.637E-6
2.474E-6
4.817E-6
2.763E-6
4.605E-6
2.828E-6
1.72E-6
5.416E-6
4.716E-6
2.023E-6
6.586E-6
5.235E-6
4.754E-6
4.064E-6
3.991E-6
5.967E-6
4.791E-6
4.122E-6
6.247E-6
2.1E-6
6.657E-6
2.423E-6
4.189E-6
3.047E-6
3.681E-6
4.482E-6
6.868E-6
2.169E-6
4.602E-6
4.214E-6
3.528E-6
2.063E-6
4.425E-6
4.745E-6
2.053E-6
3.809E-6
4.611E-6
4.944E-6
3.294E-6
4.574E-6
5.134E-6
1.952E-6
3.982E-6
3.762E-6
4.526E-6
4.634E-6
4.894E-6
4.884E-6
2.409E-6
1.625E-6
3.639E-6
2.962E-6
4.267E-6
2.095E-6
6.985E-6
2.344E-6
3.568E-6
2.872E-6
1.987E-6
2.133E-6
3.011E-6
2.512E-6
5.288E-6
2.692E-6
4.129E-6
1.862E-6
3.565E-6
2.203E-6
2.057E-6
4.135E-6
7.75E-6
2.821E-6
1.956E-6
4.276E-6
1.933E-6
3.408E-6
2.599E-6
1.996E-6
5.667E-6
7.403E-6
2.696E-6
7.87E-6
3.721E-6
2.075E-6
6.31E-6
4.794E-6
2.117E-6
4.754E-6
4.163E-6
3.84E-6
4.427E-6
2.941E-6
4.241E-6
5.074E-6
4.079E-6
5.385E-6
1.971E-6
4.855E-6
1.933E-6
2.382E-6
3.973E-6
2.038E-6
3.592E-6
7.884E-6
1.961E-6
4.728E-6
1.965E-6
5.802E-6
4.042E-6
1.884E-6
4.924E-6
3.552E-6
5.419E-6
3.897E-6
5.642E-6
5.819E-6
5.946E-6
2.088E-6
6.046E-6
3.325E-6
2.65E-6
2.31E-6
2.972E-6
3.041E-6
1.685E-6
2.177E-6
4.988E-6
3.754E-6
5.492E-6
5.166E-6
5.915E-6
3.221E-6
1.791E-6
4.061E-6
5.411E-6
4.606E-6
3.472E-6
1.775E-6
3.838E-6
4.824E-6
6.14E-6
3.223E-6
3.828E-6
4.38E-6
4.854E-6
6.024E-6
1.813E-6
2.422E-6
6.656E-6
2.923E-6
2.916E-6
2.004E-6
3.041E-6
2.862E-6
2.071E-6
6.193E-6
3.228E-6
2.359E-6
3.07E-6
4.47E-6
2.817E-6
3.969E-6
4.568E-6
4.621E-6
3.046E-6
3.584E-6
2.025E-6
3.249E-6
2.007E-6
3.642E-6
7.149E-6
2.165E-6
2.564E-6
4.958E-6
3.442E-6
5.767E-6
3.494E-6
5.056E-6
2.588E-6
4.235E-6
1.837E-6
5.833E-6
6.61E-6
4.742E-6
5.688E-6
2.262E-6
2.065E-6
3.404E-6
2.19E-6
2.536E-6
2.086E-6
4.819E-6
5.412E-6
2.03E-6
4.202E-6
5.58E-6
2.799E-6
5.05E-6
1.837E-6
2.232E-6
3.763E-6
1.994E-6
3.582E-6
4.939E-6
2.293E-6
6.323E-6
1.834E-6
4.254E-6
5.467E-6
2.95E-6
2.843E-6
2.523E-6
2.331E-6
3.703E-6
1.887E-6
3.033E-6
6.79E-6
3.402E-6
1.692E-6
3.925E-6
3.498E-6
3.539E-6
3.431E-6
1.9E-6
2.043E-6
6.072E-6
3.683E-6
2.816E-6
5.316E-6
2.57E-6
3.519E-6
1.893E-6
6.576E-6
2.805E-6
4.483E-6
4.516E-6
2.278E-6
3.769E-6
2.643E-6
3.238E-6
4.667E-6
2.22E-6
1.849E-6
3.22E-6
3.726E-6
2.935E-6
1.601E-6
5.521E-6
2.165E-6
4.74E-6
2.555E-6
3.939E-6
4.366E-6
1.63E-6
4.365E-6
4.332E-6
3.854E-6
3.074E-6
5.459E-6
2.047E-6
3.727E-6
4.947E-6
3.124E-6
2.007E-6
4.747E-6
5.989E-6
3.665E-6
3.728E-6
1.977E-6
2.244E-6
4.657E-6
6.24E-6
5.36E-6
4.542E-6
1.966E-6
2.679E-6
5.961E-6
5.606E-6
4.561E-6
4.569E-6
4.12E-6
5.159E-6
3.817E-6
4.88E-6
2.938E-6
1.957E-6
4.243E-6
6.396E-6
4.93E-6
3.703E-6
2.144E-6
2.831E-6
4.068E-6
2.44E-6
4.078E-6
1.92E-6
2.446E-6
7.805E-6
3.375E-6
5.539E-6
2.134E-6
3.88E-6
1.92E-6
4.951E-6
1.844E-6
4.0E-6
5.171E-6
3.457E-6
4.016E-6
3.751E-6
2.25E-6
7.959E-6
2.707E-6
5.508E-6
2.086E-6
3.572E-6
4.244E-6
3.131E-6
2.835E-6
1.978E-6
6.036E-6
2.014E-6
3.294E-6
3.931E-6
3.9E-6
1.863E-6
5.37E-6
3.589E-6
2.897E-6
3.65E-6
3.985E-6
4.2E-6
2.093E-6
2.895E-6
2.135E-6
2.717E-6
1.783E-6
2.012E-6
2.057E-6
3.136E-6
5.218E-6
2.712E-6
2.054E-6
2.33E-6
3.871E-6
3.876E-6
3.476E-6
4.069E-6
3.529E-6
3.084E-6
1.944E-6
8.387E-6
2.084E-6
2.658E-6
2.377E-6
2.601E-6
4.093E-6
2.883E-6
3.812E-6
4.56E-6
5.04E-6
3.064E-6
5.686E-6
2.295E-6
4.731E-6
1.866E-6
2.138E-6
3.105E-6
4.93E-6
2.224E-6
3.927E-6
1.989E-6
4.301E-6
4.77E-6
1.996E-6
4.887E-6
3.929E-6
5.136E-6
7.383E-6
1.962E-6
3.509E-6
2.295E-6
2.878E-6
2.285E-6
5.249E-6
3.939E-6
4.092E-6
4.756E-6
3.201E-6
3.554E-6
8.75E-6
4.832E-6
3.607E-6
2.963E-6
3.966E-6
6.544E-6
3.466E-6
3.817E-6
4.064E-6
2.814E-6
5.341E-6
1.953E-6
5.327E-6
3.134E-6
3.841E-6
2.665E-6
4.771E-6
2.136E-6
3.749E-6
2.002E-6
3.361E-6
2.027E-6
2.578E-6
3.117E-6
3.065E-6
5.595E-6
2.07E-6
2.427E-6
2.483E-6
4.505E-6
4.183E-6
4.847E-6
3.489E-6
2.749E-6
5.117E-6
5.152E-6
2.003E-6
4.676E-6
2.628E-6
5.84E-6
3.459E-6
2.401E-6
1.956E-6
4.387E-6
2.862E-6
2.108E-6
4.375E-6
4.112E-6
1.933E-6
3.261E-6
7.171E-6
2.575E-6
5.554E-6
4.697E-6
1.938E-6
4.483E-6
1.944E-6
3.714E-6
2.788E-6
4.199E-6
3.203E-6
3.372E-6
2.174E-6
3.775E-6
3.047E-6
1.863E-6
5.817E-6
4.465E-6
2.925E-6
3.975E-6
2.76E-6
4.65E-6
5.418E-6
2.901E-6
5.849E-6
4.517E-6
1.953E-6
2.568E-6
2.026E-6
5.816E-6
2.506E-6
2.196E-6
2.437E-6
4.002E-6
2.345E-6
4.127E-6
2.787E-6
2.768E-6
4.913E-6
1.945E-6
1.744E-6
3.524E-6
1.872E-6
4.106E-6
7.221E-6
2.717E-6
4.311E-6
5.793E-6
5.943E-6
1.835E-6
1.882E-6
4.261E-6
4.528E-6
1.775E-6
4.454E-6
3.448E-6
4.327E-6
5.007E-6
1.824E-6
2.217E-6
3.213E-6
4.456E-6
6.137E-6
1.964E-6
2.636E-6
4.67E-6
1.801E-6
3.011E-6
4.307E-6
2.852E-6
6.777E-6
3.144E-6
3.181E-6
4.213E-6
3.991E-6
2.691E-6
4.12E-6
2.064E-6
3.678E-6
2.051E-6
3.635E-6
3.585E-6
2.141E-6
2.47E-6
3.872E-6
5.174E-6
8.463E-6
1.853E-6
3.5E-6
3.668E-6
4.592E-6
3.348E-6
1.975E-6
5.291E-6
1.782E-6
4.963E-6
4.284E-6
2.17E-6
3.969E-6
2.231E-6
4.044E-6
4.147E-6
2.385E-6
3.1E-6
2.657E-6
5.383E-6
2.103E-6
2.466E-6
4.569E-6
1.869E-6
3.579E-6
5.807E-6
3.754E-6
2.55E-6
5.514E-6
3.794E-6
1.851E-6
2.473E-6
4.495E-6
2.518E-6
2.463E-6
4.489E-6
3.668E-6
1.847E-6
4.159E-6
2.387E-6
6.305E-6
3.187E-6
2.296E-6
1.838E-6
1.966E-6
3.048E-6
4.161E-6
1.992E-6
3.875E-6
2.464E-6
2.473E-6
1.736E-6
4.723E-6
2.005E-6
2.189E-6
5.409E-6
2.66E-6
4.937E-6
2.069E-6
4.213E-6
3.12E-6
2.072E-6
4.239E-6
2.384E-6
2.546E-6
3.915E-6
2.29E-6
5.164E-6
4.588E-6
3.926E-6
3.065E-6
2.156E-6
2.408E-6
2.043E-6
3.46E-6
3.789E-6
2.553E-6
5.79E-6
2.238E-6
3.445E-6
3.872E-6
2.902E-6
4.196E-6
2.035E-6
4.932E-6
2.408E-6
3.638E-6
3.601E-6
2.129E-6
1.938E-6
3.593E-6
3.021E-6
4.963E-6
1.899E-6
5.489E-6
3.281E-6
2.12E-6
3.577E-6
4.553E-6
4.361E-6
1.906E-6
3.572E-6
3.59E-6
2.571E-6
1.892E-6
2.33E-6
1.947E-6
2.743E-6
3.699E-6
2.12E-6
3.989E-6
6.246E-6
5.821E-6
4.984E-6
1.969E-6
4.211E-6
3.18E-6
2.678E-6
1.985E-6
6.154E-6
2.011E-6
4.763E-6
2.155E-6
2.66E-6
3.927E-6
1.861E-6
4.489E-6
3.415E-6
2.233E-6
4.306E-6
5.923E-6
4.274E-6
5.049E-6
4.83E-6
2.247E-6
2.656E-6
2.224E-6
3.975E-6
1.819E-6
6.068E-6
2.582E-6
4.153E-6
2.544E-6
4.089E-6
4.549E-6
2.591E-6
5.009E-6
1.928E-6
5.622E-6
3.48E-6
2.926E-6
4.326E-6
4.019E-6
2.382E-6
1.727E-6
1.972E-6
7.508E-6
2.716E-6
2.775E-6
3.329E-6
2.81E-6
2.998E-6
4.646E-6
2.9E-6
4.91E-6
5.419E-6
2.194E-6
4.418E-6
1.972E-6
3.658E-6
6.689E-6
4.138E-6
3.677E-6
4.794E-6
2.217E-6
3.44E-6
4.89E-6
2.798E-6
4.429E-6
2.485E-6
5.924E-6
2.031E-6
6.508E-6
1.861E-6
5.311E-6
2.15E-6
2.224E-6
4.928E-6
3.632E-6
4.292E-6
3.839E-6
6.942E-6
5.102E-6
3.548E-6
2.203E-6
5.083E-6
3.505E-6
5.247E-6
2.752E-6
2.325E-6
4.949E-6
1.886E-6
4.011E-6
3.939E-6
2.11E-6
4.358E-6
2.163E-6
2.157E-6
3.174E-6
2.653E-6
5.588E-6
5.226E-6
2.734E-6
2.198E-6
5.626E-6
2.643E-6
3.73E-6
5.701E-6
1.894E-6
1.892E-6
4.659E-6
2.518E-6
3.676E-6
2.688E-6
6.173E-6
4.113E-6
4.689E-6
3.545E-6
1.815E-6
1.924E-6
5.138E-6
2.103E-6
2.562E-6
4.993E-6
3.895E-6
4.017E-6
2.039E-6
3.743E-6
3.418E-6
1.856E-6
2.112E-6
4.967E-6
3.4E-6
4.437E-6
2.795E-6
6.521E-6
2.798E-6
4.618E-6
2.232E-6
4.79E-6
2.043E-6
5.719E-6
3.871E-6
4.002E-6
1.923E-6
5.746E-6
2.616E-6
5.32E-6
1.923E-6
2.511E-6
4.878E-6
2.337E-6
4.596E-6
3.807E-6
5.07E-6
2.794E-6
2.096E-6
4.971E-6
2.349E-6
4.606E-6
1.966E-6
6.164E-6
3.079E-6
4.224E-6
1.688E-6
2.442E-6
3.811E-6
2.902E-6
6.078E-6
3.685E-6
3.415E-6
2.056E-6
4.425E-6
5.461E-6
2.451E-6
4.982E-6
2.08E-6
2.138E-6
2.079E-6
3.856E-6
2.104E-6
4.578E-6
3.785E-6
6.94E-6
2.666E-6
2.539E-6
4.864E-6
2.284E-6
4.124E-6
1.985E-6
4.431E-6
2.191E-6
1.735E-6
4.34E-6
4.903E-6
3.363E-6
5.04E-6
2.196E-6
4.526E-6
2.864E-6
4.349E-6
2.883E-6
4.984E-6
4.338E-6
3.802E-6
3.24E-6
3.852E-6
2.043E-6
3.178E-6
3.342E-6
2.729E-6
3.332E-6
2.472E-6
8.437E-6
3.054E-6
2.141E-6
6.289E-6
3.92E-6
1.966E-6
2.0E-6
4.538E-6
2.947E-6
2.711E-6
4.343E-6
4.854E-6
2.81E-6
4.472E-6
2.956E-6
2.464E-6
4.44E-6
1.927E-6
3.734E-6
4.23E-6
4.774E-6
2.069E-6
4.677E-6
3.13E-6
3.699E-6
6.325E-6
5.87E-6
3.141E-6
3.572E-6
3.939E-6
4.28E-6
4.121E-6
4.302E-6
2.646E-6
1.997E-6
2.978E-6
2.345E-6
2.185E-6
3.947E-6
4.221E-6
3.304E-6
5.62E-6
4.281E-6
3.863E-6
2.966E-6
3.216E-6
4.181E-6
2.745E-6
2.692E-6
3.737E-6
4.257E-6
1.765E-6
2.405E-6
4.482E-6
3.209E-6
4.334E-6
5.92E-6
3.691E-6
3.488E-6
5.219E-6
4.155E-6
5.366E-6
5.785E-6
3.048E-6
3.361E-6
2.069E-6
3.47E-6
4.526E-6
3.137E-6
4.555E-6
2.318E-6
6.349E-6
2.231E-6
3.282E-6
5.138E-6
3.936E-6
3.069E-6
5.764E-6
2.25E-6
3.306E-6
5.327E-6
1.907E-6
2.233E-6
5.35E-6
3.856E-6
3.497E-6
3.164E-6
2.827E-6
3.206E-6
4.229E-6
3.714E-6
2.962E-6
5.95E-6
2.913E-6
2.069E-6
2.664E-6
2.613E-6
6.672E-6
2.978E-6
1.965E-6
4.217E-6
2.763E-6
2.743E-6
4.912E-6
2.724E-6
2.038E-6
2.017E-6
2.209E-6
4.785E-6
2.158E-6
4.437E-6
1.878E-6
3.888E-6
5.348E-6
5.486E-6
3.6E-6
4.528E-6
4.263E-6
2.374E-6
3.709E-6
1.768E-6
3.916E-6
3.792E-6
3.598E-6
3.271E-6
3.881E-6
3.056E-6
2.992E-6
3.629E-6
4.675E-6
2.048E-6
6.645E-6
2.045E-6
6.558E-6
2.273E-6
6.047E-6
4.053E-6
2.833E-6
4.991E-6
2.842E-6
1.992E-6
2.465E-6
3.979E-6
3.747E-6
7.186E-6
5.232E-6
3.493E-6
2.004E-6
2.691E-6
2.592E-6
3.835E-6
3.655E-6
4.301E-6
1.804E-6
1.929E-6
4.801E-6
5.688E-6
5.751E-6
4.957E-6
2.043E-6
2.59E-6
4.594E-6
2.819E-6
2.219E-6
5.83E-6
2.446E-6
5.484E-6
4.583E-6
3.528E-6
4.276E-6
1.884E-6
4.337E-6
4.596E-6
7.91E-6
1.918E-6
4.97E-6
1.78E-6
5.142E-6
5.894E-6
3.754E-6
5.296E-6
2.291E-6
4.075E-6
2.013E-6
4.611E-6
3.865E-6
2.063E-6
4.404E-6
3.667E-6
5.398E-6
2.091E-6
2.597E-6
4.936E-6
2.96E-6
3.649E-6
4.026E-6
3.747E-6
4.021E-6
5.634E-6
3.819E-6
3.13E-6
1.844E-6
4.684E-6
4.97E-6
2.13E-6
5.171E-6
5.647E-6
2.63E-6
4.297E-6
3.18E-6
4.197E-6
5.798E-6
1.875E-6
4.715E-6
1.984E-6
5.368E-6
2.513E-6
3.282E-6
1.0201E-5
2.079E-6
2.064E-6
4.801E-6
2.482E-6
1.996E-6
1.907E-6
3.686E-6
6.524E-6
4.377E-6
1.806E-6
3.754E-6
4.651E-6
8.463E-6
4.616E-6
4.744E-6
1.909E-6
4.836E-6
4.02E-6
1.877E-6
4.511E-6
3.965E-6
4.03E-6
1.889E-6
3.016E-6
4.527E-6
5.344E-6
1.91E-6
2.378E-6
5.648E-6
1.935E-6
5.711E-6
1.752E-6
4.217E-6
8.768E-6
2.35E-6
5.638E-6
3.078E-6
2.112E-6
3.335E-6
1.965E-6
5.834E-6
2.93E-6
4.387E-6
2.166E-6
3.933E-6
4.049E-6
2.969E-6
5.196E-6
5.3E-6
3.891E-6
2.299E-6
4.435E-6
3.007E-6
2.895E-6
3.367E-6
4.907E-6
7.103E-6
3.767E-6
3.714E-6
3.611E-6
4.137E-6
4.029E-6
4.84E-6
2.994E-6
2.662E-6
4.603E-6
5.416E-6
4.21E-6
5.203E-6
1.869E-6
3.181E-6
4.844E-6
3.22E-6
3.98E-6
4.312E-6
4.144E-6
4.291E-6
2.645E-6
7.095E-6
3.324E-6
2.229E-6
3.538E-6
6.523E-6
5.078E-6
5.362E-6
2.112E-6
2.165E-6
3.738E-6
2.517E-6
6.066E-6
2.928E-6
4.5E-6
4.366E-6
1.825E-6
4.466E-6
2.155E-6
3.582E-6
3.795E-6
3.135E-6
2.299E-6
2.473E-6
3.629E-6
5.542E-6
4.082E-6
3.862E-6
4.688E-6
5.544E-6
3.624E-6
1.955E-6
6.313E-6
5.729E-6
2.141E-6
2.574E-6
3.855E-6
2.536E-6
4.145E-6
3.456E-6
2.307E-6
4.793E-6
1.818E-6
3.387E-6
5.535E-6
3.601E-6
7.313E-6
3.393E-6
4.56E-6
2.804E-6
3.877E-6
4.19E-6
3.748E-6
4.638E-6
2.728E-6
3.674E-6
5.313E-6
5.29E-6
3.861E-6
4.377E-6
4.981E-6
1.738E-6
5.896E-6
4.871E-6
3.968E-6
1.722E-6
5.751E-6
3.734E-6
4.566E-6
2.514E-6
3.728E-6
5.168E-6
2.184E-6
4.172E-6
2.361E-6
3.523E-6
3.147E-6
3.784E-6
6.09E-6
3.019E-6
3.241E-6
4.839E-6
4.53E-6
1.89E-6
2.144E-6
3.981E-6
2.649E-6
2.437E-6
3.404E-6
4.879E-6
3.038E-6
3.765E-6
1.819E-6
3.272E-6
1.864E-6
4.429E-6
1.67E-6
4.322E-6
4.087E-6
2.301E-6
4.208E-6
4.147E-6
3.389E-6
2.658E-6
2.126E-6
2.651E-6
3.938E-6
2.084E-6
2.224E-6
4.145E-6
5.482E-6
3.756E-6
4.053E-6
3.405E-6
3.268E-6
1.941E-6
3.063E-6
5.513E-6
6.238E-6
3.121E-6
2.377E-6
4.877E-6
1.953E-6
1.995E-6
3.386E-6
3.968E-6
5.175E-6
5.588E-6
3.393E-6
3.493E-6
2.052E-6
4.383E-6
1.817E-6
4.239E-6
2.821E-6
2.816E-6
2.871E-6
3.919E-6
2.445E-6
5.793E-6
4.457E-6
3.772E-6
2.146E-6
3.697E-6
2.255E-6
4.463E-6
1.743E-6
2.318E-6
6.449E-6
3.704E-6
5.008E-6
5.416E-6
3.617E-6
5.638E-6
4.412E-6
2.363E-6
6.711E-6
2.662E-6
2.461E-6
3.886E-6
4.215E-6
2.919E-6
1.759E-6
3.188E-6
5.52E-6
2.188E-6
5.577E-6
1.867E-6
3.222E-6
6.798E-6
2.794E-6
2.966E-6
2.975E-6
2.573E-6
4.953E-6
3.393E-6
3.883E-6
4.71E-6
2.162E-6
5.077E-6
3.695E-6
5.39E-6
3.237E-6
2.428E-6
2.173E-6
5.376E-6
2.483E-6
2.544E-6
3.257E-6
5.11E-6
4.171E-6
2.985E-6
2.896E-6
4.176E-6
5.524E-6
3.034E-6
2.663E-6
1.769E-6
4.108E-6
1.687E-6
3.455E-6
1.794E-6
3.246E-6
3.71E-6
4.139E-6
4.834E-6
1.625E-6
3.564E-6
3.615E-6
1.73E-6
2.141E-6
3.178E-6
2.386E-6
3.293E-6
3.341E-6
3.567E-6
1.822E-6
4.892E-6
2.036E-6
3.735E-6
3.98E-6
4.241E-6
1.497E-6
3.235E-6
5.161E-6
1.685E-6
3.343E-6
5.504E-6
3.339E-6
1.594E-6
5.332E-6
3.323E-6
2.283E-6
3.77E-6
4.733E-6
1.876E-6
6.032E-6
3.365E-6
3.93E-6
2.983E-6
1.681E-6
3.54E-6
4.407E-6
2.838E-6
4.777E-6
6.557E-6
3.559E-6
3.841E-6
3.693E-6
4.742E-6
1.818E-6
2.847E-6
2.456E-6
3.311E-6
1.776E-6
2.722E-6
1.855E-6
4.929E-6
2.182E-6
3.909E-6
3.04E-6
2.716E-6
1.802E-6
5.727E-6
3.931E-6
2.554E-6
3.198E-6
4.33E-6
1.615E-6
3.854E-6
4.142E-6
1.591E-6
2.066E-6
4.096E-6
4.577E-6
2.29E-6
2.764E-6
3.003E-6
3.608E-6
4.809E-6
5.071E-6
2.921E-6
1.162E-5
2.525E-6
5.874E-6
1.615E-6
3.702E-6
2.72E-6
3.161E-6
1.471E-6
3.97E-6
1.74E-6
1.783E-6
3.498E-6
1.687E-6
1.637E-6
7.648E-6
3.452E-6
3.332E-6
4.525E-6
2.218E-6
2.891E-6
2.567E-6
3.712E-6
1.905E-6
1.727E-6
4.612E-6
1.813E-6
3.539E-6
1.673E-6
2.323E-6
4.571E-6
3.361E-6
5.697E-6
3.912E-6
4.242E-6
2.267E-6
2.694E-6
4.099E-6
2.132E-6
1.563E-6
2.364E-6
3.589E-6
1.838E-6
2.119E-6
2.26E-6
3.614E-6
1.606E-6
6.585E-6
3.287E-6
3.06E-6
3.707E-6
4.566E-6
2.102E-6
3.057E-6
2.862E-6
2.046E-6
2.684E-6
3.838E-6
5.553E-6
3.626E-6
1.779E-6
3.358E-6
3.752E-6
4.918E-6
6.272E-6
2.507E-6
6.561E-6
1.765E-6
2.569E-6
2.745E-6
4.144E-6
4.901E-6
2.297E-6
4.347E-6
4.311E-6
5.004E-6
3.684E-6
4.15E-6
4.389E-6
5.97E-6
5.444E-6
3.374E-6
5.01E-6
4.732E-6
3.727E-6
2.005E-6
2.382E-6
1.784E-6
3.439E-6
3.92E-6
3.608E-6
5.138E-6
5.682E-6
5.667E-6
4.872E-6
3.208E-6
1.996E-6
3.354E-6
1.803E-6
3.803E-6
2.466E-6
7.235E-6
5.989E-6
4.942E-6
3.431E-6
4.568E-6
2.106E-6
3.782E-6
1.74E-6
2.396E-6
5.417E-6
4.519E-6
4.414E-6
4.924E-6
3.421E-6
2.816E-6
4.621E-6
3.259E-6
5.591E-6
4.224E-6
3.402E-6
3.808E-6
5.949E-6
2.199E-6
4.114E-6
5.034E-6
3.787E-6
2.647E-6
2.919E-6
1.926E-6
3.615E-6
3.251E-6
3.734E-6
3.316E-6
4.378E-6
6.179E-6
2.164E-6
3.401E-6
3.652E-6
1.72E-6
3.583E-6
1.709E-6
5.685E-6
1.889E-6
2.683E-6
2.737E-6
1.895E-6
4.015E-6
3.847E-6
2.755E-6
4.987E-6
2.568E-6
4.891E-6
3.569E-6
3.544E-6
1.872E-6
7.859E-6
2.371E-6
3.265E-6
4.33E-6
4.655E-6
4.585E-6
3.373E-6
1.727E-6
4.019E-6
1.687E-6
4.796E-6
3.596E-6
2.556E-6
2.738E-6
3.248E-6
1.728E-6
3.372E-6
3.731E-6
2.742E-6
3.544E-6
4.537E-6
4.267E-6
2.596E-6
4.438E-6
4.435E-6
2.548E-6
4.23E-6
3.79E-6
1.826E-6
4.434E-6
5.337E-6
3.487E-6
2.605E-6
5.157E-6
3.109E-6
2.341E-6
5.793E-6
4.952E-6
2.996E-6
4.737E-6
4.91E-6
2.923E-6
2.327E-6
5.706E-6
1.866E-6
3.636E-6
3.467E-6
3.023E-6
2.938E-6
4.005E-6
4.248E-6
4.23E-6
2.336E-6
3.914E-6
5.592E-6
5.469E-6
2.265E-6
3.254E-6
1.658E-6
3.146E-6
5.053E-6
5.699E-6
2.323E-6
6.243E-6
2.962E-6
5.293E-6
2.811E-6
2.591E-6
4.143E-6
3.553E-6
1.766E-6
3.852E-6
4.277E-6
2.285E-6
2.886E-6
2.27E-6
3.628E-6
5.763E-6
3.732E-6
4.666E-6
2.009E-6
3.754E-6
4.881E-6
1.781E-6
5.479E-6
4.442E-6
4.85E-6
5.716E-6
4.321E-6
5.581E-6
2.021E-6
3.211E-6
2.375E-6
2.534E-6
3.721E-6
1.887E-6
6.813E-6
4.584E-6
4.26E-6
2.329E-6
4.876E-6
1.989E-6
4.773E-6
2.351E-6
4.299E-6
2.236E-6
4.339E-6
3.36E-6
2.896E-6
2.011E-6
2.858E-6
1.802E-6
4.181E-6
3.489E-6
4.777E-6
2.583E-6
4.173E-6
4.015E-6
4.848E-6
5.636E-6
1.907E-6
5.589E-6
4.152E-6
2.488E-6
3.718E-6
5.613E-6
2.966E-6
6.237E-6
3.067E-6
2.112E-6
4.272E-6
2.413E-6
2.384E-6
4.533E-6
3.843E-6
3.018E-6
5.042E-6
3.65E-6
4.417E-6
2.055E-6
3.723E-6
3.754E-6
1.885E-6
6.697E-6
2.997E-6
1.814E-6
3.645E-6
5.07E-6
2.419E-6
4.663E-6
2.065E-6
2.028E-6
1.1983E-5
4.121E-6
4.827E-6
1.93E-6
6.366E-6
2.933E-6
5.351E-6
1.988E-6
2.822E-6
5.557E-6
2.028E-6
3.689E-6
4.726E-6
3.93E-6
1.833E-6
3.532E-6
5.041E-6
4.368E-6
4.748E-6
2.357E-6
3.527E-6
5.201E-6
3.257E-6
2.082E-6
2.389E-6
4.234E-6
4.547E-6
4.956E-6
4.376E-6
3.837E-6
4.461E-6
2.878E-6
6.364E-6
3.258E-6
4.131E-6
6.405E-6
5.487E-6
2.723E-6
5.09E-6
4.077E-6
3.902E-6
2.27E-6
4.156E-6
2.119E-6
5.621E-6
1.927E-6
3.838E-6
1.841E-6
2.286E-6
3.542E-6
2.487E-6
5.458E-6
1.824E-6
5.635E-6
2.178E-6
4.4E-6
2.098E-6
2.934E-6
4.422E-6
5.075E-6
1.901E-6
4.887E-6
2.912E-6
4.489E-6
4.137E-6
1.972E-6
2.07E-6
4.303E-6
2.333E-6
6.113E-6
2.05E-6
5.381E-6
3.405E-6
2.735E-6
1.941E-6
2.566E-6
2.118E-6
3.401E-6
1.954E-6
3.0E-6
3.063E-6
3.985E-6
3.1E-6
3.031E-6
2.685E-6
4.811E-6
2.6E-6
2.329E-6
6.004E-6
5.513E-6
3.151E-6
5.988E-6
2.44E-6
3.493E-6
5.181E-6
2.145E-6
3.177E-6
3.313E-6
2.111E-6
5.075E-6
2.122E-6
4.447E-6
7.131E-6
3.861E-6
4.402E-6
5.543E-6
2.025E-6
5.374E-6
2.559E-6
3.93E-6
2.053E-6
5.201E-6
4.274E-6
6.484E-6
3.205E-6
2.469E-6
5.027E-6
5.968E-6
2.138E-6
2.687E-6
6.42E-6
3.778E-6
2.757E-6
5.132E-6
3.648E-6
4.55E-6
4.121E-6
3.827E-6
1.644E-6
3.566E-6
4.518E-6
2.695E-6
2.757E-6
4.291E-6
4.851E-6
1.71E-6
5.513E-6
4.196E-6
4.832E-6
4.008E-6
2.508E-6
5.398E-6
2.309E-6
3.687E-6
4.308E-6
1.687E-6
3.48E-6
4.021E-6
4.186E-6
4.558E-6
4.647E-6
5.129E-6
2.533E-6
5.79E-6
2.001E-6
3.283E-6
1.524E-6
3.744E-6
5.057E-6
4.679E-6
4.142E-6
4.798E-6
6.265E-6
4.602E-6
3.571E-6
5.377E-6
2.172E-6
1.537E-6
4.844E-6
1.972E-6
1.648E-6
4.286E-6
5.01E-6
5.013E-6
4.624E-6
3.611E-6
2.154E-6
4.651E-6
3.386E-6
2.882E-6
3.551E-6
4.136E-6
1.805E-6
4.719E-6
2.21E-6
3.827E-6
2.762E-6
5.207E-6
1.539E-6
4.711E-6
2.029E-6
3.494E-6
1.971E-6
2.822E-6
2.648E-6
1.769E-6
1.645E-6
4.255E-6
4.188E-6
4.563E-6
4.015E-6
4.047E-6
3.545E-6
1.864E-6
4.189E-6
1.584E-6
3.464E-6
2.014E-6
2.676E-6
1.97E-6
6.955E-6
3.245E-6
4.427E-6
3.765E-6
3.8E-6
2.44E-6
5.423E-6
3.094E-6
1.995E-6
3.446E-6
2.309E-6
2.62E-6
2.972E-6
4.38E-6
5.783E-6
3.98E-6
2.285E-6
3.437E-6
2.177E-6
4.132E-6
4.773E-6
4.002E-6
4.478E-6
4.453E-6
3.706E-6
1.931E-6
2.819E-6
4.155E-6
3.812E-6
1.679E-6
5.099E-6
6.544E-6
5.57E-6
4.347E-6
3.139E-6
3.696E-6
5.114E-6
5.033E-6
3.826E-6
4.447E-6
3.318E-6
3.554E-6
1.746E-6
2.666E-6
2.206E-6
3.475E-6
5.94E-6
7.318E-6
1.683E-6
3.361E-6
4.891E-6
2.83E-6
4.899E-6
4.913E-6
5.799E-6
2.038E-6
1.681E-6
3.739E-6
4.165E-6
3.193E-6
1.78E-6
4.247E-6
2.521E-6
4.982E-6
1.962E-6
3.96E-6
1.88E-6
4.32E-6
4.41E-6
1.62E-6
1.733E-6
5.09E-6
4.049E-6
3.721E-6
3.664E-6
3.819E-6
5.351E-6
1.933E-6
1.0233E-5
2.643E-6
2.431E-6
2.458E-6
5.057E-6
3.095E-6
6.043E-6
4.003E-6
1.806E-6
4.61E-6
5.041E-6
4.356E-6
4.983E-6
3.126E-6
2.702E-6
5.913E-6
4.277E-6
2.718E-6
5.383E-6
4.712E-6
4.319E-6
4.596E-6
3.277E-6
4.858E-6
2.381E-6
4.899E-6
3.926E-6
2.393E-6
5.093E-6
2.852E-6
2.026E-6
3.659E-6
5.191E-6
4.039E-6
2.079E-6
5.308E-6
4.796E-6
2.814E-6
2.73E-6
4.123E-6
2.368E-6
3.512E-6
4.968E-6
2.896E-6
3.888E-6
5.57E-6
4.425E-6
1.872E-6
7.213E-6
3.109E-6
4.144E-6
2.86E-6
5.754E-6
1.975E-6
3.905E-6
2.95E-6
4.073E-6
1.799E-6
4.696E-6
3.364E-6
2.643E-6
2.917E-6
5.399E-6
1.876E-6
2.686E-6
6.76E-6
4.53E-6
3.136E-6
1.915E-6
2.552E-6
1.906E-6
4.867E-6
2.085E-6
4.73E-6
1.819E-6
2.494E-6
4.154E-6
1.961E-6
3.816E-6
2.845E-6
4.074E-6
2.013E-6
3.182E-6
4.186E-6
6.657E-6
4.794E-6
2.058E-6
4.107E-6
1.647E-6
4.121E-6
1.902E-6
2.156E-6
2.85E-6
3.931E-6
1.974E-6
5.337E-6
2.526E-6
1.972E-6
5.426E-6
3.947E-6
5.385E-6
2.578E-6
5.132E-6
2.415E-6
5.069E-6
3.262E-6
5.861E-6
2.08E-6
4.254E-6
1.989E-6
3.335E-6
1.781E-6
2.385E-6
3.923E-6
2.617E-6
4.289E-6
3.863E-6
4.418E-6
4.128E-6
3.229E-6
3.2E-6
7.011E-6
4.827E-6
2.684E-6
3.562E-6
2.891E-6
4.383E-6
2.257E-6
4.593E-6
3.223E-6
2.834E-6
3.949E-6
4.624E-6
3.984E-6
2.056E-6
3.12E-6
3.223E-6
4.123E-6
1.765E-6
3.122E-6
2.704E-6
3.095E-6
5.091E-6
3.128E-6
1.845E-6
3.623E-6
2.057E-6
4.329E-6
2.338E-6
1.681E-6
4.755E-6
5.836E-6
2.642E-6
4.007E-6
6.961E-6
4.502E-6
4.834E-6
4.139E-6
1.928E-6
5.836E-6
4.017E-6
2.048E-6
1.928E-6
3.651E-6
3.024E-6
4.048E-6
4.969E-6
4.584E-6
1.896E-6
3.9E-6
4.128E-6
1.601E-6
4.589E-6
3.13E-6
4.589E-6
3.463E-6
4.937E-6
2.171E-6
5.813E-6
2.656E-6
5.039E-6
5.298E-6
2.673E-6
2.103E-6
5.879E-6
3.28E-6
4.276E-6
2.063E-6
5.776E-6
1.944E-6
4.224E-6
5.378E-6
2.407E-6
3.054E-6
6.282E-6
3.857E-6
4.437E-6
2.461E-6
4.841E-6
4.147E-6
1.994E-6
2.496E-6
4.134E-6
1.798E-6
3.324E-6
5.05E-6
2.662E-6
2.109E-6
5.393E-6
3.97E-6
2.168E-6
4.133E-6
4.162E-6
6.437E-6
3.07E-6
1.706E-6
5.301E-6
4.009E-6
3.023E-6
3.402E-6
8.748E-6
4.118E-6
3.833E-6
5.158E-6
5.955E-6
4.034E-6
3.796E-6
4.191E-6
2.582E-6
4.166E-6
2.961E-6
4.315E-6
2.996E-6
3.778E-6
1.945E-6
6.614E-6
3.755E-6
2.643E-6
3.904E-6
3.369E-6
6.053E-6
4.719E-6
5.314E-6
2.669E-6
4.313E-6
2.288E-6
3.128E-6
4.809E-6
1.691E-6
3.493E-6
2.701E-6
3.572E-6
5.971E-6
1.996E-6
3.265E-6
1.861E-6
3.826E-6
3.942E-6
2.67E-6
3.285E-6
4.012E-6
4.898E-6
1.644E-6
6.047E-6
5.398E-6
1.915E-6
1.726E-6
3.259E-6
2.674E-6
4.036E-6
3.635E-6
2.974E-6
1.857E-6
2.855E-6
4.382E-6
1.3868E-5
2.008E-6
3.834E-6
3.811E-6
3.783E-6
2.564E-6
2.433E-6
2.465E-6
1.2042E-5
3.178E-6
2.413E-6
6.997E-6
6.2E-6
4.289E-6
2.179E-6
3.93E-6
4.668E-6
4.207E-6
4.285E-6
2.606E-6
2.23E-6
6.802E-6
3.257E-6
5.042E-6
4.17E-6
1.838E-6
3.88E-6
2.834E-6
5.744E-6
4.676E-6
2.145E-6
1.774E-6
5.565E-6
5.343E-6
2.268E-6
3.316E-6
3.335E-6
1.487E-5
7.069E-6
3.483E-6
3.381E-6
2.142E-6
3.033E-6
2.192E-6
2.033E-6
5.292E-6
2.544E-6
4.437E-6
2.752E-6
5.047E-6
3.599E-6
5.609E-6
4.222E-6
6.095E-6
5.155E-6
3.887E-6
2.185E-6
1.945E-6
1.97E-6
2.4376E-5
2.58E-6
4.38E-6
1.694E-6
6.156E-6
1.916E-6
3.698E-6
5.947E-6
2.444E-6
3.172E-6
3.716E-6
3.235E-6
4.211E-6
6.12E-6
1.96E-6
6.575E-6
2.977E-6
2.621E-6
3.825E-6
2.122E-6
5.316E-6
1.959E-6
2.82E-6
6.573E-6
7.76E-6
4.193E-6
4.097E-6
2.267E-6
2.847E-6
3.138E-6
3.859E-6
2.6E-6
3.66E-6
1.827E-6
2.59E-6
4.932E-6
5.167E-6
3.812E-6
4.739E-6
3.902E-6
2.38E-6
1.971E-6
2.975E-6
8.765E-6
2.147E-6
2.262E-6
5.701E-6
4.017E-6
2.202E-6
5.689E-6
2.169E-6
2.139E-6
4.987E-6
2.336E-6
4.0532E-5
3.413E-6
3.315E-6
2.595E-6
4.216E-6
2.84E-6
1.952E-6
5.494E-6
3.343E-6
3.583E-6
1.701E-6
3.794E-6
5.348E-6
2.254E-6
3.285E-6
6.383E-6
2.26E-6
4.245E-6
6.019E-6
2.262E-6
3.717E-6
2.61E-6
5.509E-6
1.858E-6
1.743E-6
2.178E-6
4.233E-6
1.724E-6
1.544E-6
3.138E-6
3.402E-6
4.705E-6
1.594E-6
4.876E-6
2.009E-6
2.766E-6
1.945E-6
2.874E-6
2.729E-6
3.858E-6
4.614E-6
4.754E-6
5.137E-6
2.508E-6
4.038E-6
3.147E-6
5.759E-6
4.929E-6
3.947E-6
2.541E-6
1.866E-6
3.526E-6
1.968E-6
5.134E-6
1.528E-6
3.41E-6
3.503E-6
3.126E-6
4.121E-6
2.724E-6
4.614E-6
1.919E-6
3.304E-6
3.607E-6
2.934E-6
3.718E-6
3.286E-6
3.876E-6
5.185E-6
5.545E-6
3.847E-6
4.177E-6
3.833E-6
2.155E-6
2.612E-6
4.608E-6
3.834E-6
3.471E-6
4.061E-6
6.181E-6
3.369E-6
2.171E-6
2.57E-6
4.516E-6
1.656E-6
4.442E-6
4.835E-6
4.907E-6
4.829E-6
1.744E-6
4.685E-6
7.34E-6
1.852E-6
2.794E-6
6.159E-6
5.171E-6
4.574E-6
1.93E-6
6.227E-6
3.19E-6
1.83E-6
4.003E-6
4.864E-6
5.242E-6
2.793E-6
3.363E-6
2.225E-6
6.19E-6
2.245E-6
4.809E-6
7.646E-6
2.253E-6
3.984E-6
3.519E-6
3.07E-6
4.996E-6
2.346E-6
4.367E-6
4.653E-6
5.432E-6
2.897E-6
5.077E-6
5.112E-6
6.157E-6
3.899E-6
2.512E-6
3.962E-6
3.361E-6
5.749E-6
1.82E-6
3.545E-6
1.727E-6
6.24E-6
4.013E-6
1.867E-6
4.381E-6
2.959E-6
2.585E-6
6.492E-6
6.596E-6
2.011E-6
4.12E-6
2.052E-6
8.156E-6
4.69E-6
4.649E-6
2.703E-6
6.062E-6
4.978E-6
3.229E-6
1.737E-6
3.057E-6
3.671E-6
5.687E-6
6.727E-6
5.274E-6
2.953E-6
4.161E-6
3.129E-6
3.266E-6
2.343E-6
4.174E-6
1.577E-6
5.698E-6
5.229E-6
2.7398E-5
8.011E-6
2.835E-6
2.82E-6
6.244E-6
2.024E-6
8.005E-6
5.128E-6
1.842E-6
1.909E-6
1.777E-6
4.399E-6
4.846E-6
4.157E-6
5.801E-6
5.27E-6
1.859E-6
4.694E-6
3.888E-6
2.301E-6
1.736E-6
3.904E-6
4.158E-6
1.607E-6
4.924E-6
4.432E-6
4.493E-6
3.805E-6
4.632E-6
6.687E-6
2.122E-6
5.826E-6
3.702E-6
2.764E-6
3.951E-6
3.402E-6
2.036E-6
6.401E-6
1.665E-6
3.813E-6
5.137E-6
3.551E-6
3.852E-6
3.685E-6
3.537E-6
3.713E-6
2.468E-6
1.2363E-5
3.924E-6
5.771E-6
4.47E-6
3.969E-6
4.704E-6
4.413E-6
1.933E-6
4.6E-6
5.324E-6
6.524E-6
4.788E-6
3.852E-6
1.697E-6
1.764E-6
3.617E-6
2.715E-6
2.376E-6
4.978E-6
1.776E-6
1.876E-6
5.184E-6
2.308E-6
5.109E-6
2.772E-6
4.076E-6
1.757E-6
3.01E-6
3.709E-6
3.744E-6
3.528E-6
4.686E-6
4.808E-6
1.633E-6
6.718E-6
4.25E-6
5.786E-6
1.66E-6
2.865E-6
3.924E-6
5.723E-6
3.561E-6
3.772E-6
2.685E-6
3.938E-6
7.08E-6
1.535E-6
2.881E-6
4.681E-6
1.756E-6
1.823E-6
3.141E-6
3.199E-6
4.907E-6
1.59E-6
6.063E-6
3.859E-6
6.268E-6
3.872E-6
4.092E-6
3.084E-6
2.209E-6
3.862E-6
1.543E-6
5.023E-6
3.556E-6
3.42838E-4
5.132E-6
2.391E-6
5.082E-6
2.691E-6
6.074E-6
6.01E-6
4.507E-6
4.221E-6
1.983E-6
3.983E-6
1.967E-6
2.956E-6
4.156E-6
4.516E-6
4.468E-6
2.088E-6
6.723E-6
4.849E-6
3.852E-6
3.095E-6
2.294E-6
3.23E-6
1.572E-6
3.518E-6
5.301E-6
1.748E-6
3.148E-6
2.314E-6
5.183E-6
3.667E-6
4.276E-6
5.676E-6
1.723E-6
3.594E-6
6.771E-6
2.853E-6
3.936E-6
2.294E-6
1.731E-6
3.773E-6
2.57E-6
3.533E-6
3.73E-6
4.769E-6
2.119E-6
2.244E-6
5.136E-6
2.994E-6
1.629E-6
3.482E-6
4.904E-6
5.288E-6
2.525E-6
4.146E-6
6.294E-6
4.232E-6
5.747E-6
2.369E-6
3.352E-6
3.283E-6
2.093E-6
3.176E-6
3.715E-6
2.218E-6
3.227E-6
2.575E-6
1.914E-6
3.68E-6
5.267E-6
3.546E-6
3.495E-6
1.665E-6
3.873E-6
4.371E-6
2.967E-6
1.563E-6
3.58E-6
2.161E-6
2.358E-6
4.092E-6
4.514E-6
2.608E-6
1.851E-6
4.043E-6
3.575E-6
3.892E-6
4.524E-6
1.541E-6
5.009E-6
3.164E-6
4.899E-6
3.278E-6
2.634E-6
6.578E-6
4.544E-6
3.657E-6
3.844E-6
2.752E-6
4.95E-6
4.06E-6
4.941E-6
2.609E-6
2.196E-6
1.903E-6
1.929E-6
4.559E-6
4.045E-6
1.84E-6
2.451E-6
1.892E-6
4.348E-6
8.023E-6
2.889E-6
1.853E-6
3.186E-6
4.996E-6
3.54E-6
1.941E-6
3.437E-6
1.727E-6
3.48E-6
1.935E-6
2.724E-6
3.656E-6
3.197E-6
1.825E-6
4.45E-6
3.939E-6
2.162E-6
2.159E-6
5.951E-6
4.346E-6
4.042E-6
3.086E-6
3.648E-6
1.998E-6
1.757E-6
4.351E-6
2.203E-6
5.001E-6
3.019E-6
4.917E-6
1.578E-6
3.658E-6
6.729E-6
1.991E-6
6.763E-6
3.897E-6
4.182E-6
3.933E-6
1.921E-6
4.087E-6
3.431E-6
2.22E-6
4.278E-6
4.474E-6
5.816E-6
5.29E-6
2.387E-6
2.055E-6
5.172E-6
1.888E-6
3.933E-6
3.165E-6
5.513E-6
2.729E-6
3.702E-6
4.44E-6
2.421E-6
5.065E-6
2.131E-6
2.615E-6
4.952E-6
2.367E-6
4.037E-6
2.985E-6
1.884E-6
3.472E-6
1.73E-6
2.031E-6
6.302E-6
6.763E-6
1.798E-6
4.697E-6
3.679E-6
3.873E-6
2.204E-6
1.686E-6
2.57E-6
1.709E-6
4.687E-6
2.474E-6
4.724E-6
2.135E-6
5.677E-6
3.051E-6
4.973E-6
4.157E-6
4.116E-6
4.251E-6
6.139E-6
3.662E-6
4.168E-6
2.045E-6
5.243E-6
4.22E-6
3.878E-6
1.689E-6
3.723E-6
4.55E-6
4.092E-6
3.619E-6
5.498E-6
3.712E-6
4.575E-6
1.949E-6
4.738E-6
1.724E-6
1.942E-6
4.047E-6
4.269E-6
6.953E-6
3.801E-6
4.25E-6
2.621E-6
1.658E-6
4.473E-6
2.741E-6
4.579E-6
6.474E-6
6.728E-6
4.696E-6
3.319E-6
3.878E-6
4.911E-6
3.094E-6
6.719E-6
4.164E-6
1.948E-6
2.015E-6
5.274E-6
3.336E-6
4.684E-6
2.063E-6
8.8E-6
2.413E-6
1.827E-6
4.782E-6
2.073E-6
3.584E-6
2.625E-6
1.81E-6
2.8575E-5
3.169E-6
3.075E-6
1.972E-6
5.087E-6
1.822E-6
4.654E-6
3.404E-6
3.953E-6
2.915E-6
5.178E-6
1.562E-6
3.34E-6
5.757E-6
2.72E-6
2.953E-6
2.512E-6
6.977E-6
2.363E-6
4.549E-6
4.054E-6
4.456E-6
3.727E-6
3.052E-6
4.131E-6
1.996E-6
4.105E-6
1.867E-6
2.737E-6
7.071E-6
2.971E-6
4.098E-6
3.068E-6
5.713E-6
2.52E-6
5.736E-6
2.684E-6
4.397E-6
3.809E-6
4.337E-6
2.521E-6
9.746E-6
4.152E-6
1.96E-6
3.438E-6
2.309E-6
4.703E-6
2.967E-6
4.971E-6
2.025E-6
2.208E-6
4.295E-6
3.185E-6
2.052E-6
4.422E-6
4.686E-6
3.427E-6
1.918E-6
6.339E-6
2.813E-6
4.402E-6
4.417E-6
2.165E-6
5.871E-6
1.846E-6
2.775E-6
2.99E-6
1.974E-6
5.207E-6
1.925E-6
1.736E-6
2.942E-6
2.771E-6
1.704E-6
2.047E-6
2.754E-6
1.762E-6
3.483E-6
1.521E-6
3.658E-6
5.495E-6
1.819E-6
4.894E-6
5.908E-6
1.647E-6
4.799E-6
3.514E-6
2.368E-6
3.813E-6
2.91E-6
3.386E-6
4.838E-6
5.137E-6
1.83E-6
3.148E-6
3.762E-6
3.865E-6
2.167E-6
2.516E-6
4.688E-6
4.5E-6
2.025E-6
5.139E-6
4.084E-6
3.38E-6
4.835E-6
1.894E-6
2.83E-6
1.912E-6
3.851E-6
1.731E-6
2.645E-6
1.911E-6
7.626E-6
3.992E-6
5.699E-6
3.632E-6
3.968E-6
5.186E-6
2.014E-6
4.184E-6
1.826E-6
7.884E-6
5.637E-6
7.038E-6
2.331E-6
4.579E-6
5.177E-6
3.778E-6
3.887E-6
2.763E-6
3.677E-6
1.669E-6
2.647E-6
3.696E-6
5.138E-6
1.821E-6
4.624E-6
3.101E-6
3.571E-6
3.097E-6
5.858E-6
4.467E-6
3.564E-6
2.636E-6
4.844E-6
2.266E-6
3.063E-6
2.665E-6
2.201E-6
2.065E-6
3.925E-6
2.164E-6
2.749E-6
3.451E-6
3.525E-6
4.144E-6
1.898E-6
6.154E-6
4.71E-6
2.018E-6
3.389E-6
3.483E-6
1.89E-6
4.13E-6
3.434E-6
1.902E-6
4.576E-6
2.685E-6
4.152E-6
1.79E-6
2.334E-6
3.381E-6
3.755E-6
4.748E-6
3.244E-6
4.174E-6
3.214E-6
1.71E-6
4.569E-6
5.77E-6
1.85E-6
3.636E-6
2.004E-6
6.235E-6
2.601E-6
1.97E-6
4.673E-6
1.729E-6
2.454E-6
4.093E-6
1.859E-6
4.721E-6
2.786E-6
3.304E-6
2.694E-6
5.128E-6
3.436E-6
7.542E-6
3.631E-6
1.83E-6
4.775E-6
3.327E-6
5.672E-6
2.596E-6
2.63E-6
3.743E-6
2.046E-6
7.472E-6
1.795E-6
2.114E-6
3.61E-6
1.652E-6
6.515E-6
4.342E-6
5.426E-6
2.4E-6
3.814E-6
2.264E-6
3.509E-6
4.489E-6
2.111E-6
3.787E-6
4.187E-6
2.037E-6
3.263E-6
3.146E-6
2.402E-6
5.438E-6
7.324E-6
3.688E-6
2.871E-6
3.961E-6
2.153E-6
4.006E-6
3.868E-6
1.683E-6
2.44E-6
3.091E-6
1.973E-6
2.583E-6
2.126E-6
3.329E-6
3.011E-6
2.054E-6
4.698E-6
4.342E-6
2.01E-6
5.601E-6
1.878E-6
2.491E-6
4.997E-6
1.739E-6
4.753E-6
3.783E-6
3.837E-6
3.026E-6
4.233E-6
4.08E-6
2.314E-6
2.034E-6
4.105E-6
3.115E-6
4.354E-6
1.628E-6
1.745E-6
5.833E-6
4.423E-6
4.625E-6
2.013E-6
1.753E-6
3.849E-6
4.467E-6
2.044E-6
5.116E-6
5.89E-6
1.699E-6
5.647E-6
1.953E-6
3.255E-6
3.532E-6
7.219E-6
4.438E-6
2.219E-6
7.952E-6
3.772E-6
1.852E-6
5.694E-6
1.697E-6
5.13E-6
4.292E-6
2.221E-6
2.416E-6
3.438E-6
3.064E-6
1.708E-6
3.804E-6
2.37E-6
6.445E-6
1.651E-6
3.39E-6
2.978E-6
1.902E-6
2.695E-6
2.458E-6
3.941E-6
2.753E-6
3.628E-6
1.92E-6
5.769E-6
3.483E-6
4.338E-6
1.745E-6
7.437E-6
3.662E-6
2.631E-6
5.692E-6
2.793E-6
5.833E-6
2.145E-6
2.103E-6
3.512E-6
1.935E-6
2.893E-6
4.258E-6
3.032E-6
2.964E-6
5.092E-6
1.882E-6
5.404E-6
3.862E-6
2.778E-6
3.937E-6
1.828E-6
3.331E-6
4.436E-6
2.291E-6
5.079E-6
3.13E-6
3.499E-6
3.815E-6
4.095E-6
3.77E-6
4.432E-6
4.766E-6
2.72E-6
3.863E-6
4.899E-6
3.938E-6
4.331E-6
1.721E-6
4.632E-6
3.436E-6
3.444E-6
3.346E-6
4.193E-6
1.984E-6
3.757E-6
1.965E-6
1.691E-6
3.09E-6
4.433E-6
4.331E-6
3.568E-6
2.336E-6
4.784E-6
2.603E-6
5.648E-6
5.219E-6
4.004E-6
2.48E-6
5.918E-6
6.26E-6
3.952E-6
1.798E-6
4.125E-6
3.777E-6
4.156E-6
1.972E-6
3.753E-6
3.515E-6
2.068E-6
5.673E-6
2.101E-6
4.406E-6
4.117E-6
4.115E-6
3.626E-6
3.072E-6
2.719E-6
4.721E-6
4.637E-6
2.777E-6
3.313E-6
2.066E-6
3.674E-6
4.432E-6
3.368E-6
1.667E-6
2.381E-6
4.295E-6
4.554E-6
2.126E-6
5.185E-6
4.709E-6
3.792E-6
5.41E-6
1.946E-6
4.023E-6
4.963E-6
3.778E-6
1.696E-6
2.67E-6
3.405E-6
4.494E-6
2.252E-6
4.335E-6
4.776E-6
3.977E-6
2.886E-6
3.548E-6
5.116E-6
2.571E-6
2.772E-6
2.648E-6
1.735E-6
1.996E-6
2.61E-6
4.144E-6
4.292E-6
4.218E-6
3.169E-6
2.375E-6
3.448E-6
5.217E-6
4.035E-6
3.19E-6
3.22E-6
2.611E-6
2.465E-6
4.692E-6
2.35E-6
3.817E-6
5.29E-6
3.929E-6
2.076E-6
3.849E-6
3.675E-6
2.951E-6
1.961E-6
3.967E-6
2.21E-6
3.751E-6
2.385E-6
3.727E-6
1.9E-6
5.739E-6
4.84E-6
2.461E-6
7.476E-6
5.913E-6
4.384E-6
3.292E-6
4.255E-6
3.572E-6
2.286E-6
2.977E-6
4.151E-6
2.108E-6
2.355E-6
3.527E-6
4.755E-6
1.721E-6
2.859E-6
3.641E-6
1.825E-6
1.525E-6
3.107E-6
4.886E-6
2.398E-6
3.082E-6
2.427E-6
8.323E-6
3.154E-6
2.862E-6
3.847E-6
3.831E-6
1.868E-6
2.015E-6
4.388E-6
4.133E-6
3.679E-6
1.869E-6
4.028E-6
1.828E-6
4.52E-6
1.858E-6
3.18E-6
4.872E-6
6.613E-6
5.51E-6
4.881E-6
3.826E-6
1.816E-6
3.728E-6
2.437E-6
5.962E-6
3.692E-6
2.179E-6
3.51E-6
3.306E-6
4.334E-6
1.78E-6
1.709E-6
4.254E-6
2.725E-6
2.337E-6
2.06E-6
5.518E-6
4.168E-6
1.657E-6
3.507E-6
2.709E-6
1.946E-6
3.09E-6
2.049E-6
5.751E-6
2.508E-6
3.427E-6
1.91E-6
4.038E-6
2.371E-6
4.406E-6
1.952E-6
2.33E-6
3.732E-6
3.662E-6
4.087E-6
3.871E-6
5.107E-6
2.569E-6
2.229E-6
1.689E-6
5.358E-6
3.674E-6
1.731E-6
3.293E-6
6.943E-5
2.789E-6
8.181E-6
2.019E-6
2.1678E-5
5.038E-6
2.439E-6
1.7097E-5
5.355E-6
2.32E-6
4.815E-6
4.523E-6
3.738E-6
5.176E-6
6.085E-6
4.955E-6
2.735E-6
3.004E-6
2.664E-6
4.975E-6
5.501E-6
1.788E-6
4.036E-6
4.232E-6
2.583E-6
1.693E-6
5.104E-6
3.175E-6
2.391E-6
4.416E-6
4.528E-6
3.821E-6
3.064E-6
6.732E-6
1.1783E-5
4.654E-6
2.045E-6
5.678E-6
3.408E-6
1.871E-6
4.029E-6
4.093E-6
2.683E-6
2.26E-6
4.093E-6
1.911E-6
3.183E-6
1.991E-6
5.234E-6
3.154E-6
6.521E-6
2.828E-6
3.624E-6
5.509E-6
3.886E-6
2.284E-6
4.387E-6
5.834E-6
3.842E-6
4.622E-6
4.821E-6
4.534E-6
2.7055E-5
3.345E-6
3.9806E-5
4.26E-6
2.077E-6
4.707E-6
3.104E-6
3.236E-6
4.908E-6
2.481E-6
3.812E-6
4.478E-6
2.404E-6
6.216E-6
1.882E-6
3.837E-6
4.995E-6
2.452E-6
4.309E-6
5.664E-6
2.26E-6
7.837E-6
3.336E-6
1.958E-6
6.954E-6
1.916E-6
2.149E-6
3.054E-6
1.961E-6
2.271E-6
3.732E-6
4.388E-6
4.034E-6
4.528E-6
4.184E-6
1.762E-6
2.0E-6
5.786E-6
1.923E-6
2.6E-6
4.077E-6
3.058E-6
5.918E-6
1.956E-6
2.942E-6
4.18E-6
3.462E-6
2.347E-6
2.934E-6
4.816E-6
4.018E-6
1.745E-6
5.097E-6
9.9044E-5
4.056E-6
4.661E-6
2.748E-6
9.813E-6
5.58E-6
1.983E-6
4.435E-6
4.844E-6
4.443E-6
1.698E-6
3.75E-6
3.762E-6
1.659E-6
2.295E-6
4.556E-6
2.01E-6
4.364E-6
4.671E-6
2.781E-6
2.668E-6
5.408E-6
3.944E-6
2.423E-6
5.575E-6
1.934E-6
1.661E-6
4.084E-6
2.715E-6
3.465E-6
4.126E-6
5.744E-6
5.393E-6
3.831E-6
2.229E-6
3.273E-6
2.0606E-5
1.953E-6
5.839E-6
1.643E-6
4.328E-6
4.088E-6
1.559E-6
6.435E-6
6.449E-6
2.852E-6
3.66E-6
2.335E-6
3.174E-6
2.729E-6
4.919E-6
2.152E-6
3.525E-6
3.624E-6
7.006E-6
4.29E-6
1.855E-6
4.437E-6
3.646E-6
5.233E-6
4.208E-6
2.004E-6
3.705E-6
2.664E-6
5.442E-6
2.967E-6
2.396E-6
5.237E-6
1.888E-6
4.397E-6
5.206E-6
2.784E-6
2.864E-6
4.67E-6
2.448E-6
1.3391E-5
4.196E-6
3.064E-6
7.001E-6
1.838E-6
6.434E-6
2.806E-6
3.38E-6
2.662E-6
4.871E-6
8.57E-6
4.264E-6
2.048E-6
3.47E-6
1.842E-6
5.321E-6
5.312E-6
1.916E-6
7.084E-6
2.607E-6
2.964E-6
2.394E-6
4.12E-6
8.009E-6
3.364E-6
2.458E-6
3.114E-6
1.846E-6
3.639E-6
3.728E-6
3.785E-6
2.065E-6
3.008E-6
2.606E-6
7.299E-6
2.48E-6
3.762E-6
5.545E-6
5.737E-6
1.956E-6
3.87E-6
3.238E-6
2.228E-6
8.187E-6
2.124E-6
5.503E-6
3.542E-6
2.01E-6
5.248E-6
4.32E-6
1.659E-6
3.855E-6
6.994E-6
5.204E-6
3.196E-6
4.127E-6
1.956E-6
5.92E-6
2.272E-6
4.559E-6
4.253E-6
4.055E-6
1.919E-6
4.647E-6
2.645E-6
2.15E-6
2.874E-6
2.675E-6
2.092E-6
3.131E-6
1.928E-6
5.76E-6
1.878E-6
4.185E-6
2.806E-6
2.893E-6
5.588E-6
6.257E-6
1.878E-6
2.938E-6
3.54E-6
1.922E-6
4.099E-6
3.88E-6
2.327E-6
2.85E-6
2.686E-6
4.347E-6
3.978E-6
3.386E-6
2.939E-6
1.869E-6
4.587E-6
3.779E-6
3.381E-6
1.837E-6
5.259E-6
2.336E-6
2.505E-6
4.959E-6
3.868E-6
3.003E-6
5.411E-6
3.977E-6
2.546E-6
1.812E-6
2.195E-6
2.069E-6
3.128E-6
4.242E-6
2.944E-6
2.751E-6
1.677E-6
4.686E-6
1.92E-6
5.315E-6
3.637E-6
2.059E-6
4.795E-6
2.544E-6
4.096E-6
3.611E-6
2.4E-6
3.082E-6
7.549E-6
3.101E-6
4.21E-6
1.733E-6
1.786E-6
4.193E-6
2.999E-6
5.687E-6
4.243E-6
4.54E-6
3.529E-6
1.928E-6
3.983E-6
2.049E-6
5.486E-6
3.643E-6
3.922E-6
5.169E-6
5.038E-6
3.842E-6
3.31E-6
2.757E-6
2.518E-6
4.637E-6
2.141E-6
2.632E-6
3.127E-6
2.349E-6
4.643E-6
2.304E-6
4.014E-6
2.547E-6
2.606E-6
2.892E-6
3.701E-6
2.049E-6
3.043E-6
2.135E-6
2.358E-6
5.598E-6
3.292E-6
1.781E-6
4.285E-6
4.235E-6
3.099E-6
2.321E-6
7.218E-6
5.586E-6
4.782E-6
6.512E-6
2.382E-6
2.102E-6
2.862E-6
2.773E-6
4.949E-6
6.566E-6
1.966E-6
2.775E-6
5.11E-6
4.303E-6
4.673E-6
3.646E-6
4.372E-6
2.015E-6
3.411E-6
4.015E-6
2.456E-6
4.861E-6
4.578E-6
2.187E-6
4.195E-6
1.957E-6
5.841E-6
4.507E-6
1.993E-6
5.034E-6
1.884E-6
4.606E-6
4.181E-6
2.788E-6
5.437E-6
2.5E-6
5.59E-6
4.451E-6
4.106E-6
4.63E-6
2.417E-6
6.13E-6
4.501E-6
6.511E-6
3.532E-6
2.033E-6
3.421E-6
2.925E-6
2.481E-6
3.399E-6
3.963E-6
2.646E-6
3.394E-6
3.864E-6
3.822E-6
5.591E-6
2.081E-6
4.393E-6
2.167E-6
2.994E-6
4.059E-6
2.939E-6
3.788E-6
4.632E-6
3.867E-6
2.111E-6
3.828E-6
3.11E-6
2.3E-6
3.206E-6
4.292E-6
1.997E-6
2.583E-6
3.039E-6
1.905E-6
2.169E-6
5.588E-6
3.516E-6
2.734E-6
4.203E-6
2.283E-6
4.724E-6
3.852E-6
1.974E-6
5.666E-6
1.942E-6
1.995E-6
4.49E-6
2.803E-6
2.741E-6
4.208E-6
2.28E-6
3.74E-6
3.805E-6
3.3E-6
4.438E-6
7.029E-6
2.06E-6
5.884E-6
5.238E-6
2.253E-6
5.989E-6
3.377E-6
3.091E-6
3.134E-6
3.815E-6
2.208E-6
3.78E-6
2.89E-6
3.222E-6
3.012E-6
1.945E-6
6.002E-6
4.546E-6
4.79E-6
3.265E-6
4.598E-6
3.254E-6
2.025E-6
2.919E-6
3.872E-6
6.195E-6
2.584E-6
2.012E-6
2.877E-6
5.11E-6
2.42E-6
3.881E-6
4.074E-6
3.54E-6
1.819E-6
5.109E-6
1.886E-6
9.82E-6
5.615E-6
3.213E-6
4.063E-6
2.505E-6
3.128E-6
6.297E-6
4.345E-6
3.735E-6
1.893E-6
1.709E-6
2.205E-6
3.796E-6
2.811E-6
3.289E-6
4.027E-6
2.123E-6
1.918E-6
2.242E-6
1.617E-6
1.783E-6
4.387E-6
1.706E-6
1.972E-6
4.001E-6
2.021E-6
3.795E-6
2.895E-6
3.405E-6
4.558E-6
2.092E-6
4.869E-6
2.172E-6
2.744E-6
1.835E-6
3.907E-6
1.95E-6
2.64E-6
6.56E-6
2.374E-6
3.858E-6
3.861E-6
3.431E-6
7.434E-6
4.683E-6
1.988E-6
1.926E-6
3.983E-6
4.581E-6
3.883E-6
2.449E-6
2.758E-6
4.688E-6
2.69E-6
5.993E-6
3.891E-6
2.598E-6
3.559E-6
2.637E-6
4.208E-6
4.771E-6
3.757E-6
2.252E-6
2.19E-6
3.965E-6
3.893E-6
9.118E-6
6.206E-6
4.813E-6
1.981E-6
5.968E-6
1.934E-6
2.112E-6
4.826E-6
2.252E-6
3.887E-6
3.451E-6
3.556E-6
2.389E-6
2.596E-6
3.802E-6
4.653E-6
3.384E-6
2.282E-6
5.124E-6
2.083E-6
4.23E-6
4.944E-6
2.132E-6
6.603E-6
4.804E-6
2.175E-6
2.977E-6
4.942E-6
2.083E-6
6.725E-6
3.84E-6
1.701E-6
3.405E-6
4.021E-6
3.472E-6
2.126E-6
2.765E-6
4.26E-6
2.02E-6
5.067E-6
2.896E-6
2.672E-6
2.177E-6
6.842E-6
3.108E-6
5.543E-6
3.409E-6
4.725E-6
3.8E-6
4.799E-6
5.721E-6
3.468E-6
1.877E-6
4.197E-6
3.889E-6
1.932E-6
4.262E-6
1.956E-6
4.379E-6
2.716E-6
3.001E-6
1.785E-6
5.624E-6
2.252E-6
2.449E-6
3.853E-6
2.037E-6
5.274E-6
4.176E-6
4.8E-6
3.691E-6
5.221E-6
4.133E-6
4.827E-6
5.379E-6
4.056E-6
5.253E-6
4.966E-6
4.08E-6
3.526E-6
3.553E-6
4.09E-6
2.828E-6
3.971E-6
5.428E-6
2.961E-6
5.285E-6
2.697E-6
5.826E-6
2.205E-6
5.09E-6
2.203E-6
2.543E-6
4.528E-6
3.686E-6
4.526E-6
2.99E-6
4.173E-6
2.131E-6
2.672E-6
5.257E-6
4.62E-6
2.771E-6
3.69E-6
5.084E-6
2.228E-6
4.198E-6
3.116E-6
3.446E-6
2.016E-6
2.218E-6
2.981E-6
4.58E-6
4.252E-6
3.234E-6
2.325E-6
3.488E-6
2.124E-6
4.105E-6
2.232E-6
4.645E-6
3.899E-6
1.982E-6
5.461E-6
1.952E-6
3.83E-6
3.949E-6
2.141E-6
4.184E-6
3.488E-6
4.696E-6
5.808E-6
4.197E-6
2.72E-6
3.035E-6
2.393E-6
5.651E-6
2.396E-6
5.94E-6
6.956E-6
4.061E-6
4.949E-6
3.173E-6
4.216E-6
2.945E-6
3.753E-6
3.526E-6
4.085E-6
4.262E-6
2.974E-6
2.841E-6
3.905E-6
4.163E-6
3.038E-6
1.823E-6
3.506E-6
2.18E-6
2.581E-6
3.666E-6
2.78E-6
5.462E-6
3.283E-6
4.182E-6
2.236E-6
1.914E-6
3.953E-6
7.14E-6
2.074E-6
2.442E-6
1.677E-6
2.302E-6
3.704E-6
1.929E-6
3.145E-6
3.876E-6
2.83E-6
1.934E-6
4.722E-6
2.219E-6
5.317E-6
2.717E-6
4.926E-6
3.015E-6
2.013E-6
3.034E-6
1.922E-6
3.887E-6
4.847E-6
2.813E-6
5.649E-6
3.705E-6
3.955E-6
3.357E-6
4.052E-6
2.671E-6
3.144E-6
5.572E-6
2.959E-6
3.676E-6
3.944E-6
1.942E-6
2.135E-6
5.256E-6
4.015E-6
3.707E-6
2.725E-6
4.651E-6
3.501E-6
4.275E-6
3.146E-6
3.348E-6
2.343E-6
2.137E-6
5.168E-6
4.263E-6
3.082E-6
4.947E-6
2.802E-6
1.972E-6
5.497E-6
1.888E-6
5.294E-6
3.21E-6
5.04E-6
6.101E-6
4.874E-6
1.695E-6
5.56E-6
4.245E-6
1.992E-6
5.188E-6
3.412E-6
2.036E-6
4.334E-6
2.341E-6
4.03E-6
4.863E-6
4.909E-6
2.954E-6
4.933E-6
4.195E-6
4.932E-6
3.577E-6
3.257E-6
3.004E-6
3.898E-6
2.097E-6
3.639E-6
3.356E-6
4.102E-6
6.522E-6
2.938E-6
2.254E-6
4.39E-6
3.654E-6
4.169E-6
2.503E-6
4.011E-6
4.756E-6
2.164E-6
4.242E-6
1.996E-6
4.281E-6
3.7E-6
4.154E-6
3.022E-6
2.764E-6
4.497E-6
4.769E-6
1.86E-6
2.002E-6
3.664E-6
1.834E-6
3.851E-6
3.979E-6
4.127E-6
3.106E-6
3.74E-6
1.785E-6
6.937E-6
5.068E-6
2.189E-6
4.702E-6
2.695E-6
1.729E-6
5.9618E-5
3.027E-6
3.644E-6
2.35E-6
4.781E-6
4.097E-6
5.051E-6
3.147E-6
2.639E-6
4.112E-6
3.734E-6
4.088E-6
4.261E-6
4.585E-6
5.56E-6
4.517E-6
7.764E-6
3.251E-6
2.312E-6
4.454E-6
2.062E-6
3.981E-6
3.719E-6
4.015E-6
2.394E-6
4.083E-6
3.016E-6
2.349E-6
3.794E-6
2.287E-6
2.681E-6
4.964E-6
3.836E-6
4.752E-6
2.927E-6
3.554E-6
2.238E-6
2.5E-6
1.773E-6
5.819E-6
4.006E-6
3.997E-6
1.902E-6
3.486E-6
4.913E-6
2.53E-6
3.38E-6
5.025E-6
2.183E-6
2.052E-6
4.816E-6
5.675E-6
3.373E-6
3.908E-6
2.107E-6
4.539E-6
3.307E-6
6.928E-6
2.836E-6
4.226E-6
1.839E-6
2.817E-6
2.013E-6
2.528E-6
1.772E-6
3.657E-6
3.964E-6
5.555E-6
4.159E-6
2.452E-6
2.144E-6
3.95E-6
2.962E-6
4.106E-6
3.793E-6
4.983E-6
5.663E-6
2.217E-6
3.037E-6
2.578E-6
1.85E-6
4.645E-6
3.424E-6
2.448E-6
2.283E-6
4.263E-6
3.64E-6
3.648E-6
3.838E-6
1.795E-6
4.422E-6
2.01E-6
2.764E-6
4.711E-6
4.89E-6
1.832E-6
2.581E-6
5.469E-6
1.922E-6
6.057E-6
9.256E-6
2.697E-6
4.834E-6
2.665E-6
5.732E-6
6.007E-6
4.157E-6
4.547E-6
3.381E-6
3.474E-6
5.439E-6
2.02E-6
3.202E-6
3.593E-6
4.415E-6
3.873E-6
4.47E-6
3.811E-6
5.549E-6
5.439E-6
4.198E-6
1.961E-6
3.057E-6
3.141E-6
4.853E-6
6.189E-6
3.591E-6
4.479E-6
5.353E-6
2.172E-6
5.242E-6
4.903E-6
1.725E-6
6.906E-6
2.894E-6
1.772E-6
5.34E-6
2.95E-6
4.525E-6
6.901E-6
4.882E-6
4.227E-6
1.859E-6
2.632E-6
4.866E-6
1.905E-6
5.164E-6
3.26E-6
2.357E-6
3.954E-6
1.995E-6
5.868E-6
2.58E-6
2.329E-6
4.085E-6
1.857E-6
3.956E-6
4.341E-6
3.928E-6
4.257E-6
3.163E-6
3.41E-6
5.187E-6
2.802E-6
5.917E-6
1.836E-6
4.361E-6
2.313E-6
4.369E-6
2.786E-6
5.92E-6
2.193E-6
3.99E-6
3.773E-6
3.73E-6
3.896E-6
5.894E-6
5.203E-6
4.006E-6
2.003E-6
1.969E-6
5.167E-6
1.625E-6
3.816E-6
5.004E-6
2.555E-6
2.484E-6
3.679E-6
3.093E-6
1.949E-6
2.075E-6
2.718E-6
4.263E-6
3.028E-6
2.598E-6
2.246E-6
4.163E-6
3.516E-6
4.177E-6
3.496E-6
2.033E-6
5.901E-6
4.012E-6
4.307E-6
3.259E-6
2.602E-6
3.364E-6
5.349E-6
3.045E-6
2.577E-6
3.178E-6
3.152E-6
2.255E-6
4.382E-6
2.397E-6
3.915E-6
4.237E-6
2.97E-6
2.956E-6
4.142E-6
3.536E-6
4.784E-6
2.24E-6
3.682E-6
4.15E-6
4.201E-6
3.33E-6
3.969E-6
4.08E-6
4.301E-6
4.328E-6
2.336E-6
6.134E-6
2.32E-6
3.643E-6
3.88E-6
3.658E-6
5.143E-6
3.374E-6
3.534E-6
2.679E-6
3.952E-6
3.78E-6
3.691E-6
5.383E-6
3.111E-6
4.465E-6
5.37E-6
4.627E-6
1.936E-6
4.842E-6
5.92E-6
5.833E-6
2.801E-6
1.897E-6
4.535E-6
3.667E-6
4.18E-6
2.401E-6
3.317E-6
2.704E-6
4.214E-6
3.882E-6
3.228E-6
3.015E-6
2.74E-6
2.054E-6
3.793E-6
1.92E-6
4.629E-6
1.808E-6
4.624E-6
4.452E-6
2.493E-6
3.49E-6
5.228E-6
1.836E-6
1.727E-6
3.193E-6
3.79E-6
3.518E-6
3.586E-6
3.904E-6
1.814E-6
4.222E-6
3.905E-6
4.793E-6
6.628E-6
4.888E-6
3.049E-6
4.598E-6
2.875E-6
4.144E-6
5.113E-6
2.78E-6
3.086E-6
4.806E-6
1.864E-6
2.177E-6
4.369E-6
1.967E-6
6.893E-6
3.824E-6
4.086E-6
4.757E-6
2.485E-6
5.413E-6
4.542E-6
1.832E-6
2.047E-6
3.726E-6
3.042E-6
2.717E-6
2.705E-6
2.168E-6
3.726E-6
4.491E-6
3.881E-6
2.399E-6
1.951E-6
2.789E-6
3.068E-6
2.55E-6
4.127E-6
4.054E-6
2.172E-6
1.794E-6
4.4E-6
5.432E-6
5.061E-6
1.692E-6
4.088E-6
3.119E-6
1.959E-6
6.331E-6
3.004E-6
2.484E-6
2.341E-6
4.272E-6
4.447E-6
9.974E-6
2.069E-6
2.619E-6
4.93E-6
4.174E-6
6.986E-6
4.994E-6
4.291E-6
4.022E-6
3.793E-6
2.472E-6
3.402E-6
1.794E-6
4.618E-6
1.884E-6
2.943E-6
4.5E-6
2.016E-6
3.79E-6
3.295E-6
9.828E-6
3.883E-6
2.517E-6
2.578E-6
5.29E-6
2.453E-6
6.086E-6
1.931E-6
2.092E-6
3.921E-6
2.921E-6
4.789E-6
3.729E-6
2.662E-6
2.003E-6
2.898E-6
2.647E-6
3.081E-6
2.409E-6
4.031E-6
3.918E-6
3.362E-6
3.314E-6
3.047E-6
1.948E-6
3.724E-6
2.216E-6
2.777E-6
1.706E-6
4.047E-6
4.004E-6
2.81E-6
1.765E-6
3.64E-6
3.719E-6
3.499E-6
3.321E-6
1.966E-6
3.191E-6
5.223E-6
3.155E-6
2.617E-6
3.882E-6
4.634E-6
3.335E-6
2.127E-6
3.767E-6
2.441E-6
1.911E-6
1.877E-6
1.786E-6
2.835E-6
1.683E-6
3.761E-6
1.85E-6
5.493E-6
2.232E-6
2.512E-6
4.012E-6
3.738E-6
4.307E-6
2.719E-6
2.414E-6
4.257E-6
2.192E-6
6.628E-6
4.972E-6
5.884E-6
3.059E-6
2.302E-6
4.15E-6
2.777E-6
5.656E-6
2.672E-6
5.403E-6
1.83E-6
2.046E-6
3.853E-6
3.208E-6
5.694E-6
2.271E-6
2.004E-6
1.966E-6
6.57E-6
4.712E-6
4.061E-6
1.908E-6
3.598E-6
2.125E-6
1.855E-6
5.273E-6
2.882E-6
2.443E-6
2.11E-6
2.25E-6
1.756E-6
6.456E-6
6.225E-6
2.305E-6
2.138E-6
3.392E-6
4.366E-6
3.72E-6
1.967E-6
2.584E-6
2.252E-6
2.751E-6
2.728E-6
1.885E-6
4.262E-6
2.682E-6
4.365E-6
2.171E-6
4.874E-6
1.648E-6
2.883E-6
4.499E-6
2.248E-6
2.8E-6
1.905E-6
2.798E-6
2.685E-6
1.959E-6
3.431E-6
1.74E-6
3.117E-6
6.026E-6
6.531E-6
3.834E-6
3.108E-6
3.799E-6
1.875E-6
2.304E-6
4.728E-6
3.068E-6
3.416E-6
2.008E-6
3.271E-6
2.016E-6
1.821E-6
5.34E-6
4.223E-6
1.805E-6
2.48E-6
5.32E-6
3.132E-6
4.05E-6
3.1E-6
2.283E-6
5.414E-6
3.742E-6
2.4E-6
5.321E-6
1.901E-6
4.729E-6
3.277E-6
2.142E-6
3.046E-6
2.126E-6
4.12E-6
1.981E-6
5.782E-6
6.742E-6
2.708E-6
4.39E-6
2.199E-6
4.041E-6
3.035E-6
5.366E-6
2.634E-6
1.97E-6
3.231E-6
2.963E-6
3.408E-6
4.814E-6
4.113E-6
2.2E-6
5.393E-6
5.491E-6
1.995E-6
3.748E-6
2.408E-6
2.031E-6
3.296E-6
3.991E-6
4.493E-6
1.0309E-5
3.849E-6
2.271E-6
4.657E-6
2.722E-6
4.665E-6
4.626E-6
3.222E-6
3.905E-6
4.133E-6
3.545E-6
1.906E-6
1.846E-6
4.127E-6
3.965E-6
4.485E-6
4.151E-6
2.562E-6
2.129E-6
5.354E-6
2.981E-6
2.6E-6
2.327E-6
1.775E-6
2.095E-6
4.196E-6
2.168E-6
4.156E-6
3.553E-6
4.343E-6
2.163E-6
2.725E-6
5.672E-6
4.246E-6
3.506E-6
3.312E-6
2.09E-6
4.588E-6
2.476E-6
3.892E-6
1.823E-6
4.238E-6
3.124E-6
5.223E-6
4.12E-6
2.814E-6
4.272E-6
1.2589E-5
1.84E-6
5.466E-6
2.701E-6
4.753E-6
2.588E-6
4.814E-6
3.245E-6
6.573E-6
2.079E-6
3.58E-6
4.532E-6
2.819E-6
2.546E-6
4.22E-6
3.493E-6
5.406E-6
3.749E-6
4.798E-6
4.314E-6
4.888E-6
1.757E-6
3.772E-6
4.545E-6
3.225E-6
2.052E-6
3.758E-6
4.585E-6
3.137E-6
2.601E-6
3.849E-6
3.312E-6
2.662E-6
5.219E-6
2.075E-6
3.806E-6
2.378E-6
2.211E-6
1.689E-6
2.973E-6
4.84E-6
3.801E-6
8.215E-6
1.93E-6
1.994E-6
6.314E-6
3.252E-6
4.099E-6
1.9E-6
2.697E-6
3.817E-6
5.349E-6
1.645E-6
3.1E-6
1.946E-6
3.832E-6
4.153E-6
1.825E-6
2.47E-6
4.578E-6
4.775E-6
3.162E-6
4.805E-6
2.023E-6
3.955E-6
2.756E-6
3.029E-6
2.003E-6
3.368E-6
1.87E-6
4.583E-6
6.376E-6
2.644E-6
3.357E-6
1.922E-6
4.94E-6
3.226E-6
1.579E-6
3.412E-6
4.48E-6
3.344E-6
2.125E-6
7.064E-6
3.92E-6
2.021E-6
2.35E-6
4.43E-6
1.701E-6
1.976E-6
4.787E-6
1.662E-6
4.835E-6
6.797E-6
3.682E-6
1.957E-6
4.18E-6
4.341E-6
5.42E-6
2.25E-6
2.524E-6
3.477E-6
4.02E-6
2.946E-6
3.054E-6
1.826E-6
3.421E-6
1.846E-6
1.84E-6
2.611E-6
3.884E-6
5.27E-6
6.335E-6
2.628E-6
3.017E-6
2.286E-6
2.354E-6
3.528E-6
3.642E-6
2.288E-6
3.468E-6
1.693E-6
4.093E-6
1.525E-6
5.514E-6
1.83E-6
3.037E-6
1.876E-6
3.356E-6
3.833E-6
3.895E-6
1.68E-6
3.601E-6
4.134E-6
1.763E-6
4.48E-6
3.682E-6
4.258E-6
5.721E-6
3.355E-6
2.856E-6
4.219E-6
2.256E-6
3.154E-6
2.642E-6
5.518E-6
3.92E-6
2.882E-6
4.525E-6
2.57E-6
4.264E-6
1.763E-6
4.508E-6
1.966E-6
2.883E-6
2.295E-6
3.752E-6
2.396E-6
2.067E-6
5.67E-6
1.736E-6
2.406E-6
2.111E-6
6.41E-6
4.162E-6
3.159E-6
4.062E-6
2.676E-6
2.833E-6
2.875E-6
1.607E-6
5.081E-6
4.466E-6
3.169E-6
5.63E-6
2.464E-6
3.009E-6
3.245E-6
4.501E-6
5.65E-6
5.161E-6
3.181E-6
3.816E-6
4.116E-6
4.012E-6
2.697E-6
1.896E-6
6.522E-6
3.732E-6
3.642E-6
3.297E-6
4.505E-6
3.428E-6
4.638E-6
2.562E-6
1.669E-6
3.797E-6
1.872E-6
3.972E-6
1.911E-6
2.967E-6
3.783E-6
1.54E-6
2.432E-6
5.065E-6
2.68E-6
1.981E-6
4.897E-6
1.886E-6
5.225E-6
3.152E-6
2.601E-6
6.484E-6
2.58E-6
2.652E-6
5.362E-6
4.963E-6
2.537E-6
3.345E-6
5.441E-6
7.149E-6
8.678E-6
3.209E-6
1.845E-6
3.424E-6
1.767E-6
1.936E-6
2.934E-6
4.997E-6
4.998E-6
2.505E-6
4.534E-6
2.063E-6
7.037E-6
2.043E-6
4.94E-6
5.847E-6
3.698E-6
5.783E-6
3.882E-6
3.003E-6
7.135E-6
2.725E-6
2.133E-6
2.609E-6
3.202E-6
1.941E-6
5.765E-6
3.969E-6
4.048E-6
1.69E-6
3.817E-6
3.189E-6
2.695E-6
1.996E-6
4.252E-6
1.729E-6
5.973E-6
2.746E-6
4.227E-6
6.107E-6
2.799E-6
1.8E-6
3.671E-6
3.864E-6
4.524E-6
2.466E-6
3.051E-6
1.687E-6
5.059E-6
3.514E-6
2.454E-6
2.025E-6
4.061E-6
2.74E-6
4.037E-6
5.541E-6
4.182E-6
4.025E-6
7.994E-6
2.692E-6
5.647E-6
2.129E-6
5.066E-6
3.144E-6
4.492E-6
1.911E-6
2.04E-6
2.151E-6
3.377E-6
4.911E-6
1.88E-6
1.988E-6
3.445E-6
3.496E-6
2.648E-6
2.417E-6
2.174E-6
2.657E-6
2.137E-6
5.607E-6
1.866E-6
3.689E-6
3.017E-6
3.989E-6
4.697E-6
1.928E-6
2.391E-6
5.731E-6
1.445E-6
3.49E-6
4.089E-6
6.176E-6
3.241E-6
3.619E-6
4.668E-6
2.891E-6
3.664E-6
3.774E-6
1.899E-6
3.934E-6
3.899E-6
2.576E-6
3.741E-6
6.897E-6
2.925E-6
1.953E-6
4.148E-6
2.601E-6
3.882E-6
6.326E-6
2.662E-6
1.956E-6
5.776E-6
2.173E-6
4.097E-6
1.856E-6
5.173E-6
1.924E-6
5.497E-6
3.875E-6
1.866E-6
1.643E-6
2.763E-6
3.939E-6
2.734E-6
1.784E-6
4.034E-6
5.77E-6
3.789E-6
2.272E-6
5.161E-6
1.943E-6
2.161E-6
3.878E-6
2.157E-6
5.612E-6
3.734E-6
3.181E-6
3.842E-6
2.927E-6
1.832E-6
3.679E-6
3.754E-6
2.537E-6
2.832E-6
1.721E-6
4.533E-6
2.714E-6
2.295E-6
7.295E-6
3.201E-6
2.0E-6
3.419E-6
3.55E-6
4.051E-6
2.122E-6
2.616E-6
2.849E-6
5.435E-6
1.967E-6
2.532E-6
1.963E-6
5.729E-6
1.999E-6
5.226E-6
4.746E-6
1.831E-6
2.496E-6
4.655E-6
4.281E-6
3.05E-6
3.582E-6
3.117E-6
3.041E-6
4.216E-6
4.24E-6
3.664E-6
2.501E-6
6.066E-6
2.234E-6
5.713E-6
1.667E-6
5.784E-6
4.762E-6
1.82E-6
3.4E-6
3.657E-6
4.446E-6
2.409E-6
2.97E-6
2.004E-6
5.392E-6
1.991E-6
4.942E-6
2.15E-6
9.41E-6
2.454E-6
3.534E-6
2.034E-6
5.334E-6
2.284E-6
2.885E-6
1.92E-6
4.463E-6
5.679E-6
1.966E-6
3.687E-6
3.988E-6
3.124E-6
2.872E-6
3.826E-6
3.886E-6
3.637E-6
3.513E-6
1.979E-6
2.918E-6
4.505E-6
1.922E-6
4.306E-6
1.816E-6
2.03E-6
4.051E-6
3.461E-6
2.309E-6
2.69E-6
3.171E-6
2.83E-6
2.04E-6
2.116E-6
6.056E-6
5.874E-6
5.745E-6
2.148E-6
3.128E-6
4.225E-6
2.693E-6
2.001E-6
3.528E-6
2.867E-6
2.115E-6
6.595E-6
2.23E-6
6.577E-6
2.42E-6
6.955E-6
1.765E-6
3.118E-6
2.068E-6
4.416E-6
1.74E-6
3.146E-6
3.7E-6
2.796E-6
1.935E-6
3.265E-6
3.925E-6
1.91E-6
4.329E-6
3.557E-6
4.108E-6
2.605E-6
5.033E-6
1.844E-6
6.03E-6
1.948E-6
2.293E-6
6.435E-6
3.719E-6
4.651E-6
5.402E-6
5.056E-6
4.565E-6
1.556E-6
1.731E-6
2.212E-6
2.479E-6
2.14E-6
2.306E-6
6.571E-6
3.833E-6
1.713E-6
4.149E-6
4.334E-6
3.883E-6
3.689E-6
4.628E-6
3.387E-6
3.67E-6
4.007E-6
2.501E-6
4.838E-6
3.241E-6
3.904E-6
1.782E-6
2.943E-6
2.223E-6
7.136E-6
2.23E-6
4.026E-6
5.943E-6
2.152E-6
4.717E-6
1.744E-6
2.814E-6
3.244E-6
1.811E-6
5.134E-6
5.592E-6
3.409E-6
1.872E-6
4.068E-6
4.076E-6
5.672E-6
2.148E-6
3.495E-6
2.023E-6
2.571E-6
3.836E-6
3.765E-6
3.217E-6
2.037E-6
2.963E-6
4.3081E-5
2.921E-6
2.152E-6
3.44E-6
7.404E-6
5.004E-6
1.805E-6
2.541E-6
5.282E-6
7.159E-6
1.781E-6
4.22E-6
4.916E-6
3.915E-6
4.719E-6
2.318E-6
5.318E-6
3.229E-6
5.192E-6
4.377E-6
2.433E-6
2.689E-6
1.922E-6
4.315E-6
3.579E-6
2.481E-6
4.1E-6
3.541E-6
3.481E-6
2.991E-6
1.733E-6
2.087E-6
2.986E-6
3.548E-6
5.48E-6
3.537E-6
4.516E-6
3.82E-6
4.283E-6
3.119E-6
4.533E-6
4.978E-6
6.817E-6
2.72E-6
2.001E-6
3.225E-6
4.028E-6
4.793E-6
5.094E-6
2.383E-6
3.811E-6
3.5E-6
4.766E-6
2.653E-6
2.212E-6
1.824E-6
5.586E-6
2.634E-6
3.03E-6
2.308E-6
1.0788E-5
6.621E-6
3.047E-6
2.121E-6
3.099E-6
2.857E-6
1.874E-6
3.757E-6
1.918E-6
4.186E-6
3.611E-6
2.226E-6
1.901E-6
3.327E-6
3.605E-6
4.997E-6
5.768E-6
4.659E-6
2.57E-6
1.949E-6
3.388E-6
4.213E-6
4.264E-6
2.157E-6
5.983E-6
3.974E-6
2.95E-6
8.223E-6
5.238E-6
2.987E-6
2.044E-6
6.092E-6
4.207E-6
5.122E-6
1.949E-6
1.821E-6
2.344E-6
3.746E-6
1.722E-6
2.193E-6
4.654E-6
2.093E-6
5.98E-6
2.938E-6
4.298E-6
2.858E-6
2.317E-6
2.565E-6
3.889E-6
3.404E-6
2.678E-6
3.736E-6
2.803E-6
4.652E-6
3.352E-6
4.177E-6
2.334E-6
4.697E-6
5.052E-6
4.702E-6
2.131E-6
3.346E-6
3.736E-6
2.144E-6
4.312E-6
5.973E-6
3.246E-6
3.82E-6
4.308E-6
1.895E-6
5.707E-6
5.29E-6
2.841E-6
3.681E-6
3.22E-6
2.283E-6
4.18E-6
1.85E-6
4.435E-6
1.917E-6
5.082E-6
2.901E-6
2.432E-6
4.109E-6
3.336E-6
2.05E-6
3.717E-6
6.098E-6
5.654E-6
1.973E-6
3.807E-6
7.182E-6
2.646E-6
3.95E-6
3.053E-6
2.629E-6
5.05E-6
6.344E-6
4.531E-6
2.451E-6
3.879E-6
3.948E-6
6.004E-6
1.91E-6
1.741E-6
3.096E-6
3.818E-6
3.265E-6
1.983E-6
6.852E-6
3.287E-6
3.291E-6
1.896E-6
2.306E-6
5.805E-6
4.131E-6
3.971E-6
1.767E-6
4.746E-6
4.153E-6
2.089E-6
4.358E-6
2.768E-6
2.998E-6
4.284E-6
3.356E-6
1.926E-6
1.0462E-5
5.485E-6
2.345E-6
3.061E-6
8.197E-6
2.929E-6
6.302E-6
6.921E-6
5.524E-6
1.928E-6
2.57E-6
1.7195E-5
4.722E-6
3.034E-6
3.484E-6
2.378E-6
5.797E-6
3.636E-6
5.391E-6
9.388E-6
3.969E-6
5.295E-6
2.355E-6
4.507E-6
3.613E-6
4.853E-6
2.084E-6
4.646E-6
7.774E-6
2.827E-6
6.785E-6
3.539E-6
4.046E-6
2.036E-6
5.673E-6
5.566E-6
2.368E-6
7.224E-6
9.066E-6
5.7E-6
3.287E-6
2.803E-6
3.38E-6
2.18E-6
2.739E-6
3.487E-6
2.369E-6
3.042E-6
6.246E-6
6.036E-6
6.5E-6
2.978E-6
2.771E-6
2.448E-6
5.479E-6
2.289E-6
5.276E-6
5.793E-6
2.918E-6
8.122E-6
3.703E-6
5.581E-6
2.97E-6
4.586E-6
5.451E-6
6.751E-6
6.496E-6
4.468E-6
3.887E-6
6.053E-6
2.241E-6
5.286E-6
6.024E-6
2.076E-6
4.575E-6
2.245E-6
4.078E-6
2.508E-6
4.337E-6
3.758E-6
4.316E-6
4.091E-6
3.835E-6
3.786E-6
2.833E-6
5.739E-6
4.481E-6
2.88E-6
4.73E-6
1.901E-6
2.788E-6
5.532E-6
3.471E-6
1.968E-6
5.113E-6
4.83E-6
2.047E-6
2.824E-6
8.083E-6
5.991E-6
2.342E-6
1.815E-6
5.571E-6
4.416E-6
5.621E-6
6.404E-6
4.048E-6
2.204E-6
4.071E-6
2.388E-6
6.189E-6
4.448E-6
2.67703E-4
3.844E-6
7.54E-6
3.513E-6
4.091E-6
3.247E-6
3.756E-6
5.584E-6
3.894E-6
3.851E-6
2.006E-6
4.983E-6
3.242E-6
3.559E-6
6.059E-6
5.164E-6
4.033E-6
3.88E-6
3.082E-6
4.013E-6
7.157E-6
1.965E-6
2.911E-6
3.97E-6
8.402E-6
1.1964E-5
2.207E-6
5.216E-6
3.533E-6
3.404E-6
4.476E-6
1.845E-6
4.88E-6
2.318E-6
3.769E-6
3.345E-6
4.572E-6
4.115E-6
4.827E-6
2.508E-6
4.576E-6
5.37E-6
1.631E-6
5.189E-6
2.512E-6
3.997E-6
2.108E-6
7.158E-6
2.183E-6
4.679E-6
2.813E-6
5.272E-6
2.582E-6
4.044E-6
2.933E-6
2.171E-6
4.892E-6
2.582E-6
6.701E-6
1.786E-6
3.661E-6
2.214E-6
2.499E-6
1.82E-6
2.549E-6
1.466E-6
3.19E-6
6.417E-6
2.728E-6
3.381E-6
6.688E-6
2.622E-6
4.131E-6
3.711E-6
5.78E-6
1.736E-6
7.545E-6
1.981E-6
2.221E-6
6.114E-6
4.829E-6
1.542E-6
4.232E-6
2.669E-6
2.51E-6
5.986E-6
3.858E-6
5.029E-6
2.548E-6
3.775E-6
2.745E-6
5.072E-6
6.671E-6
2.276E-6
1.759E-6
4.234E-6
2.297E-6
2.202E-6
2.336E-6
5.517E-6
2.084E-6
1.833E-6
3.016E-6
2.145E-6
1.94E-6
2.137E-6
4.958E-6
4.428E-6
8.141E-6
6.154E-6
4.468E-6
1.812E-6
5.397E-6
2.19E-6
7.521E-6
2.101E-6
1.834E-6
3.156E-6
2.147E-6
4.05E-6
1.99E-6
1.717E-6
4.269E-6
3.164E-6
4.69E-6
2.464E-6
4.591E-6
3.874E-6
3.689E-6
1.789E-6
5.009E-6
3.288E-6
4.941E-6
5.145E-6
1.894E-6
2.631E-6
4.784E-6
2.247E-6
2.686E-6
7.147E-6
4.064E-6
5.13E-6
5.128E-6
5.686E-6
3.662E-6
1.907E-6
4.886E-6
2.062E-6
2.368E-6
2.729E-6
2.359E-6
9.076E-6
5.301E-6
3.689E-6
6.803E-6
4.382E-6
3.335E-6
5.773E-6
1.637E-6
6.887E-6
2.056E-6
8.237E-6
2.712E-6
2.141E-6
5.451E-6
9.531E-6
3.771E-6
2.963E-6
4.308E-6
3.127E-6
1.69E-6
7.324E-6
1.668E-6
4.64E-6
6.573E-6
1.719E-6
2.07E-6
2.387E-6
3.393E-6
3.205E-6
4.903E-6
2.65E-6
4.443E-6
3.601E-6
5.284E-6
2.264E-6
2.702E-6
5.19E-6
3.534E-6
5.347E-6
5.007E-6
4.47E-6
1.969E-6
3.284E-6
2.026E-6
3.872E-6
2.249E-6
2.885E-6
2.982E-6
1.906E-6
5.245E-6
2.927E-6
6.848E-6
2.369E-6
2.674E-6
4.765E-6
3.467E-6
3.86E-6
6.52E-6
2.092E-6
2.89E-6
3.227E-6
3.81E-6
2.493E-6
4.835E-6
7.555E-6
2.718E-6
2.407E-6
4.345E-6
2.878E-6
4.738E-6
3.259E-6
1.959E-6
5.285E-6
1.852E-6
5.001E-6
3.752E-6
1.923E-6
3.311E-6
2.952E-6
5.253E-6
1.995E-6
2.807E-6
2.126E-6
5.437E-6
7.40295E-4
5.559E-6
4.152E-6
3.7E-6
4.679E-6
5.579E-6
7.016E-6
5.792E-6
6.664E-6
2.349E-6
3.017E-6
4.581E-6
3.397E-6
6.696E-6
2.126E-6
2.173E-6
1.991E-6
4.642E-6
2.825E-6
3.211E-6
5.922E-6
2.246E-6
1.635E-6
5.378E-6
1.685E-6
2.421E-6
5.105E-6
3.932E-6
4.697E-6
3.11E-6
4.122E-6
3.492E-6
7.211E-6
1.98E-6
1.722E-6
5.039E-6
2.139E-6
5.035E-6
2.48E-6
5.846E-6
1.814E-6
5.292E-6
3.439E-6
4.69E-6
2.055E-6
1.68E-6
7.973E-6
1.955E-5
2.984E-6
5.129E-6
4.697E-6
1.917E-6
4.365E-6
3.99E-6
6.178E-6
2.602E-6
3.71E-6
2.21E-6
5.807E-6
2.277E-6
3.699E-6
5.922E-6
3.777E-6
3.787E-6
5.855E-6
2.264E-6
6.27E-6
4.582E-6
3.549E-6
3.87E-6
5.041E-6
5.396E-6
4.383E-6
4.352E-6
6.249E-6
6.318E-6
4.751E-6
3.197E-6
1.922E-6
5.617E-6
2.008E-6
6.241E-6
4.627E-6
2.639E-6
2.165E-6
5.028E-6
1.894E-6
4.441E-6
2.127E-6
1.026E-5
4.888E-6
2.949E-6
2.775E-6
5.695E-6
1.954E-6
5.104E-6
5.907E-6
4.764E-6
3.886E-6
3.724E-6
7.502E-6
1.977E-6
6.471E-6
4.17E-6
2.614E-6
3.717E-6
4.254E-6
4.592E-6
2.384E-6
1.825E-6
5.595E-6
2.798E-6
4.794E-6
2.571E-6
3.952E-6
4.707E-6
2.142E-6
4.174E-6
2.912E-6
2.951E-6
4.553E-6
2.103E-6
4.622E-6
2.227E-6
4.726E-6
4.604E-6
4.305E-6
5.486E-6
1.867E-6
4.293E-6
3.161E-6
1.719E-6
5.824E-6
3.035E-6
2.39E-6
2.103E-6
3.238E-6
4.701E-6
6.756E-6
2.696E-6
2.414E-6
4.259E-6
5.225E-6
4.038E-6
5.271E-6
2.696E-6
4.51E-6
1.811E-6
2.108E-6
4.413E-6
1.899E-6
6.322E-6
5.169E-6
1.774E-6
1.995E-6
5.692E-6
2.725E-6
1.874E-6
4.073E-6
2.971E-6
1.934E-6
2.638E-6
3.407E-6
3.912E-6
1.873E-6
2.965E-6
2.613E-6
5.103E-6
6.425E-6
2.713E-6
4.56E-6
3.66E-6
3.558E-6
1.882E-6
4.914E-6
3.479E-6
1.754E-6
7.209E-6
1.863E-6
2.237E-6
4.761E-6
4.748E-6
5.009E-6
4.179E-6
2.12E-6
3.915E-6
4.971E-6
3.564E-6
4.609E-6
2.103E-6
4.19E-6
3.484E-6
2.957E-6
5.187E-6
3.636E-6
4.249E-6
3.692E-6
6.494E-6
2.104E-6
5.925E-6
1.869E-6
3.15E-6
4.174E-6
5.132E-6
2.387E-6
2.374E-6
2.57E-6
2.956E-6
1.968E-6
4.613E-6
4.204E-6
4.29E-6
4.129E-6
3.611E-6
4.405E-6
4.075E-6
2.075E-6
6.91E-6
1.922E-6
3.995E-6
3.676E-6
2.671E-6
2.484E-6
2.114E-6
4.518E-6
4.34E-6
1.686E-6
3.646E-6
2.85E-6
3.981E-6
4.937E-6
2.552E-6
4.571E-6
3.972E-6
3.388E-6
2.625E-6
4.443E-6
3.77E-6
7.754E-6
6.616E-6
1.791E-6
4.3E-6
4.198E-6
1.766E-6
6.451E-6
4.493E-6
3.726E-6
2.412E-6
6.44E-6
6.566E-6
2.995E-6
3.827E-6
5.63E-6
1.84E-6
7.386E-6
3.757E-6
5.964E-6
1.877E-6
4.206E-6
5.415E-6
2.416E-6
6.828E-6
2.057E-6
2.183E-6
6.059E-6
1.809E-6
3.837E-6
4.065E-6
6.325E-6
3.021E-6
2.727E-6
3.506E-6
5.411E-6
2.829E-6
1.942E-6
3.173E-6
2.26E-6
5.431E-6
4.322E-6
2.551E-6
3.528E-6
5.817E-6
1.898E-6
6.578E-6
1.857E-6
4.449E-6
3.239E-6
2.139E-6
6.439E-6
3.791E-6
4.487E-6
3.516E-6
2.245E-6
4.847E-6
4.551E-6
4.285E-6
2.195E-6
6.732E-6
4.079E-6
3.357E-6
2.463E-6
1.967E-6
3.724E-6
4.172E-6
4.373E-6
5.25E-6
4.376E-6
3.668E-6
4.275E-6
4.01E-6
3.52E-6
5.448E-6
2.368E-6
3.808E-6
4.02E-6
3.772E-6
3.951E-6
5.22E-6
3.794E-6
3.449E-6
3.554E-6
2.221E-6
2.092E-6
4.136E-6
4.924E-6
2.091E-6
4.509E-6
2.371E-6
4.111E-6
5.372E-6
2.207E-6
4.234E-6
5.019E-6
3.461E-6
3.327E-6
6.157E-6
1.756E-6
2.141E-6
4.23E-6
3.337E-6
2.622E-6
9.657E-6
5.0E-6
4.62E-6
1.94E-6
2.898E-6
5.73E-6
3.537E-6
1.761E-6
3.875E-6
2.156E-6
2.29E-6
3.822E-6
4.882E-6
3.109E-6
2.147E-6
5.965E-6
3.736E-6
1.895E-6
4.597E-6
1.88E-6
3.464E-6
2.831E-6
2.984E-6
5.223E-6
2.194E-6
1.958E-6
5.323E-6
1.893E-6
2.034E-6
2.046E-6
3.339E-6
3.456E-6
1.809E-6
3.919E-6
1.925E-6
3.932E-6
1.933E-6
2.192E-6
5.681E-6
6.436E-6
2.045E-6
1.971E-6
4.04E-6
4.127E-6
4.157E-6
1.969E-6
2.406E-6
2.356E-6
5.119E-6
2.045E-6
5.892E-6
3.599E-6
3.769E-6
3.608E-6
1.905E-6
2.422E-6
3.734E-6
3.089E-6
2.764E-6
2.238E-6
3.958E-6
3.408E-6
2.518E-6
2.622E-6
3.979E-6
4.558E-6
1.953E-6
4.399E-6
1.915E-6
2.649E-6
2.023E-6
4.226E-6
2.037E-6
2.649E-6
3.586E-6
1.728E-6
2.227E-6
3.577E-6
5.412E-6
1.565E-6
2.343E-6
4.391E-6
2.432E-6
5.361E-6
4.571E-6
2.898E-6
3.956E-6
4.596E-6
1.977E-6
3.242E-6
2.848E-6
2.029E-6
2.719E-6
4.755E-6
4.296E-6
2.823E-6
3.572E-6
2.53E-6
5.748E-6
3.578E-6
4.531E-6
5.078E-6
2.053E-6
4.182E-6
1.852E-6
3.508E-6
2.759E-6
4.791E-6
2.295E-6
3.38E-6
5.388E-6
1.745E-6
7.001E-6
3.558E-6
2.903E-6
4.522E-6
3.607E-6
5.607E-6
1.946E-6
4.314E-6
1.763E-6
2.087E-6
1.543E-6
2.783E-6
4.304E-6
4.942E-6
2.671E-6
4.539E-6
1.937E-6
3.169E-6
1.946E-6
6.013E-6
4.206E-6
2.133E-6
5.625E-6
4.339E-6
1.845E-6
1.872E-6
5.092E-6
3.091E-6
2.472E-6
5.834E-6
4.416E-6
6.632E-6
2.045E-6
5.966E-6
3.072E-6
4.143E-6
4.557E-6
1.891E-6
3.98E-6
3.334E-6
2.329E-6
7.104E-6
5.699E-6
3.49E-6
3.328E-6
1.971E-6
4.198E-6
4.596E-6
3.032E-6
1.772E-6
3.819E-6
1.758E-6
4.171E-6
3.58E-6
1.742E-6
3.703E-6
2.071E-6
8.113E-6
5.037E-6
4.734E-6
4.297E-6
3.388E-6
2.035E-6
2.87E-6
2.197E-6
5.404E-6
1.779E-6
5.436E-6
1.99E-6
2.879E-6
6.428E-6
3.889E-6
4.188E-6
1.81E-6
3.086E-6
3.472E-6
2.295E-6
5.486E-6
4.497E-6
3.6E-6
4.3E-6
4.689E-6
4.299E-6
3.792E-6
2.618E-6
2.047E-6
2.781E-6
1.741E-6
4.146E-6
2.381E-6
3.831E-6
2.671E-6
1.878E-6
3.54E-6
3.133E-6
2.276E-6
1.421E-6
3.549E-6
2.053E-6
3.01E-6
3.218E-6
3.017E-6
2.852E-6
1.68E-6
4.696E-6
3.645E-6
4.148E-6
1.558E-6
4.476E-6
5.523E-6
3.791E-6
3.351E-6
2.128E-6
3.784E-6
4.633E-6
1.814E-6
2.514E-6
4.334E-6
4.767E-6
4.5E-6
4.02E-6
4.863E-6
2.804E-6
1.835E-6
3.169E-6
1.666E-6
4.454E-6
3.818E-6
4.327E-6
3.805E-6
4.129E-6
4.456E-6
4.124E-6
3.777E-6
3.906E-6
1.711E-6
2.103E-6
5.528E-6
4.106E-6
2.971E-6
4.141E-6
2.768E-6
2.455E-6
4.953E-6
1.764E-6
2.192E-6
3.789E-6
2.674E-6
5.482E-6
1.949E-6
2.129E-6
5.335E-6
2.033E-6
2.858E-6
4.885E-6
1.999E-6
3.584E-6
2.055E-6
1.935E-6
3.752E-6
3.535E-6
3.589E-6
2.368E-6
2.496E-6
3.943E-6
4.131E-6
2.758E-6
2.311E-6
4.301E-6
4.995E-6
1.848E-6
3.209E-6
5.889E-6
3.13E-6
3.699E-6
2.458E-6
2.742E-6
2.469E-6
3.518E-6
1.875E-6
3.355E-6
4.049E-6
4.141E-6
2.584E-6
6.787E-6
4.765E-6
2.726E-6
2.839E-6
1.857E-6
6.513E-6
1.811E-6
2.717E-6
1.911E-6
2.774E-6
5.967E-6
1.798E-6
2.49E-6
3.073E-6
1.811E-6
4.239E-6
4.383E-6
1.706E-6
3.639E-6
3.882E-6
4.466E-6
2.61E-6
4.529E-6
3.246E-6
3.531E-6
3.338E-6
2.495E-6
3.857E-6
4.321E-6
5.31E-6
3.575E-6
4.139E-6
1.735E-6
2.065E-6
3.543E-6
5.064E-6
1.715E-6
1.465E-6
2.725E-6
5.551E-6
3.487E-6
2.017E-6
3.292E-6
3.444E-6
1.541E-6
4.722E-6
4.318E-6
1.932E-6
2.845E-6
2.604E-6
2.827E-6
5.519E-6
1.782E-6
4.72E-6
2.391E-6
2.005E-6
2.199E-6
1.676E-6
3.583E-6
3.302E-6
1.931E-6
5.192E-6
2.346E-6
2.433E-6
3.661E-6
2.837E-6
4.622E-6
2.931E-6
2.332E-6
6.173E-6
2.121E-6
2.531E-6
2.464E-6
1.0493E-5
4.952E-6
2.07E-6
3.822E-6
2.085E-6
2.927E-6
5.355E-6
3.435E-6
3.965E-6
1.921E-6
5.015E-6
5.707E-6
4.387E-6
4.836E-6
2.212E-6
4.444E-6
3.018E-6
2.019E-6
1.891E-6
2.299E-6
3.772E-6
6.817E-6
1.816E-6
3.811E-6
4.086E-6
2.057E-6
4.289E-6
2.028E-6
5.784E-6
1.813E-6
2.168E-6
5.134E-6
3.514E-6
4.649E-6
2.206E-6
1.905E-6
1.812E-6
4.148E-6
2.243E-6
2.755E-6
6.076E-6
2.499E-6
2.071E-6
5.481E-6
2.249E-6
4.325E-6
3.99E-6
1.979E-6
3.835E-6
6.939E-6
3.289E-6
4.306E-6
1.999E-6
2.454E-6
1.885E-6
3.813E-6
2.514E-6
4.783E-6
3.28E-6
3.617E-6
2.76E-6
2.567E-6
2.678E-6
3.25E-6
1.815E-6
5.657E-6
7.852E-6
5.184E-6
1.569E-6
2.6E-6
2.388E-6
1.757E-6
5.858E-6
1.867E-6
4.474E-6
1.582E-6
4.816E-6
3.369E-6
2.496E-6
3.865E-6
1.753E-6
4.28E-6
1.627E-6
2.597E-6
2.719E-6
3.798E-6
1.766E-6
2.072E-6
5.053E-6
3.735E-6
4.816E-6
2.87E-6
1.913E-6
3.816E-6
4.568E-6
2.362E-6
3.599E-6
4.61E-6
4.354E-6
3.899E-6
2.718E-6
2.184E-6
5.245E-6
3.385E-6
2.053E-6
1.753E-6
2.67E-6
3.407E-6
3.367E-6
5.572E-6
5.055E-6
2.849E-6
3.693E-6
2.709E-6
2.818E-6
4.768E-6
4.993E-6
2.934E-6
3.333E-6
3.916E-6
2.2E-6
3.43E-6
1.948E-6
2.657E-6
4.689E-6
2.521E-6
2.069E-6
4.876E-6
2.047E-6
1.964E-6
2.189E-6
6.364E-6
1.914E-6
4.455E-6
2.196E-6
2.629E-6
5.002E-6
2.589E-6
4.056E-6
2.779E-6
2.274E-6
4.888E-6
2.429E-6
2.742E-6
1.985E-6
2.173E-6
3.912E-6
4.557E-6
3.536E-6
2.531E-6
2.69E-6
2.399E-6
2.549E-6
4.301E-6
3.893E-6
4.686E-6
2.331E-6
2.37E-6
5.835E-6
4.498E-6
1.712E-6
5.616E-6
2.157E-6
3.942E-6
3.836E-6
3.798E-6
4.363E-6
2.364E-6
1.802E-6
4.369E-6
3.54E-6
4.408E-6
2.363E-6
4.463E-6
3.352E-6
4.986E-6
4.678E-6
2.294E-6
4.874E-6
1.775E-6
5.457E-6
2.472E-6
5.633E-6
3.314E-6
6.691E-6
4.71E-6
1.879E-6
2.193E-6
6.115E-6
5.276E-6
2.488E-6
4.991E-6
4.195E-6
5.263E-6
3.398E-6
2.409E-6
3.785E-6
1.778E-6
4.85E-6
4.922E-6
1.875E-6
3.359E-6
2.078E-6
4.878E-6
1.836E-6
4.978E-6
2.165E-6
4.378E-6
3.517E-6
2.124E-6
3.8E-6
2.373E-6
3.574E-6
1.921E-6
3.622E-6
3.485E-6
5.539E-6
3.996E-6
5.168E-6
4.676E-6
3.042E-6
4.934E-6
2.082E-6
4.44E-6
3.24E-6
3.521E-6
3.347E-6
2.008E-6
1.983E-6
3.558E-6
3.877E-6
4.873E-6
3.74E-6
2.7E-6
4.228E-6
5.926E-6
2.628E-6
2.001E-6
2.957E-6
1.903E-6
5.316E-6
4.684E-6
2.327E-6
4.251E-6
2.817E-6
2.857E-6
1.964E-6
3.925E-6
3.393E-6
3.208E-6
2.893E-6
4.551E-6
4.868E-6
3.283E-6
5.005E-6
3.081E-6
3.025E-6
5.957E-6
4.42E-6
4.223E-6
4.591E-6
3.233E-6
5.65E-6
8.45E-6
2.878E-6
5.545E-6
5.288E-6
1.953E-6
6.389E-6
3.006E-6
3.38E-6
3.12E-6
4.451E-6
5.39E-6
3.688E-6
2.867E-6
2.605E-6
3.662E-6
3.713E-6
2.505E-6
4.152E-6
4.059E-6
2.377E-6
3.76E-6
2.44E-6
3.573E-6
2.529E-6
4.029E-6
2.102E-6
2.628E-6
1.647E-6
5.815E-6
5.428E-6
3.607E-6
3.938E-6
2.692E-6
6.091E-6
4.801E-6
4.518E-6
1.993E-6
2.83E-6
5.212E-6
2.341E-6
5.144E-6
4.945E-6
1.982E-6
1.854E-6
9.073E-6
1.925E-6
5.567E-6
2.271E-6
4.17E-6
2.01E-6
3.885E-6
4.908E-6
3.808E-6
2.927E-6
4.391E-6
2.637E-6
2.13E-6
4.668E-6
1.885E-6
5.761E-6
2.064E-6
6.5E-6
1.971E-6
4.251E-6
8.16E-6
4.489E-6
2.152E-6
4.452E-6
1.906E-6
3.753E-6
2.658E-6
6.148E-6
2.276E-6
3.51E-6
2.347E-6
6.45E-6
4.043E-6
3.401E-6
2.105E-6
2.709E-6
5.88E-6
2.278E-6
2.482E-6
4.763E-6
7.311E-6
5.012E-6
4.338E-6
2.217E-6
5.757E-6
2.058E-6
4.08E-6
2.216E-6
2.166E-6
5.473E-6
2.374E-6
2.203E-6
5.099E-6
3.832E-6
3.839E-6
2.065E-6
4.451E-6
3.579E-6
3.343E-6
4.07E-6
3.243E-6
2.175E-6
2.3E-6
2.404E-6
5.102E-6
2.828E-6
4.302E-6
1.718E-6
5.787E-6
4.49E-6
4.047E-6
4.492E-6
2.874E-6
2.022E-6
3.927E-6
2.56E-6
3.556E-6
2.692E-6
2.153E-6
2.749E-6
3.796E-6
2.972E-6
7.548E-6
2.606E-6
2.053E-6
2.691E-6
5.925E-6
1.772E-6
5.421E-6
1.617E-6
4.808E-6
3.576E-6
1.85E-6
5.461E-6
4.039E-6
6.264E-6
2.414E-6
4.274E-6
2.004E-6
6.047E-6
4.045E-6
3.828E-6
3.429E-6
4.032E-6
2.038E-6
3.812E-6
4.541E-6
2.318E-6
2.145E-6
5.413E-6
2.538E-6
4.821E-6
4.353E-6
2.365E-6
4.901E-6
2.688E-6
2.547E-6
3.773E-6
4.049E-6
2.052E-6
5.191E-6
6.454E-6
3.743E-6
3.662E-6
2.103E-6
4.309E-6
5.06E-6
7.115E-6
2.194E-6
3.956E-6
5.188E-6
2.205E-6
5.319E-6
4.766E-6
3.838E-6
4.418E-6
4.195E-6
3.162E-6
2.108E-6
5.279E-6
5.647E-6
2.298E-6
4.613E-6
2.048E-6
4.277E-6
3.876E-6
9.095E-6
2.937E-6
2.825E-6
5.324E-6
2.022E-6
9.19E-6
3.692E-6
3.739E-6
4.315E-6
2.742E-6
4.004E-6
5.028E-6
4.677E-6
2.116E-6
4.073E-6
3.911E-6
3.757E-6
4.267E-6
3.806E-6
4.023E-6
3.437E-6
5.948E-6
2.008E-6
5.667E-6
2.114E-6
3.634E-6
5.04E-6
3.404E-6
4.341E-6
6.134E-6
2.15E-6
8.386E-6
1.755E-6
2.925E-6
5.286E-6
2.08E-6
3.495E-6
2.276E-6
4.284E-6
1.871E-6
1.984E-6
5.515E-6
5.429E-6
5.204E-6
1.991E-6
4.91E-6
2.037E-6
2.425E-6
4.011E-6
1.814E-6
4.084E-6
1.787E-6
6.19E-6
2.812E-6
4.778E-6
3.705E-6
4.226E-6
2.647E-6
2.678E-6
3.574E-6
1.961E-6
3.793E-6
3.862E-6
2.594E-6
4.104E-6
3.917E-6
2.851E-6
5.128E-6
4.02E-6
2.648E-6
3.48E-6
5.071E-6
3.385E-6
4.288E-6
2.1E-6
3.375E-6
3.494E-6
2.936E-6
1.73E-6
2.162E-6
5.229E-6
1.805E-6
5.004E-6
4.708E-6
2.799E-6
2.565E-6
2.249E-6
