7.853E-6
1.81E-6
1.679E-6
2.146E-6
1.781E-6
2.9666E-5
2.701E-6
6.454E-6
2.73E-6
2.161E-6
1.8E-6
2.188E-6
6.008E-6
2.358E-6
5.461E-6
2.718E-6
1.958E-6
4.902E-6
2.13E-6
1.943E-6
2.535E-6
2.161E-6
2.338E-6
1.708E-6
2.143E-6
5.495E-6
1.851E-6
2.162E-6
1.717E-6
1.643E-6
5.84E-6
5.622E-6
2.488E-6
2.751E-6
2.015E-6
2.529E-6
1.934E-6
4.002E-6
2.676E-6
1.894E-6
2.062E-6
3.002E-6
2.224E-6
3.139E-6
2.901E-6
6.41E-6
2.337E-6
5.584E-6
5.163E-6
5.513E-6
2.256E-6
5.298E-6
1.819E-6
2.174E-6
6.94E-6
1.984E-6
6.101E-6
2.51E-6
6.118E-6
6.328E-6
2.824E-6
1.91E-6
5.773E-6
6.225E-6
2.231E-6
1.797E-6
3.08E-6
6.063E-6
4.896E-6
3.17E-6
6.082E-6
2.092E-6
6.417E-6
5.418E-6
3.122E-6
6.266E-6
3.368E-6
2.746E-6
2.039E-6
6.691E-6
2.987E-6
2.499E-6
2.969E-6
2.317E-6
2.346E-6
2.081E-6
1.521E-6
3.211E-6
5.814E-6
2.325E-6
1.712E-6
3.095E-6
3.057E-6
5.536E-6
9.363E-6
2.249E-6
9.806E-6
1.971E-6
3.769E-6
5.777E-6
2.183E-6
1.0659E-5
3.129E-6
2.661E-6
5.363E-6
2.3091E-5
7.701E-6
4.408E-6
5.106E-6
3.953E-6
3.315E-6
3.044E-6
2.424E-6
3.235E-6
2.896E-6
2.007E-6
3.878E-6
3.305E-6
3.071E-6
3.499E-6
3.031E-6
1.1831E-5
6.841E-6
3.804E-6
9.319E-6
8.826E-6
2.921E-6
6.039E-6
1.0039E-5
8.114E-6
3.566E-6
2.619E-6
2.03E-6
2.42E-6
3.254E-6
3.3118E-5
3.757E-6
8.255E-6
7.682E-6
4.106E-6
3.248E-6
2.317E-6
2.174E-6
3.608E-6
2.329E-6
7.361E-6
6.963E-6
4.073E-6
2.852E-6
6.896E-6
3.577E-6
7.447E-6
7.977E-6
3.483E-6
2.168E-6
2.619E-6
2.734E-6
3.317E-6
2.12E-6
2.18E-6
2.9957E-5
3.184E-6
2.64E-6
2.798E-6
4.124E-6
3.717E-6
2.302E-6
3.794E-6
3.016E-6
2.014E-6
2.476E-6
7.876E-6
4.051E-6
2.777E-6
7.928E-6
2.826E-6
3.481E-6
7.875E-6
2.862E-6
7.638E-6
2.903E-6
6.542E-6
4.081E-6
4.465E-6
2.642E-6
2.246E-6
7.293E-6
3.814E-6
2.181E-6
5.93E-6
2.418E-6
3.11E-6
2.579E-6
2.201E-6
3.334E-6
1.971E-6
2.115E-6
3.849E-6
7.195E-6
2.66E-6
7.024E-6
2.816E-6
2.377E-6
8.705E-6
6.67E-6
2.785E-6
4.155E-6
3.644E-6
3.554E-6
7.819E-6
4.296E-6
2.872E-6
4.056E-6
7.39E-6
4.492E-6
6.629E-6
4.098E-6
6.563E-6
3.572E-6
3.888E-6
2.205E-6
3.087E-6
2.593E-6
7.762E-6
4.733E-6
4.215E-6
7.445E-6
3.635E-6
3.444E-6
1.909E-6
4.081E-6
3.83E-6
3.562E-6
7.355E-6
1.908E-6
7.212E-6
4.143E-6
7.055E-6
3.595E-6
2.523E-6
4.058E-6
7.132E-6
3.64E-6
2.095E-6
2.566E-6
2.611E-6
3.911E-6
3.629E-6
6.554E-6
2.596E-6
7.262E-6
1.924E-6
2.191E-6
8.226E-6
4.14E-6
6.735E-6
4.988E-6
2.42E-6
2.583E-6
4.625E-6
4.884E-6
3.031E-6
5.516E-6
4.068E-6
2.341E-6
2.845E-6
6.274E-6
8.134E-6
3.647E-6
2.958E-6
4.138E-6
8.113E-6
2.673E-6
2.483E-6
3.436E-6
2.378E-6
2.585E-6
4.183E-6
3.501E-6
3.774E-6
2.694E-6
8.262E-6
3.467E-6
7.751E-6
5.794E-6
4.723E-6
3.369E-6
4.456E-6
3.16E-6
3.421E-6
3.445E-6
7.967E-6
2.553E-6
3.575E-6
1.98E-6
3.099E-6
3.594E-6
3.516E-6
2.682E-6
4.388E-6
2.466E-6
3.247E-6
3.819E-6
2.609E-6
2.773E-6
4.238E-6
9.426E-6
2.212E-6
3.917E-6
3.912E-6
3.247E-6
1.756E-6
3.592E-6
4.125E-6
7.399E-6
5.556E-6
2.968E-6
4.743E-6
3.638E-6
3.575E-6
2.746E-6
2.857E-6
6.843E-6
2.748E-6
4.283E-6
3.188E-6
2.098E-6
6.6E-6
2.369E-6
3.938E-6
6.458E-6
1.962E-6
7.148E-6
2.964E-6
5.707E-6
4.589E-6
3.756E-6
5.733E-6
2.177E-6
3.237E-6
4.311E-6
2.61E-6
7.616E-6
3.694E-6
2.234E-6
7.988E-6
4.809E-6
2.719E-6
3.122E-6
7.687E-6
8.155E-6
3.445E-6
2.779E-6
4.795E-6
3.131E-6
3.799E-6
6.59E-6
5.895E-6
4.099E-6
2.262E-6
6.347E-6
2.099E-6
2.469E-6
2.581E-6
3.546E-6
4.636E-6
7.472E-6
3.473E-6
2.243E-6
3.602E-6
2.59E-6
3.472E-6
6.64E-6
4.07E-6
3.033E-6
2.727E-6
7.503E-6
7.077E-6
4.225E-6
2.833E-5
4.008E-6
2.968E-6
9.917E-6
2.737E-6
3.484E-6
2.104E-6
3.206E-6
4.047E-6
4.165E-6
1.3665E-5
3.228E-6
3.311E-6
4.228E-6
2.023E-6
3.677E-6
7.048E-6
3.48E-6
2.867E-6
3.794E-6
2.435E-6
4.784E-6
7.193E-6
2.666E-6
4.864E-6
2.751E-6
3.569E-6
2.977E-6
4.33E-6
3.816E-6
2.091E-6
6.238E-6
2.436E-6
1.874E-6
7.516E-6
2.694E-6
2.561E-6
4.975E-6
3.447E-6
2.606E-6
2.959E-6
8.25E-6
6.964E-6
2.239E-6
5.906E-6
2.567E-6
2.401E-6
3.134E-6
2.496E-6
3.975E-6
2.579E-6
4.173E-6
3.422E-6
2.742E-6
2.285E-6
3.594E-6
2.145E-6
4.277E-6
3.65E-6
2.42E-6
4.037E-6
3.288E-6
8.499E-6
8.995E-6
7.474E-6
2.608E-6
9.68E-6
5.635E-5
6.165E-6
2.805E-6
3.705E-6
6.633E-6
3.887E-6
2.272E-6
2.409E-6
6.31E-6
2.259E-6
5.413E-6
5.232E-6
2.185E-6
5.736E-6
2.793E-6
3.731E-6
2.772E-6
1.934E-6
7.43E-6
2.455E-6
2.005E-6
2.916E-6
2.944E-6
3.574E-6
4.307E-6
3.06E-6
3.672E-6
3.321E-6
2.291E-6
3.676E-6
6.993E-6
5.547E-6
2.412E-6
2.728E-6
6.644E-6
2.715E-6
2.085E-6
3.314E-6
5.31E-6
3.709E-6
3.0E-6
3.906E-6
2.756E-6
2.625E-6
2.836E-6
2.186E-6
2.584E-6
6.846E-6
2.946E-6
1.763E-6
2.839E-6
2.178E-6
2.455E-6
3.896E-6
2.016E-6
5.957E-6
6.413E-6
6.012E-6
6.402E-6
3.581E-6
2.545E-6
3.808E-6
7.179E-6
2.7E-6
2.445E-6
2.29E-6
3.718E-6
3.051E-6
2.231E-6
3.564E-6
3.959E-6
3.659E-6
2.602E-6
4.219E-6
5.043E-6
6.828E-6
2.316E-6
4.515E-6
3.328E-6
2.246E-6
5.213E-6
2.505E-6
6.733E-6
2.258E-6
2.354E-6
6.755E-6
3.727E-6
5.653E-6
4.779E-6
5.813E-6
4.006E-6
2.441E-6
2.311E-6
2.269E-6
2.262E-6
1.863E-6
2.075E-6
3.336E-6
2.725E-6
2.384E-6
2.159E-6
3.139E-6
2.346E-6
7.827E-6
1.7177E-5
2.874E-6
3.984E-6
2.299E-6
2.148E-6
2.376E-6
1.0129E-5
4.297E-6
3.7877E-5
2.759E-6
3.957E-6
3.326E-6
2.814E-6
3.143E-6
3.337E-6
6.138E-6
3.956E-6
2.858E-6
2.129E-6
2.448E-6
6.978E-6
2.405E-6
6.27E-6
5.375E-6
4.162E-6
3.364E-6
2.422E-6
3.85E-6
6.143E-6
2.68E-6
8.122E-6
4.978E-6
4.563E-6
2.991E-6
4.957E-6
2.967E-6
2.397E-6
2.327E-6
7.586E-6
2.89E-6
6.657E-6
3.2E-6
2.691E-6
2.609E-6
6.485E-6
4.294E-6
2.541E-6
2.995E-6
2.2111E-5
4.195E-6
4.087E-6
6.887E-6
3.507E-6
2.713E-6
5.03E-6
2.813E-6
4.67E-6
1.812E-6
3.926E-6
3.023E-6
6.187E-6
2.619E-6
3.838E-6
4.332E-6
5.425E-6
2.552E-6
7.091E-6
9.041E-6
6.17E-6
6.775E-6
2.915E-6
4.221E-6
3.005E-6
3.055E-6
2.696E-6
5.979E-6
2.969E-6
2.606E-6
3.748E-6
2.145E-6
3.468E-6
2.805E-6
4.592E-6
3.938E-6
5.774E-6
2.282E-6
6.34E-6
2.918E-6
5.652E-6
2.166E-6
2.176E-6
3.788E-6
4.875E-6
2.276E-6
6.885E-6
2.565E-6
4.583E-6
6.186E-6
2.704E-6
5.073E-6
3.896E-6
2.208E-6
3.681E-6
3.15E-6
4.552E-6
3.84E-6
2.487E-6
4.363E-6
5.069E-6
2.951E-6
2.915E-6
4.898E-6
2.881E-6
2.359E-6
4.509E-6
8.208E-6
4.253E-6
3.46E-5
2.765E-6
1.75E-6
9.181E-6
3.814E-6
4.104E-6
2.559E-6
2.42E-6
6.862E-6
2.618E-6
3.927E-6
3.071E-6
2.989E-6
3.821E-6
4.417E-6
3.763E-6
2.605E-6
1.867E-6
2.976E-6
3.589E-6
3.137E-6
7.028E-6
3.353E-6
2.445E-6
3.086E-6
2.144E-6
6.574E-6
3.851E-6
1.73E-6
2.93E-6
2.403E-6
5.916E-6
4.015E-6
1.629E-6
3.87E-6
3.536E-6
6.907E-6
5.307E-6
2.341E-6
3.052E-6
2.175E-6
1.725E-6
2.449E-6
4.652E-6
3.1E-6
3.236E-6
3.567E-6
3.826E-6
2.3E-6
4.178E-6
4.455E-6
2.322E-6
5.979E-6
5.241E-6
2.388E-6
4.907E-6
3.933E-6
1.99E-6
2.481E-6
4.229E-6
3.993E-6
2.646E-6
5.948E-6
3.655E-6
2.722E-6
3.618E-6
3.703E-6
4.992E-6
5.891E-6
3.277E-6
2.347E-6
2.5E-6
4.05E-6
2.333E-6
1.992E-6
5.662E-6
4.549E-6
2.516E-6
3.691E-6
4.932E-6
2.389E-6
3.597E-6
4.802E-6
7.2E-6
2.391E-6
3.469E-6
2.354E-6
4.818E-6
2.983E-6
1.73E-6
2.73E-6
5.718E-6
5.097E-6
6.097E-6
2.255E-6
4.397E-6
4.551E-6
6.188E-6
2.434E-6
3.279E-6
5.926E-6
3.689E-6
4.052E-6
3.986E-6
5.627E-6
2.869E-6
2.617E-6
2.579E-6
2.663E-6
2.2E-6
2.587E-6
1.773E-6
2.22E-6
4.353E-6
3.055E-6
2.281E-6
4.239E-6
2.313E-6
4.121E-6
2.788E-6
1.724E-6
3.059E-6
4.527E-6
3.744E-6
2.929E-6
1.691E-6
3.732E-6
3.086E-6
2.973E-6
2.599E-6
4.166E-6
3.923E-6
1.897E-6
2.948E-6
5.947E-6
2.729E-6
2.308E-6
2.478E-6
2.401E-6
3.482E-6
4.941E-6
3.394E-6
4.947E-6
6.048E-6
3.948E-6
3.721E-6
5.523E-6
2.869E-6
7.689E-6
3.214E-6
3.777E-6
4.065E-6
2.304E-6
3.114E-6
2.303E-6
2.806E-6
2.972E-6
2.743E-6
2.645E-6
2.348E-6
4.793E-6
2.852E-6
4.052E-6
3.481E-6
4.413E-6
5.343E-6
2.729E-6
5.87E-6
3.887E-6
3.149E-6
2.714E-6
1.78E-6
2.691E-6
2.168E-6
4.711E-6
2.575E-6
2.401E-6
6.559E-6
5.664E-6
2.607E-6
3.998E-6
3.184E-6
5.533E-6
2.579E-6
3.422E-6
2.953E-6
3.114E-6
2.246E-6
2.283E-6
4.409E-6
2.465E-6
4.958E-6
2.452E-6
4.576E-6
2.301E-6
3.761E-6
1.929E-6
3.779E-6
2.071E-6
1.756E-6
5.735E-6
2.374E-6
2.091E-6
1.743E-6
4.884E-6
5.1E-6
2.476E-6
2.581E-6
5.656E-6
3.053E-6
2.146E-6
2.424E-6
2.957E-6
4.374E-6
2.444E-6
4.168E-6
3.226E-6
4.512E-6
2.357E-6
2.277E-6
5.951E-6
2.372E-6
2.516E-6
5.641E-6
2.813E-6
4.536E-6
3.102E-6
5.259E-6
7.796E-6
2.685E-6
2.275E-6
6.009E-6
2.54E-6
3.901E-6
4.566E-6
4.162E-6
1.713E-6
3.021E-6
2.745E-6
3.44E-6
3.688E-6
2.388E-6
3.772E-6
2.124E-6
3.871E-6
2.333E-6
5.06E-6
2.563E-6
6.243E-6
2.906E-6
3.719E-6
2.996E-6
3.291E-6
4.942E-6
1.846E-6
2.965E-6
2.282E-6
3.808E-6
2.211E-6
4.129E-6
4.643E-6
3.838E-6
3.061E-6
2.673E-6
5.358E-6
2.593E-6
3.74E-6
2.345E-6
6.491E-6
4.214E-6
2.539E-6
2.715E-6
3.851E-6
6.837E-6
4.528E-6
2.835E-6
4.494E-6
3.748E-6
2.361E-6
2.855E-6
3.478E-6
4.443E-6
3.582E-6
2.387E-6
7.183E-6
6.118E-6
6.263E-6
5.689E-6
3.23E-6
5.365E-6
4.852E-6
2.528E-6
3.212E-6
5.755E-6
2.459E-6
2.051E-6
2.997E-6
1.931E-6
3.819E-6
2.418E-6
2.021E-6
2.505E-6
6.211E-6
2.52E-6
3.813E-6
2.842E-6
2.567E-6
2.293E-6
3.56E-6
4.863E-6
2.101E-6
6.788E-6
3.799E-6
5.69E-6
3.132E-6
2.532E-6
3.874E-6
3.463E-6
6.21E-6
2.959E-6
2.723E-6
4.247E-6
2.464E-6
2.583E-6
3.112E-6
2.861E-6
5.866E-6
4.784E-6
2.94E-6
3.292E-6
6.067E-6
2.87E-6
2.615E-6
4.375E-6
2.49E-6
1.936E-6
2.56E-6
2.914E-6
3.34E-6
3.62E-6
3.672E-6
5.169E-6
4.646E-6
4.422E-6
3.287E-6
4.281E-6
5.296E-6
3.933E-6
2.865E-6
2.577E-6
1.0931E-5
4.382E-6
3.593E-6
6.332E-6
2.565E-6
2.049E-6
4.592E-6
2.457E-6
4.094E-6
3.771E-6
2.369E-6
2.209E-6
2.956E-6
3.803E-6
2.435E-6
4.257E-6
4.892E-6
3.472E-6
3.023E-6
2.603E-6
3.52E-6
3.329E-6
3.619E-6
3.351E-6
2.326E-6
3.644E-6
3.269E-6
3.621E-6
4.641E-6
5.388E-6
2.652E-6
2.409E-6
5.414E-6
4.675E-6
3.454E-6
6.417E-6
5.607E-6
3.187E-6
2.402E-6
3.89E-6
2.651E-6
4.071E-6
4.655E-6
2.807E-6
2.381E-6
4.264E-6
6.451E-6
2.843E-6
4.367E-6
3.731E-6
2.463E-6
3.777E-6
2.781E-6
6.558E-6
4.616E-6
4.94E-6
2.553E-6
2.42E-6
5.17E-6
4.405E-6
4.348E-6
2.908E-6
5.438E-6
3.889E-6
5.33E-6
2.343E-6
3.934E-6
5.278E-6
2.672E-6
3.501E-6
2.497E-6
5.589E-6
2.44E-6
5.206E-6
7.178E-6
2.579E-6
2.65E-6
4.329E-6
2.284E-6
5.797E-6
5.486E-6
4.392E-6
2.57E-6
6.795E-6
3.139E-6
4.2547E-5
4.992E-6
2.945E-6
4.109E-6
2.258E-6
2.357E-6
2.556E-6
2.698E-6
2.292E-6
4.064E-6
2.062E-6
2.285E-6
4.561E-6
4.348E-6
4.077E-6
4.168E-6
3.43E-6
2.587E-6
7.759E-6
2.245E-6
2.94E-6
1.31E-5
2.254E-6
2.449E-6
3.845E-6
3.65E-6
5.273E-6
2.761E-6
4.157E-6
2.535E-6
4.694E-6
6.375E-6
5.613E-6
2.179E-6
5.73E-6
3.048E-6
4.06E-6
2.155E-6
3.355E-6
2.35E-6
3.03E-6
5.707E-6
2.851E-6
2.531E-6
3.078E-6
4.989E-6
4.218E-6
3.499E-6
4.312E-6
2.404E-6
4.998E-6
2.316E-6
4.297E-6
2.25E-6
2.369E-6
4.849E-6
2.381E-6
3.646E-6
4.364E-6
2.647E-6
5.484E-6
6.023E-6
7.487E-6
5.948E-6
3.914E-6
4.807E-6
3.339E-6
2.746E-6
5.069E-6
4.656E-6
4.879E-6
2.625E-6
5.749E-6
2.446E-6
2.676E-6
4.37E-6
5.217E-6
2.527E-6
4.877E-6
3.754E-6
2.666E-6
3.413E-6
5.724E-6
2.506E-6
2.646E-6
3.137E-6
2.251E-6
2.336E-6
5.508E-6
2.359E-6
4.358E-6
3.387E-6
2.383E-6
4.07E-6
2.277E-6
5.583E-6
2.665E-6
6.306E-6
5.007E-6
2.69E-6
2.274E-6
3.721E-6
2.388E-6
5.762E-6
3.142E-6
2.51E-6
5.07E-6
2.322E-6
2.353E-6
5.947E-6
2.571E-6
2.166E-6
6.01E-6
2.362E-6
4.303E-6
2.182E-6
2.203E-6
2.151E-6
6.832E-6
2.619E-6
5.568E-6
3.826E-6
3.292E-6
4.105E-6
2.522E-6
7.058E-6
4.786E-6
2.479E-6
6.718E-6
5.446E-6
2.302E-6
4.261E-6
2.528E-6
2.2E-6
6.925E-6
2.488E-6
4.3E-6
5.029E-6
5.062E-6
3.9E-6
2.222E-6
3.875E-6
2.863E-6
4.329E-6
4.657E-6
2.4E-6
5.43E-6
5.596E-6
4.177E-6
3.603E-6
2.746E-6
3.087E-6
4.827E-6
4.623E-6
4.247E-6
2.595E-6
4.259E-6
2.734E-6
6.994E-6
4.22E-6
2.519E-6
3.526E-6
2.583E-6
5.434E-6
2.472E-6
3.241E-6
3.714E-6
3.003E-6
6.307E-6
2.542E-6
1.884E-6
7.495E-6
4.418E-6
2.775E-6
4.337E-6
5.337E-6
2.565E-6
2.497E-6
4.226E-6
9.441E-6
3.812E-6
2.826E-6
6.039E-6
2.678E-6
7.604E-6
5.01E-6
2.432E-6
7.379E-6
2.49E-6
2.703E-6
3.757E-6
2.501E-6
4.648E-6
2.523E-6
2.669E-6
4.624E-6
4.899E-6
2.467E-6
4.546E-6
7.652E-6
3.749E-6
3.016E-6
3.344E-6
2.559E-6
4.908E-6
6.713E-6
2.821E-6
6.84E-6
2.917E-6
3.485E-6
2.495E-6
4.716E-6
2.349E-6
4.288E-6
5.035E-6
4.134E-6
5.551E-6
3.254E-6
4.43E-6
3.482E-6
4.56E-6
6.674E-6
2.658E-6
4.934E-6
2.503E-6
4.329E-6
4.098E-6
3.072E-6
2.429E-6
2.628E-6
4.899E-6
4.196E-6
3.707E-6
6.408E-6
2.436E-6
2.145E-6
4.884E-6
2.525E-6
4.833E-6
2.5E-6
5.98E-6
2.906E-6
7.305E-6
4.082E-6
2.699E-6
3.835E-6
3.986E-6
2.475E-6
2.234E-6
4.716E-6
4.419E-6
3.846E-6
4.066E-6
4.071E-6
2.162E-6
2.212E-6
4.1E-6
2.024E-6
2.671E-6
3.685E-6
5.775E-6
7.857E-6
2.579E-6
4.962E-6
3.797E-6
6.421E-6
2.968E-6
4.513E-6
2.406E-6
3.657E-6
8.594E-6
3.982E-6
3.77E-6
6.259E-6
4.329E-6
2.236E-6
5.664E-6
2.33E-6
2.327E-6
3.126E-6
4.804E-6
2.599E-6
5.843E-6
2.234E-6
2.717E-6
3.72E-6
2.328E-6
2.516E-6
5.894E-6
4.852E-6
2.698E-6
3.651E-6
2.562E-6
2.476E-6
4.94E-6
3.85E-6
3.09E-6
2.217E-6
4.902E-6
6.16E-6
3.913E-6
4.566E-6
4.209E-6
2.99E-6
4.35E-6
2.883E-6
2.226E-6
7.129E-6
6.897E-6
2.653E-6
4.609E-6
3.431E-6
6.133E-6
2.228E-6
4.169E-6
2.14E-6
5.493E-6
2.324E-6
5.692E-6
3.36E-6
3.726E-6
3.699E-6
4.528E-6
2.669E-6
2.842E-6
3.689E-6
4.125E-6
4.198E-6
1.855E-6
6.874E-6
4.129E-6
3.099E-6
3.683E-6
3.758E-6
2.533E-6
7.668E-6
2.705E-6
2.618E-6
6.277E-6
2.938E-6
2.101E-6
5.085E-6
3.0E-6
3.387E-6
2.663E-6
6.15E-6
3.9305E-5
5.021E-6
2.837E-6
2.409E-6
4.027E-6
2.373E-6
2.232E-6
4.708E-6
2.419E-6
2.087E-6
3.941E-6
6.83E-6
2.607E-6
4.012E-6
4.42E-6
4.007E-6
2.072E-6
5.092E-6
3.927E-6
6.028E-6
4.587E-6
3.941E-6
4.684E-6
2.543E-6
2.206E-6
6.245E-6
4.331E-6
3.399E-6
2.769E-6
1.999E-6
2.395E-6
2.128E-6
1.978E-6
3.964E-6
3.482E-6
5.267E-6
2.328E-6
2.21E-6
6.831E-6
2.894E-6
2.525E-6
3.917E-6
5.76E-6
2.215E-6
3.157E-6
4.457E-6
2.404E-6
3.928E-6
7.197E-6
2.289E-6
2.11E-6
3.361E-6
2.229E-6
5.808E-6
2.458E-6
3.578E-6
4.077E-6
2.804E-6
2.368E-6
3.007E-6
2.426E-6
4.034E-6
4.676E-6
6.54E-6
3.804E-6
4.154E-6
5.704E-6
2.275E-6
2.464E-6
1.5261E-5
2.5E-6
4.412E-6
2.396E-6
2.471E-6
2.775E-6
4.86E-6
5.323E-6
2.348E-6
2.988E-6
4.386E-6
2.712E-6
7.22E-6
3.506E-6
4.003E-6
7.387E-6
5.735E-6
2.458E-6
2.453E-6
6.155E-6
5.199E-6
2.233E-6
2.608E-6
5.0E-6
2.45E-6
5.371E-6
3.845E-6
4.898E-6
3.022E-6
7.053E-6
4.325E-6
2.793E-6
5.365E-6
2.288E-6
2.621E-6
7.617E-6
3.842E-6
2.571E-6
4.899E-6
2.62E-6
2.847E-6
3.527E-6
5.271E-6
2.737E-6
4.489E-6
7.043E-6
3.543E-6
1.0238E-5
2.599E-6
5.535E-6
6.533E-6
3.049E-6
3.039E-6
4.716E-6
2.213E-6
2.289E-6
3.401E-6
6.382E-6
5.613E-6
6.281E-6
2.699E-6
4.57E-6
3.99E-6
2.258E-6
8.168E-6
2.472E-6
3.543E-6
2.104E-6
4.352E-6
3.641E-6
4.115E-6
2.594E-6
2.881E-6
2.647E-6
4.119E-6
3.769E-6
4.772E-6
5.2E-6
5.415E-6
6.0E-6
2.335E-6
7.127E-6
6.39E-6
2.775E-6
5.893E-6
2.684E-6
5.036E-6
3.528E-6
5.369E-6
2.087E-6
5.141E-6
3.172E-6
8.013E-6
4.936E-6
4.675E-6
4.306E-6
2.658E-6
2.283E-6
2.792E-6
4.522E-6
3.995E-6
3.037E-6
3.904E-6
7.521E-6
4.092E-6
4.305E-6
2.65E-6
7.144E-6
2.59E-6
7.385E-6
1.1509E-5
2.797E-6
4.027E-6
2.671E-6
5.344E-6
2.782E-6
3.383E-6
2.757E-6
2.486E-6
4.338E-6
2.328E-6
2.112E-6
3.244E-6
6.159E-6
5.288E-6
3.238E-6
5.564E-6
4.278E-6
7.22E-6
2.988E-6
5.064E-6
2.058E-6
2.076E-6
2.287E-6
4.344E-6
2.417E-6
3.247E-6
4.435E-6
2.468E-6
2.951E-6
7.238E-6
4.85E-6
2.329E-6
3.38E-6
4.167E-6
3.27E-6
8.069E-6
5.341E-6
2.2E-6
2.623E-6
4.437E-6
4.804E-6
3.615E-6
2.518E-6
3.077E-6
4.483E-6
3.946E-6
5.478E-6
5.529E-6
2.306E-6
3.991E-6
4.512E-6
5.221E-6
2.519E-6
6.686E-6
2.445E-6
3.506E-6
2.222E-6
2.17E-6
6.228E-6
2.581E-6
5.346E-6
2.953E-6
7.294E-6
2.346E-6
3.111E-6
2.087E-6
4.877E-6
2.19E-6
3.897E-6
2.308E-6
5.459E-6
3.219E-6
4.509E-6
2.406E-6
6.897E-6
2.767E-6
3.288E-6
3.603E-6
3.801E-6
7.131E-6
4.942E-6
5.487E-6
6.175E-6
2.27E-6
2.906E-6
6.341E-6
4.452E-6
6.73E-6
3.123E-6
2.326E-6
3.118E-6
4.032E-6
4.441E-6
2.217E-6
3.929E-6
2.372E-6
2.049E-6
2.471E-6
2.299E-6
4.141E-6
4.509E-6
7.345E-6
2.304E-6
5.505E-6
5.069E-6
2.923E-6
3.566E-6
4.882E-6
2.46E-6
4.545E-6
3.27E-6
2.48E-6
5.664E-6
5.773E-6
3.058E-6
4.205E-6
3.212E-6
4.139E-6
2.204E-6
3.243E-6
3.492E-6
5.538E-6
2.47E-6
4.321E-6
2.189E-6
2.25E-6
4.753E-6
2.711E-6
5.345E-6
2.593E-6
2.312E-6
6.361E-6
5.951E-6
4.947E-6
5.995E-6
2.197E-6
2.42E-6
4.628E-6
3.352E-6
4.163E-6
2.416E-6
6.858E-6
4.65E-6
5.722E-6
2.429E-6
4.525E-6
4.82E-6
2.385E-6
4.694E-6
2.293E-6
3.144E-6
2.287E-6
3.685E-6
5.009E-6
5.625E-6
2.946E-6
4.688E-6
6.066E-6
2.305E-6
6.917E-6
4.676E-6
2.372E-6
4.467E-6
2.847E-6
5.084E-6
3.91E-6
3.737E-6
4.127E-6
4.411E-6
5.228E-6
2.278E-6
2.925E-6
4.933E-6
2.138E-6
2.289E-6
5.087E-6
3.092E-6
2.398E-6
5.243E-6
3.837E-6
3.439E-6
2.76E-6
6.362E-6
3.247E-6
2.196E-6
6.13E-6
2.866E-6
4.738E-6
2.937E-6
8.138E-6
2.306E-6
3.584E-6
4.423E-6
2.311E-6
2.434E-6
3.598E-6
3.801E-6
3.273E-6
4.811E-6
2.5E-6
3.999E-6
2.905E-6
2.88E-6
7.819E-6
4.522E-6
2.199E-6
3.823E-6
2.18E-6
2.293E-6
4.535E-6
5.135E-6
4.355E-6
2.091E-6
3.97E-6
6.456E-6
2.606E-6
7.535E-6
4.738E-6
3.973E-6
9.09E-6
2.82E-6
6.316E-6
5.164E-6
2.522E-6
3.36E-6
6.82E-6
2.254E-6
2.41E-6
3.821E-6
4.929E-6
2.341E-6
4.589E-6
3.836E-6
6.85E-6
3.006E-6
2.371E-6
4.204E-6
2.3E-6
3.561E-6
6.487E-6
3.06E-6
4.793E-6
2.837E-6
5.623E-6
5.156E-6
5.546E-6
2.435E-6
4.544E-6
2.308E-6
2.488E-6
3.874E-6
2.45E-6
2.641E-6
7.165E-6
2.858E-6
4.263E-6
2.709E-6
6.387E-6
3.376E-6
2.402E-6
3.666E-6
5.283E-6
3.962E-6
5.117E-6
3.18E-6
6.927E-6
2.737E-6
2.335E-6
4.839E-6
5.245E-6
2.096E-6
2.424E-6
4.07E-6
2.293E-6
5.357E-6
2.246E-6
6.562E-6
5.544E-6
2.969E-6
4.941E-6
2.936E-6
3.916E-6
2.161E-6
6.93E-6
2.241E-6
3.082E-6
5.986E-6
2.892E-6
6.024E-6
2.719E-6
4.36E-6
2.487E-6
2.601E-6
6.815E-6
4.36E-6
3.038E-6
4.773E-6
4.403E-6
2.278E-6
3.588E-6
4.185E-6
8.355E-6
2.274E-6
2.578E-6
3.786E-6
2.473E-6
2.572E-6
2.862E-6
2.388E-6
2.364E-6
2.244E-6
3.328E-6
4.548E-6
4.45E-6
4.534E-6
3.461E-6
6.487E-6
4.847E-6
2.9E-6
4.09E-6
4.391E-6
4.191E-6
6.31E-6
2.719E-6
5.825E-6
5.179E-6
7.104E-6
2.198E-6
4.525E-6
5.26E-6
2.323E-6
4.152E-6
4.916E-6
2.619E-6
2.48E-6
5.343E-6
2.823E-6
2.8E-6
5.478E-6
2.599E-6
2.483E-6
3.478E-6
9.839E-6
2.313E-6
7.101E-6
4.049E-6
2.357E-6
5.296E-6
5.327E-6
2.386E-6
4.352E-6
3.459E-6
4.711E-6
5.55E-6
2.586E-6
7.441E-6
2.863E-6
4.593E-6
3.622E-6
1.974E-6
2.364E-6
3.666E-6
4.909E-6
2.118E-6
5.961E-6
2.934E-6
3.842E-6
4.24E-6
4.565E-6
6.402E-6
3.219E-6
6.753E-6
5.151E-6
4.707E-6
2.634E-6
2.526E-6
2.824E-6
3.795E-6
6.514E-6
2.585E-6
4.95E-6
2.902E-6
5.915E-6
4.699E-6
3.26E-6
3.044E-6
6.242E-6
2.771E-6
4.4E-6
2.39E-6
2.903E-6
3.102E-6
7.542E-6
2.638E-6
2.576E-6
3.513E-6
2.511E-6
3.152E-6
2.527E-6
4.094E-6
5.266E-6
2.358E-6
4.307E-6
3.134E-6
4.035E-6
5.983E-6
4.511E-6
5.87E-6
2.875E-6
6.007E-6
2.909E-6
4.825E-6
7.089E-6
2.855E-6
4.091E-6
2.256E-6
5.028E-6
5.154E-6
5.176E-6
