7.7724E-5
2.1824E-5
1.3208E-5
1.4011E-5
1.453E-5
6.5774E-5
1.7938E-5
3.5664E-5
2.5152E-5
1.4702E-5
1.1192E-5
2.5442E-5
2.9595E-5
1.8109E-5
2.701E-5
2.8391E-5
1.8462E-5
2.0945E-5
2.3622E-5
1.8059E-5
2.323E-5
2.0847E-5
2.1699E-5
1.4467E-5
2.4528E-5
2.9836E-5
1.3127E-5
1.7361E-5
1.5176E-5
1.5473E-5
3.3954E-5
3.4465E-5
2.5847E-5
2.233E-5
1.5316E-5
2.1109E-5
1.7475E-5
1.2469E-5
2.3913E-5
1.2508E-5
1.5745E-5
3.4647E-5
1.431E-5
2.7533E-5
3.0377E-5
3.3474E-5
2.2083E-5
3.3537E-5
2.8556E-5
3.773E-5
1.5441E-5
3.0607E-5
1.2831E-5
1.6442E-5
3.964E-5
1.6562E-5
1.13386E-4
2.381E-5
3.6256E-5
3.7368E-5
1.8154E-5
4.3203E-5
3.0589E-5
3.547E-5
1.2424E-5
1.0751E-5
2.9689E-5
3.6184E-5
2.5893E-5
2.3145E-5
3.4942E-5
1.2726E-5
3.1833E-5
1.8762E-5
1.9584E-5
2.7915E-5
2.3962E-5
1.7447E-5
1.2267E-5
2.6536E-5
1.8368E-5
1.5066E-5
2.193E-5
1.4086E-5
1.4403E-5
1.0905E-5
9.841E-6
1.8935E-5
2.4522E-5
1.4209E-5
9.907E-6
1.9869E-5
2.2E-5
2.1353E-5
2.6682E-5
1.5765E-5
2.7353E-5
1.2889E-5
2.0991E-5
2.1595E-5
1.2106E-5
1.1768E-5
1.2801E-5
1.0081E-5
1.6231E-5
1.9277E-5
1.3314E-5
1.0759E-5
1.7391E-5
1.2855E-5
1.3254E-5
1.2477E-5
8.248E-6
1.0826E-5
1.1524E-5
8.076E-6
1.3935E-5
1.4126E-5
1.6213E-5
1.4569E-5
1.1428E-5
2.1894E-5
1.5264E-5
1.5556E-5
2.1476E-5
2.1784E-5
1.5212E-5
1.8838E-5
2.2339E-5
2.1576E-5
1.2437E-5
1.3335E-5
7.726E-6
9.0E-6
1.2619E-5
2.4395E-5
1.0775E-5
2.2075E-5
4.281E-5
2.0433E-5
1.2329E-5
8.455E-6
7.576E-6
1.401E-5
1.2103E-5
2.1362E-5
1.7582E-5
1.1998E-5
1.1391E-5
1.8215E-5
1.3425E-5
2.122E-5
2.2573E-5
1.171E-5
7.864E-6
8.635E-6
1.013E-5
1.2947E-5
7.83E-6
9.421E-6
1.6243E-5
1.108E-5
1.027E-5
1.1301E-5
1.487E-5
2.4053E-5
9.966E-6
1.2481E-5
2.2817E-5
8.607E-6
1.1145E-5
1.738E-5
1.571E-5
1.7733E-5
1.7918E-5
9.687E-6
1.2382E-5
3.7712E-5
1.1715E-5
1.8844E-5
1.2122E-5
1.6859E-5
1.4377E-5
1.9323E-5
1.219E-5
9.366E-6
1.9554E-5
1.5207E-5
1.0193E-5
1.4402E-5
1.0056E-5
1.1985E-5
1.0545E-5
8.943E-6
1.2186E-5
8.374E-6
9.696E-6
1.9269E-5
1.9642E-5
1.12E-5
2.1059E-5
1.2348E-5
1.0719E-5
1.8143E-5
1.7539E-5
1.4723E-5
1.8866E-5
1.599E-5
1.4078E-5
2.1899E-5
1.5556E-5
1.1635E-5
1.7139E-5
2.0671E-5
2.3683E-5
2.2682E-5
1.7651E-5
2.114E-5
1.861E-5
1.5063E-5
8.725E-6
1.1502E-5
1.0782E-5
1.9777E-5
1.8843E-5
1.7499E-5
2.0672E-5
1.8147E-5
1.2286E-5
8.078E-6
1.5659E-5
3.0606E-5
1.5949E-5
1.945E-5
9.136E-6
1.89E-5
1.6807E-5
2.025E-5
1.5209E-5
9.381E-6
1.615E-5
1.8717E-5
1.2511E-5
8.403E-6
9.593E-6
1.2268E-5
1.5033E-5
1.5329E-5
1.4783E-5
1.1522E-5
2.0876E-5
7.961E-6
9.11E-6
2.6343E-5
1.9406E-5
1.9754E-5
1.9644E-5
9.38E-6
1.0647E-5
1.7056E-5
2.0967E-5
1.0246E-5
1.4797E-5
1.3782E-5
1.7759E-5
1.3996E-5
1.1096E-5
2.1684E-5
1.5228E-5
1.1276E-5
1.5781E-5
2.2377E-5
1.1008E-5
1.1702E-5
1.2792E-5
7.66E-6
1.0516E-5
1.6927E-5
1.5555E-5
1.4572E-5
1.1398E-5
2.4996E-5
1.4869E-5
2.0722E-5
1.5272E-5
2.0132E-5
1.1681E-5
1.6822E-5
1.3282E-5
1.4086E-5
1.9339E-5
2.2927E-5
1.0557E-5
1.1711E-5
9.108E-6
1.1101E-5
1.5552E-5
1.2584E-5
1.0336E-5
1.6945E-5
1.0328E-5
1.1961E-5
1.2941E-5
1.0149E-5
1.1484E-5
1.1642E-5
1.7725E-5
9.554E-6
1.8977E-5
1.8066E-5
1.5987E-5
9.246E-6
1.8317E-5
2.1453E-5
2.3749E-5
1.5435E-5
1.4832E-5
1.5699E-5
1.5872E-5
1.3682E-5
9.768E-6
1.1741E-5
2.2466E-5
1.1847E-5
1.7355E-5
1.1141E-5
1.0736E-5
1.5776E-5
1.0389E-5
1.9261E-5
1.266E-5
8.791E-6
1.328E-5
1.1369E-5
1.5416E-5
1.6769E-5
1.3872E-5
1.3966E-5
8.684E-6
1.3708E-5
1.5099E-5
1.1582E-5
1.7479E-5
1.5104E-5
1.0057E-5
2.3388E-5
1.7857E-5
1.0182E-5
1.1302E-5
2.1839E-5
2.153E-5
1.3901E-5
1.0141E-5
1.8532E-5
1.42E-5
1.7954E-5
1.8483E-5
1.6193E-5
2.411E-5
8.646E-6
1.5463E-5
1.1726E-5
1.328E-5
1.1845E-5
1.5558E-5
2.0347E-5
2.0904E-5
1.6535E-5
1.0335E-5
1.4649E-5
1.1474E-5
1.517E-5
1.7126E-5
1.8768E-5
1.2275E-5
1.1224E-5
2.1217E-5
1.8875E-5
1.6091E-5
1.9494E-5
1.3564E-5
1.0643E-5
2.8356E-5
1.2288E-5
1.2387E-5
9.64E-6
1.2336E-5
1.3294E-5
1.7803E-5
1.2032E-5
9.84E-6
1.1657E-5
1.899E-5
8.566E-6
1.19514E-4
1.37987E-4
6.502E-6
5.8413E-5
7.012E-6
4.25E-6
1.9813E-5
5.31E-6
3.814E-6
6.649E-6
4.094E-6
5.042E-6
4.116E-6
1.0039E-5
5.516E-6
3.205E-6
1.0426E-5
3.726E-6
2.936E-6
1.023E-5
3.875E-6
3.912E-6
6.252E-6
4.899E-6
3.931E-6
3.859E-6
1.4918E-5
9.274E-6
3.369E-6
4.754E-6
3.347E-6
3.545E-6
4.728E-6
3.92E-6
6.285E-6
4.16E-6
5.601E-6
5.26E-6
4.904E-6
4.193E-6
6.867E-6
5.655E-6
6.353E-6
5.513E-6
4.034E-6
5.286E-6
4.753E-6
1.4682E-5
1.0397E-5
1.0232E-5
4.726E-6
9.743E-6
9.831E-6
8.208E-6
3.942E-6
4.792E-6
9.097E-6
5.012E-6
5.584E-6
3.25E-6
1.103E-5
3.612E-6
8.946E-6
9.638E-6
3.685E-6
9.971E-6
4.297E-6
5.194E-6
3.906E-6
3.313E-6
1.1867E-5
3.228E-6
2.688E-6
4.337E-6
3.884E-6
5.558E-6
5.837E-6
5.372E-6
4.702E-6
4.845E-6
3.16E-6
3.072E-6
1.1744E-5
9.803E-6
3.374E-6
3.514E-6
1.0737E-5
3.851E-6
2.941E-6
3.908E-6
9.326E-6
7.818E-6
4.261E-6
5.584E-6
3.485E-6
3.5E-6
4.331E-6
2.826E-6
3.498E-6
1.0958E-5
2.9514E-5
2.861E-6
4.221E-6
3.109E-6
3.31E-6
6.097E-6
3.234E-6
1.0472E-5
2.4281E-5
1.0187E-5
1.0005E-5
5.572E-6
3.899E-6
4.734E-6
1.1447E-5
6.933E-6
1.6812E-5
1.3171E-5
4.069E-6
6.286E-6
3.529E-6
4.979E-6
5.709E-6
4.735E-6
4.2E-6
6.034E-6
6.092E-6
1.4705E-5
3.605E-6
6.032E-6
4.753E-6
5.166E-6
8.883E-6
3.567E-6
1.0663E-5
3.245E-6
3.22E-6
1.107E-5
4.79E-6
9.499E-6
6.365E-6
8.935E-6
5.608E-6
3.693E-6
3.225E-6
3.673E-6
3.242E-6
2.701E-6
2.719E-6
4.307E-6
3.889E-6
3.121E-6
3.662E-6
8.466E-6
3.295E-6
1.024E-5
1.2042E-5
3.547E-6
5.714E-6
3.053E-6
2.546E-6
3.194E-6
1.9104E-5
5.958E-6
1.0098E-5
3.57E-6
4.99E-6
7.679E-6
4.337E-6
4.974E-6
4.06E-6
9.761E-6
7.869E-6
4.037E-6
3.11E-6
3.376E-6
1.0787E-5
3.561E-6
9.471E-6
9.821E-6
5.558E-6
4.573E-6
3.025E-6
5.13E-6
9.61E-6
3.79E-6
1.1229E-5
6.315E-6
5.865E-6
4.199E-6
8.69E-6
3.948E-6
3.312E-6
3.159E-6
1.1653E-5
4.173E-6
1.1572E-5
4.75E-6
3.985E-6
3.233E-6
1.0158E-5
5.385E-6
3.432E-6
4.53E-6
1.02E-5
4.598E-6
4.834E-6
9.419E-6
4.882E-6
3.657E-6
6.298E-6
3.649E-6
5.815E-6
2.68E-6
5.638E-6
3.929E-6
1.2061E-5
3.662E-6
5.045E-6
2.2694E-5
1.129E-5
3.67E-6
5.877E-6
9.982E-6
9.127E-6
1.0713E-5
3.4E-6
5.584E-6
3.697E-6
3.607E-6
3.225E-6
9.343E-6
3.491E-6
3.408E-6
5.531E-6
3.136E-6
3.527E-6
2.778E-6
8.382E-6
1.8362E-5
3.1322E-5
3.612E-6
1.0596E-5
3.813E-6
8.841E-6
3.159E-6
2.796E-6
4.694E-6
6.184E-6
3.445E-6
1.079E-5
3.123E-6
6.033E-6
1.0069E-5
3.302E-6
5.521E-6
5.277E-6
3.092E-6
5.497E-6
4.238E-6
5.241E-6
4.556E-6
3.276E-6
5.426E-6
8.496E-6
3.778E-6
4.527E-6
6.254E-6
3.801E-6
2.906E-6
5.996E-6
8.693E-6
5.836E-6
1.1403E-5
3.14E-6
2.169E-6
9.531E-6
4.4E-6
5.911E-6
3.595E-6
2.906E-6
1.193E-5
4.003E-6
5.279E-6
3.675E-6
4.656E-6
2.699E-6
5.421E-6
5.057E-6
3.664E-6
2.764E-6
4.006E-6
4.614E-6
4.28E-6
1.1865E-5
4.888E-6
2.916E-6
4.566E-6
2.787E-6
1.2153E-5
4.981E-6
2.189E-6
4.488E-6
5.193E-6
1.0993E-5
4.891E-6
2.241E-6
4.403E-6
4.348E-6
1.1403E-5
9.704E-6
3.223E-6
3.917E-6
2.878E-6
2.162E-6
3.098E-6
6.211E-6
3.505E-6
3.324E-6
4.68E-6
4.857E-6
2.759E-6
4.735E-6
5.213E-6
2.809E-6
1.0779E-5
9.253E-6
3.075E-6
9.351E-6
4.836E-6
2.469E-6
3.162E-6
5.473E-6
7.653E-6
3.089E-6
1.1082E-5
4.28E-6
2.983E-6
5.199E-6
5.254E-6
5.867E-6
1.0508E-5
4.226E-6
3.039E-6
2.854E-6
5.097E-6
2.908E-6
2.413E-6
3.891E-6
9.234E-6
3.134E-6
3.847E-6
6.906E-6
3.065E-6
6.01E-6
1.0054E-5
1.1488E-5
3.166E-6
4.59E-6
2.878E-6
5.731E-6
3.762E-6
2.202E-6
3.496E-6
1.0276E-5
5.572E-6
1.021E-5
3.365E-6
8.181E-6
7.938E-6
1.0597E-5
4.22E-6
1.4193E-5
1.1508E-5
4.716E-6
5.8E-6
4.598E-6
6.386E-6
3.424E-6
3.251E-6
3.07E-6
4.235E-6
2.859E-6
4.958E-6
2.112E-6
2.56E-6
5.548E-6
3.394E-6
2.375E-6
4.704E-6
2.528E-6
3.856E-6
3.086E-6
1.948E-6
5.519E-6
4.933E-6
4.58E-6
3.266E-6
1.887E-6
4.696E-6
3.891E-6
3.629E-6
3.13E-6
9.33E-6
4.678E-6
2.26E-6
3.197E-6
1.3666E-5
3.415E-6
2.584E-6
3.09E-6
4.787E-6
4.059E-6
3.6252E-5
4.59E-6
1.5368E-5
9.674E-6
4.927E-6
4.224E-6
8.553E-6
3.344E-6
8.204E-6
3.822E-6
4.396E-6
9.991E-6
3.269E-6
4.014E-6
3.309E-6
3.272E-6
3.604E-6
3.434E-6
3.276E-6
2.917E-6
8.237E-6
3.61E-6
4.469E-6
3.58E-6
5.053E-6
7.553E-6
3.039E-6
1.1484E-5
4.298E-6
4.013E-6
3.416E-6
2.259E-6
3.654E-6
2.567E-6
4.89E-6
2.621E-6
2.726E-6
8.89E-6
9.038E-6
3.507E-6
6.257E-6
3.661E-6
9.242E-6
3.582E-6
4.117E-6
3.88E-6
3.691E-6
3.63E-6
3.005E-6
4.705E-6
2.789E-6
4.32E-6
2.508E-6
4.0582E-5
3.324E-6
4.448E-6
2.084E-6
4.375E-6
2.413E-6
1.878E-6
4.918E-6
2.835E-6
2.487E-6
1.893E-6
2.5795E-5
9.61E-6
3.167E-6
2.737E-6
8.734E-6
6.173E-6
3.048E-6
3.167E-6
3.908E-6
5.869E-6
3.266E-6
5.578E-6
3.904E-6
5.688E-6
2.725E-6
2.528E-6
5.543E-6
2.533E-6
2.559E-6
1.679E-5
3.211E-6
5.252E-6
3.606E-6
8.82E-6
4.503E-6
3.062E-6
2.464E-6
9.639E-6
3.329E-6
4.091E-6
5.398E-6
7.647E-6
2.338E-6
3.687E-6
3.466E-6
3.735E-6
6.858E-6
3.045E-6
5.959E-6
2.688E-6
4.607E-6
2.657E-6
6.091E-6
3.458E-6
9.593E-6
3.399E-6
4.412E-6
3.558E-6
2.668E-6
4.67E-6
2.255E-6
3.239E-6
2.386E-6
4.283E-6
2.703E-6
4.553E-6
4.882E-6
4.185E-6
2.427E-6
2.529E-6
5.425E-6
2.707E-6
4.083E-6
2.375E-6
1.4314E-5
5.3423E-5
2.703E-6
2.636E-6
3.834E-6
1.0315E-5
4.582E-6
2.962E-6
4.901E-6
3.518E-6
2.427E-6
2.65E-6
3.297E-6
4.397E-6
3.562E-6
2.37E-6
1.0085E-5
8.499E-6
4.254E-6
1.1497E-5
3.329E-6
7.963E-6
7.92E-6
2.3E-6
3.083E-6
8.029E-6
2.467E-6
1.793E-6
2.77E-6
1.767E-6
3.77E-6
2.349E-6
1.783E-6
2.427E-6
8.873E-6
2.64E-6
3.934E-6
2.743E-6
4.808E-6
2.313E-6
3.292E-6
7.716E-6
2.275E-6
9.081E-6
3.307E-6
7.319E-6
3.634E-6
2.027E-6
3.656E-6
3.105E-6
7.924E-6
2.901E-6
2.402E-6
4.449E-6
2.441E-6
2.335E-6
3.269E-6
2.768E-6
5.528E-6
4.676E-6
3.004E-6
2.962E-6
8.557E-6
2.899E-6
2.331E-6
3.627E-6
2.323E-6
1.765E-6
2.622E-6
2.68E-6
3.345E-6
3.502E-6
3.76E-6
7.801E-6
4.683E-6
4.147E-6
3.214E-6
4.416E-6
2.42E-6
3.111E-6
2.794E-6
2.54E-6
1.8748E-5
4.643E-6
3.141E-6
8.819E-6
2.914E-6
2.451E-6
