8.714E-6
1.957E-6
1.542E-6
1.246E-6
1.29E-6
9.417E-6
2.272E-6
5.84E-6
2.571E-6
1.803E-6
1.42E-6
1.665E-6
3.095E-6
1.796E-6
2.457E-6
1.395E-6
1.059E-6
1.75E-6
1.096E-6
1.086E-6
1.268E-6
1.131E-6
1.203E-6
9.86E-7
1.153E-6
1.835E-6
9.64E-7
1.095E-6
2.574E-6
9.85E-7
2.178E-6
1.967E-6
1.24E-6
1.48E-6
9.81E-7
1.269E-6
9.82E-7
9.82E-7
1.335E-6
9.28E-7
1.033E-6
1.395E-6
9.89E-7
1.481E-6
1.469E-6
1.963E-6
1.238E-6
1.945E-6
1.79E-6
1.946E-6
1.062E-6
1.797E-6
1.051E-6
9.66E-7
2.236E-6
1.006E-6
2.311E-6
1.289E-6
2.272E-6
2.307E-6
1.373E-6
9.18E-7
2.172E-6
2.291E-6
1.039E-6
9.38E-7
1.552E-6
2.243E-6
1.787E-6
1.546E-6
2.327E-6
1.064E-6
2.194E-6
1.316E-6
1.428E-6
2.207E-6
1.751E-6
1.349E-6
1.022E-6
2.23E-6
1.496E-6
1.199E-6
1.441E-6
1.251E-6
1.274E-6
1.076E-6
8.88E-7
1.565E-6
2.147E-6
1.238E-6
8.53E-7
1.553E-6
1.63E-6
2.011E-6
2.447E-6
1.05E-6
2.46E-6
9.17E-7
1.744E-6
1.985E-6
1.018E-6
1.06E-6
1.119E-6
1.187E-6
1.835E-6
2.208E-6
1.496E-6
1.249E-6
1.345E-6
1.541E-6
1.521E-6
1.524E-6
9.85E-7
1.249E-6
1.318E-6
9.87E-7
1.671E-6
2.204E-6
1.502E-6
1.623E-6
1.334E-6
2.682E-6
1.68E-6
1.837E-6
2.625E-6
2.724E-6
1.395E-6
1.824E-6
2.547E-6
2.446E-6
1.462E-6
1.218E-6
8.35E-7
1.048E-6
1.327E-6
2.838E-6
1.213E-6
2.441E-6
2.501E-6
1.934E-6
1.61E-6
1.046E-6
9.24E-7
1.684E-6
1.012E-6
2.164E-6
2.227E-6
1.382E-6
1.393E-6
2.326E-6
1.633E-6
2.527E-6
2.743E-6
1.431E-6
9.83E-7
1.23E-6
1.238E-6
1.592E-6
9.88E-7
1.077E-6
2.142E-6
1.197E-6
1.236E-6
1.337E-6
1.819E-6
1.862E-6
1.143E-6
1.547E-6
1.396E-6
9.33E-7
1.208E-6
2.339E-6
1.79E-6
1.21E-6
6.779E-6
1.278E-6
1.685E-6
2.686E-6
1.319E-6
2.589E-6
1.362E-6
2.206E-6
1.888E-6
2.029E-6
1.525E-6
1.07E-6
2.566E-6
1.794E-6
1.141E-6
1.919E-6
1.129E-6
1.501E-6
1.217E-6
1.666E-6
1.527E-6
9.2E-7
1.08E-6
1.925E-6
2.386E-6
1.207E-6
2.12E-6
1.416E-6
1.165E-6
2.408E-6
2.219E-6
1.425E-6
1.966E-6
1.714E-6
1.779E-6
2.661E-6
1.865E-6
1.225E-6
1.888E-6
2.556E-6
2.206E-6
2.307E-6
2.034E-6
2.589E-6
2.006E-6
1.727E-6
8.96E-7
1.464E-6
1.21E-6
2.517E-6
1.954E-6
1.799E-6
2.456E-6
1.767E-6
1.522E-6
9.39E-7
1.901E-6
1.783E-6
1.721E-6
2.335E-6
9.38E-7
2.279E-6
1.911E-6
2.524E-6
1.683E-6
1.165E-6
1.844E-6
2.293E-6
1.523E-6
9.96E-7
1.239E-6
1.349E-6
1.82E-6
1.612E-6
2.095E-6
1.355E-6
2.707E-6
9.26E-7
1.114E-6
2.829E-6
2.076E-6
2.313E-6
2.409E-6
1.271E-6
1.748E-6
2.108E-6
2.249E-6
1.425E-6
1.79E-6
1.754E-6
1.156E-6
1.44E-6
1.708E-6
2.71E-6
1.775E-6
1.363E-6
1.994E-6
2.791E-6
1.225E-6
1.161E-6
1.52E-6
1.114E-6
1.204E-6
1.901E-6
1.638E-6
1.681E-6
1.231E-6
2.739E-6
1.519E-6
2.669E-6
2.004E-6
2.179E-6
1.326E-6
2.04E-6
1.477E-6
1.715E-6
1.669E-6
2.686E-6
1.181E-6
1.49E-6
1.041E-6
1.372E-6
1.745E-6
1.438E-6
1.201E-6
1.973E-6
1.164E-6
1.651E-6
1.611E-6
1.836E-6
2.564E-6
2.997E-6
3.734E-6
1.803E-6
3.931E-6
3.359E-6
2.523E-6
1.641E-6
3.187E-6
2.399E-6
3.332E-6
2.139E-6
1.582E-6
1.891E-6
1.957E-6
1.916E-6
1.266E-6
1.431E-6
2.684E-6
1.433E-6
2.055E-6
1.619E-6
1.858E-6
2.332E-6
1.24E-6
2.009E-6
1.46E-6
9.29E-7
1.927E-6
1.424E-6
2.34E-6
2.077E-6
1.688E-6
1.882E-6
1.016E-6
1.676E-6
1.962E-6
1.333E-6
2.511E-6
1.737E-6
1.155E-6
3.014E-6
2.189E-6
1.187E-6
1.447E-6
2.691E-6
2.956E-6
1.549E-6
1.53E-6
2.291E-6
1.486E-6
1.816E-6
2.263E-6
2.105E-6
2.081E-6
1.088E-6
2.344E-6
1.13E-6
1.26E-6
1.164E-6
1.771E-6
2.193E-6
2.595E-6
1.772E-6
1.168E-6
1.588E-6
1.29E-6
1.674E-6
2.406E-6
1.993E-6
1.41E-6
1.268E-6
2.618E-6
2.457E-6
1.739E-6
3.17E-6
1.734E-6
1.25E-6
4.237E-6
1.227E-6
1.68E-6
1.016E-6
1.547E-6
1.819E-6
2.022E-6
1.89E-6
1.287E-6
1.374E-6
1.936E-6
9.69E-7
1.678E-6
2.304E-6
2.317E-6
1.288E-6
1.759E-6
1.228E-6
2.205E-6
1.782E-6
1.186E-6
2.099E-6
1.288E-6
1.588E-6
1.378E-6
1.971E-6
1.817E-6
9.56E-7
1.918E-6
1.201E-6
8.87E-7
2.481E-6
1.165E-6
1.172E-6
2.205E-6
1.676E-6
1.329E-6
1.219E-6
2.816E-6
2.309E-6
9.79E-7
1.539E-6
1.11E-6
1.168E-6
1.498E-6
1.216E-6
1.924E-6
1.353E-6
1.865E-6
1.624E-6
1.286E-6
1.225E-6
1.68E-6
1.157E-6
1.941E-6
1.733E-6
1.193E-6
9.33E-7
1.507E-6
2.892E-6
2.099E-6
2.59E-6
1.224E-6
2.265E-6
2.792E-6
1.975E-6
1.314E-6
1.698E-6
2.561E-6
1.828E-6
1.094E-6
1.307E-6
2.722E-6
1.178E-6
2.176E-6
2.43E-6
1.217E-6
2.42E-6
1.522E-6
1.871E-6
1.36E-6
1.039E-6
2.942E-6
1.171E-6
9.25E-7
1.458E-6
1.452E-6
2.56E-6
1.969E-6
1.5E-6
1.779E-6
1.643E-6
1.202E-6
1.182E-6
2.919E-6
2.208E-6
1.195E-6
1.301E-6
2.962E-6
1.43E-6
1.108E-6
1.551E-6
2.148E-6
1.806E-6
1.541E-6
1.762E-6
1.365E-6
1.22E-6
1.406E-6
9.21E-7
1.386E-6
2.876E-6
1.582E-6
9.28E-7
1.507E-6
1.143E-6
1.25E-6
1.783E-6
1.174E-6
2.66E-6
2.667E-6
2.534E-6
2.745E-6
1.843E-6
1.376E-6
1.739E-6
4.371E-6
1.482E-6
1.224E-6
1.131E-6
2.706E-6
5.052E-6
2.385E-6
3.132E-6
3.038E-6
2.81E-6
1.56E-6
2.082E-6
2.304E-6
5.46E-6
1.303E-6
2.208E-6
1.707E-6
3.164E-6
3.972E-6
2.023E-6
4.792E-6
2.222E-6
1.216E-6
3.329E-6
1.68E-6
4.539E-6
2.456E-6
2.506E-6
2.116E-6
1.347E-6
1.292E-6
1.235E-6
1.186E-6
9.62E-7
1.797E-6
1.737E-6
1.434E-6
1.149E-6
1.16E-6
1.671E-6
1.234E-6
2.773E-6
2.695E-6
1.219E-6
1.939E-6
1.196E-6
1.004E-6
1.069E-6
3.516E-6
2.194E-6
2.942E-6
1.243E-6
2.077E-6
1.665E-6
1.406E-6
1.701E-6
1.647E-6
2.404E-6
1.8E-6
1.382E-6
1.155E-6
1.211E-6
2.769E-6
1.249E-6
2.772E-6
2.591E-6
2.002E-6
1.7E-6
1.079E-6
1.946E-6
2.896E-6
1.253E-6
3.359E-6
2.166E-6
2.147E-6
1.456E-6
2.037E-6
1.46E-6
1.188E-6
1.111E-6
3.086E-6
1.48E-6
2.743E-6
1.501E-6
1.389E-6
1.218E-6
2.807E-6
2.073E-6
1.217E-6
1.602E-6
2.527E-6
1.749E-6
1.764E-6
2.568E-6
1.641E-6
1.323E-6
2.26E-6
1.437E-6
2.194E-6
9.6E-7
1.942E-6
1.498E-6
2.749E-6
2.204E-6
1.963E-6
2.15E-6
2.539E-6
1.208E-6
2.097E-6
2.843E-6
2.478E-6
2.763E-6
1.269E-6
2.036E-6
1.398E-6
1.524E-6
1.297E-6
2.66E-6
1.53E-6
1.344E-6
1.815E-6
1.235E-6
1.397E-6
1.244E-6
2.233E-6
2.046E-6
2.658E-6
1.228E-6
2.929E-6
1.499E-6
2.436E-6
1.237E-6
1.168E-6
1.841E-6
2.16E-6
1.185E-6
3.041E-6
1.255E-6
2.191E-6
2.802E-6
1.363E-6
2.419E-6
2.014E-6
1.192E-6
1.835E-6
1.865E-6
2.165E-6
1.853E-6
1.266E-6
2.235E-6
2.145E-6
1.608E-6
1.685E-6
2.658E-6
1.54E-6
1.244E-6
2.072E-6
2.267E-6
1.961E-6
2.473E-6
1.231E-6
1.001E-6
2.766E-6
2.037E-6
1.879E-6
1.377E-6
1.417E-6
4.311E-6
1.359E-6
2.098E-6
1.844E-6
1.489E-6
1.158E-6
1.957E-6
1.896E-6
1.28E-6
1.023E-6
1.553E-6
1.776E-6
1.659E-6
3.315E-6
1.795E-6
1.274E-6
2.254E-6
1.16E-6
3.392E-6
1.945E-6
9.63E-7
1.488E-6
1.176E-6
2.939E-6
1.953E-6
9.44E-7
1.871E-6
1.805E-6
3.404E-6
2.87E-6
1.284E-6
1.354E-6
1.198E-6
9.37E-7
1.239E-6
2.135E-6
1.485E-6
1.389E-6
1.595E-6
1.854E-6
1.195E-6
1.871E-6
2.167E-6
1.184E-6
2.722E-6
2.666E-6
1.19E-6
2.514E-6
1.951E-6
9.64E-7
1.237E-6
1.817E-6
1.924E-6
1.333E-6
2.789E-6
1.818E-6
1.319E-6
1.825E-6
1.908E-6
2.343E-6
2.767E-6
1.695E-6
1.188E-6
1.178E-6
1.869E-6
1.112E-6
9.84E-7
1.517E-6
3.113E-6
1.239E-6
1.606E-6
2.296E-6
1.16E-6
9.28E-7
2.087E-6
3.51E-6
1.155E-6
1.633E-6
1.213E-6
2.045E-6
1.538E-6
9.61E-7
1.369E-6
2.839E-6
2.114E-6
2.832E-6
1.209E-6
2.298E-6
2.345E-6
3.243E-6
1.219E-6
1.426E-6
2.705E-6
1.626E-6
2.113E-6
2.005E-6
2.749E-6
1.495E-6
1.366E-6
1.297E-6
1.887E-6
1.159E-6
1.451E-6
9.5E-7
1.164E-6
2.129E-6
1.63E-6
1.206E-6
1.987E-6
1.324E-6
2.026E-6
1.447E-6
9.42E-7
1.503E-6
2.125E-6
1.842E-6
1.541E-6
9.15E-7
1.97E-6
1.724E-6
1.452E-6
1.538E-6
1.983E-6
1.972E-6
9.9E-7
1.42E-6
2.953E-6
1.348E-6
1.128E-6
1.352E-6
1.373E-6
1.694E-6
2.562E-6
1.649E-6
2.383E-6
3.15E-6
2.75E-6
2.171E-6
3.089E-6
1.345E-6
3.088E-6
1.644E-6
1.951E-6
2.084E-6
1.235E-6
1.594E-6
1.309E-6
1.455E-6
1.475E-6
1.515E-6
1.334E-6
1.193E-6
2.44E-6
1.507E-6
2.044E-6
1.636E-6
2.018E-6
2.062E-6
1.327E-6
2.564E-6
1.907E-6
1.452E-6
1.386E-6
9.17E-7
1.353E-6
1.129E-6
1.965E-6
1.132E-6
1.123E-6
2.801E-6
2.63E-6
1.217E-6
1.938E-6
1.547E-6
3.04E-6
1.389E-6
1.65E-6
1.521E-6
1.612E-6
1.159E-6
1.134E-6
2.061E-6
1.324E-6
1.942E-6
1.138E-6
2.166E-6
1.126E-6
1.741E-6
1.022E-6
2.013E-6
1.184E-6
9.8E-7
2.318E-6
1.207E-6
1.127E-6
8.92E-7
2.498E-6
2.809E-6
1.278E-6
1.308E-6
2.658E-6
1.596E-6
1.212E-6
1.287E-6
1.57E-6
2.221E-6
1.322E-6
2.803E-6
1.622E-6
2.253E-6
1.264E-6
1.23E-6
2.068E-6
1.165E-6
1.217E-6
2.919E-6
1.395E-6
2.159E-6
1.597E-6
2.589E-6
1.858E-6
1.4E-6
1.278E-6
3.075E-6
1.373E-6
1.918E-6
2.134E-6
1.786E-6
9.45E-7
1.537E-6
1.464E-6
1.693E-6
1.937E-6
1.266E-6
1.857E-6
1.161E-6
2.01E-6
1.184E-6
2.538E-6
1.276E-6
3.112E-6
1.5E-6
1.831E-6
1.549E-6
1.231E-6
1.969E-6
2.251E-6
1.584E-6
1.22E-6
1.838E-6
1.257E-6
1.936E-6
2.72E-6
2.242E-6
1.202E-6
1.4E-6
2.596E-6
1.257E-6
1.869E-6
1.181E-6
3.201E-6
2.168E-6
1.229E-6
1.259E-6
1.922E-6
3.353E-6
2.176E-6
1.449E-6
2.215E-6
1.822E-6
1.158E-6
1.33E-6
1.575E-6
2.025E-6
2.687E-6
1.179E-6
3.479E-6
2.848E-6
2.054E-6
2.536E-6
1.489E-6
2.49E-6
2.852E-6
1.267E-6
1.406E-6
2.645E-6
1.162E-6
9.18E-7
1.287E-6
9.18E-7
2.531E-6
1.211E-6
1.051E-6
1.165E-6
3.174E-6
1.264E-6
1.797E-6
1.379E-6
1.179E-6
1.124E-6
1.827E-6
2.742E-6
9.84E-7
3.236E-6
1.54E-6
2.726E-6
1.437E-6
1.159E-6
1.865E-6
1.902E-6
2.844E-6
1.402E-6
1.282E-6
2.024E-6
1.167E-6
1.202E-6
1.546E-6
1.235E-6
2.583E-6
2.396E-6
1.39E-6
1.558E-6
2.892E-6
1.407E-6
1.207E-6
1.914E-6
1.163E-6
9.5E-7
1.432E-6
1.223E-6
1.639E-6
1.727E-6
1.815E-6
2.482E-6
2.189E-6
1.872E-6
1.646E-6
1.872E-6
1.174E-6
1.684E-6
1.464E-6
1.155E-6
5.388E-6
2.741E-6
1.532E-6
3.059E-6
1.35E-6
1.225E-6
2.397E-6
1.23E-6
1.245E-6
1.928E-6
1.176E-6
1.124E-6
1.556E-6
2.165E-6
1.28E-6
2.014E-6
2.404E-6
1.623E-6
1.489E-6
1.191E-6
1.722E-6
1.798E-6
1.822E-6
1.448E-6
1.217E-6
1.683E-6
1.528E-6
1.6E-6
2.228E-6
2.634E-6
1.38E-6
1.292E-6
2.766E-6
2.661E-6
1.777E-6
3.095E-6
2.308E-6
1.585E-6
1.205E-6
1.904E-6
1.342E-6
2.017E-6
2.052E-6
1.391E-6
1.146E-6
1.65E-6
3.083E-6
1.318E-6
2.114E-6
1.802E-6
1.164E-6
1.863E-6
1.328E-6
3.07E-6
2.22E-6
2.443E-6
1.171E-6
1.224E-6
2.768E-6
2.419E-6
3.894E-6
1.603E-6
2.574E-6
1.684E-6
2.617E-6
1.09E-6
1.883E-6
2.441E-6
1.259E-6
2.328E-6
2.195E-6
2.688E-6
1.205E-6
2.544E-6
2.49E-6
1.269E-6
1.328E-6
1.833E-6
1.133E-6
2.783E-6
1.471E-6
2.161E-6
1.271E-6
3.401E-6
1.617E-6
2.133E-6
1.186E-6
1.286E-6
1.932E-6
1.198E-6
1.108E-6
1.168E-6
1.317E-6
1.219E-6
1.761E-6
1.139E-6
1.096E-6
2.008E-6
1.947E-6
1.949E-6
2.255E-6
1.762E-6
1.303E-6
3.055E-6
1.259E-6
1.364E-6
3.253E-6
1.107E-6
1.145E-6
1.905E-6
1.718E-6
2.278E-6
1.404E-6
1.768E-6
1.209E-6
1.997E-6
3.082E-6
2.482E-6
1.137E-6
2.735E-6
1.317E-6
1.816E-6
1.139E-6
1.48E-6
1.086E-6
1.433E-6
2.56E-6
1.394E-6
1.409E-6
1.661E-6
2.42E-6
2.013E-6
1.479E-6
2.047E-6
1.243E-6
2.532E-6
1.24E-6
2.002E-6
1.099E-6
1.135E-6
2.967E-6
1.2E-6
1.77E-6
1.993E-6
1.257E-6
2.75E-6
1.34E-6
3.335E-6
3.044E-6
1.779E-6
2.492E-6
1.578E-6
1.202E-6
2.169E-6
2.119E-6
2.167E-6
1.185E-6
2.607E-6
1.205E-6
1.654E-6
1.948E-6
2.437E-6
1.233E-6
2.29E-6
1.965E-6
1.247E-6
1.692E-6
2.735E-6
1.19E-6
1.213E-6
1.524E-6
1.173E-6
1.283E-6
2.628E-6
1.192E-6
1.846E-6
1.71E-6
1.206E-6
1.823E-6
1.124E-6
2.387E-6
1.228E-6
2.548E-6
2.079E-6
1.283E-6
1.131E-6
1.812E-6
1.624E-6
2.608E-6
1.606E-6
1.229E-6
2.547E-6
1.216E-6
1.259E-6
2.916E-6
1.217E-6
1.145E-6
2.831E-6
1.186E-6
1.986E-6
1.119E-6
1.165E-6
1.079E-6
3.088E-6
1.33E-6
2.7E-6
1.758E-6
1.264E-6
1.805E-6
1.964E-6
3.214E-6
2.048E-6
1.152E-6
2.076E-6
2.498E-6
1.121E-6
2.082E-6
1.164E-6
1.116E-6
3.165E-6
1.771E-6
1.7E-6
2.607E-6
2.126E-6
1.753E-6
1.093E-6
1.586E-6
1.309E-6
1.755E-6
1.973E-6
1.13E-6
2.339E-6
2.344E-6
1.804E-6
1.714E-6
1.33E-6
1.328E-6
1.973E-6
2.034E-6
1.916E-6
1.112E-6
1.828E-6
1.283E-6
3.124E-6
1.496E-6
1.198E-6
1.6E-6
1.392E-6
2.521E-6
1.112E-6
1.448E-6
1.429E-6
1.28E-6
2.715E-6
1.197E-6
1.125E-6
3.513E-6
1.999E-6
1.193E-6
1.973E-6
2.385E-6
1.391E-6
1.252E-6
1.763E-6
2.49E-6
1.754E-6
1.232E-6
2.97E-6
1.269E-6
3.495E-6
2.215E-6
1.246E-6
3.245E-6
1.203E-6
1.17E-6
2.091E-6
1.144E-6
1.659E-6
1.252E-6
1.209E-6
1.879E-6
1.183E-6
1.288E-6
1.926E-6
3.182E-6
1.628E-6
1.261E-6
1.721E-6
1.21E-6
2.215E-6
2.832E-6
1.239E-6
3.48E-6
1.408E-6
1.552E-6
1.243E-6
2.08E-6
1.181E-6
1.779E-6
2.357E-6
1.648E-6
2.364E-6
1.48E-6
2.004E-6
1.403E-6
2.039E-6
2.65E-6
1.18E-6
2.113E-6
1.125E-6
1.845E-6
1.78E-6
1.495E-6
1.077E-6
1.159E-6
2.164E-6
1.795E-6
1.585E-6
2.615E-6
1.196E-6
1.161E-6
1.791E-6
1.149E-6
1.959E-6
1.22E-6
3.091E-6
1.512E-6
2.743E-6
1.529E-6
1.252E-6
1.694E-6
1.629E-6
1.177E-6
1.144E-6
2.454E-6
1.998E-6
1.655E-6
1.926E-6
1.625E-6
1.155E-6
1.136E-6
2.091E-6
1.187E-6
1.259E-6
1.675E-6
2.716E-6
2.302E-6
1.154E-6
2.14E-6
1.709E-6
2.925E-6
1.187E-6
1.893E-6
1.186E-6
1.768E-6
4.045E-6
1.756E-6
1.992E-6
3.046E-6
2.713E-6
1.242E-6
2.792E-6
1.203E-6
1.146E-6
1.43E-6
1.922E-6
1.18E-6
2.173E-6
1.151E-6
1.152E-6
1.512E-6
1.126E-6
1.206E-6
2.377E-6
2.069E-6
1.135E-6
1.629E-6
1.132E-6
1.095E-6
2.07E-6
2.076E-6
1.51E-6
1.097E-6
1.989E-6
2.444E-6
1.648E-6
1.949E-6
1.844E-6
1.327E-6
1.98E-6
1.508E-6
5.139E-6
3.454E-6
3.213E-6
1.277E-6
1.847E-6
1.717E-6
2.675E-6
1.139E-6
2.238E-6
1.248E-6
3.25E-6
1.266E-6
2.993E-6
1.621E-6
2.665E-6
1.543E-6
1.861E-6
1.453E-6
1.528E-6
1.719E-6
1.198E-6
2.21E-6
1.077E-6
3.482E-6
2.34E-6
1.385E-6
1.516E-6
1.749E-6
1.216E-6
3.142E-6
1.242E-6
1.28E-6
2.981E-6
1.664E-6
1.149E-6
2.468E-6
1.575E-6
1.657E-6
1.547E-6
2.973E-6
1.763E-6
2.021E-6
1.371E-6
1.138E-6
1.942E-6
1.148E-6
1.121E-6
1.733E-6
1.122E-6
1.075E-6
1.792E-6
3.539E-6
1.395E-6
1.872E-6
1.116E-6
2.025E-6
1.173E-6
3.036E-6
1.951E-6
2.939E-6
2.309E-6
1.805E-6
2.017E-6
1.307E-6
1.214E-6
2.629E-6
2.31E-6
1.899E-6
1.618E-6
1.325E-6
1.428E-6
1.161E-6
1.108E-6
1.771E-6
1.478E-6
2.178E-6
1.198E-6
1.106E-6
3.343E-6
1.37E-6
1.188E-6
1.802E-6
3.409E-6
1.322E-6
1.477E-6
1.977E-6
1.969E-6
1.909E-6
2.263E-6
1.143E-6
1.213E-6
1.711E-6
1.126E-6
2.521E-6
1.189E-6
1.517E-6
2.051E-6
1.22E-6
1.197E-6
1.341E-6
1.329E-6
1.897E-6
2.016E-6
3.31E-6
1.989E-6
2.177E-6
2.256E-6
1.139E-6
1.214E-6
2.418E-6
1.193E-6
2.179E-6
1.207E-6
1.106E-6
1.178E-6
2.004E-6
2.209E-6
1.008E-6
1.135E-6
2.036E-6
1.392E-6
3.051E-6
1.447E-6
2.408E-6
4.063E-6
2.837E-6
1.213E-6
1.301E-6
1.982E-6
4.208E-6
1.242E-6
1.534E-6
2.179E-6
1.299E-6
1.733E-6
1.718E-6
2.373E-6
2.221E-6
4.087E-6
3.091E-6
2.271E-6
5.877E-6
2.438E-6
2.834E-6
5.365E-6
2.786E-6
1.713E-6
3.445E-6
1.857E-6
2.249E-6
3.57E-6
2.974E-6
1.646E-6
2.774E-6
5.346E-6
2.936E-6
5.77E-6
2.458E-6
4.308E-6
4.643E-6
2.035E-6
2.093E-6
3.566E-6
1.238E-6
1.202E-6
1.562E-6
3.216E-6
2.306E-6
3.428E-6
1.231E-6
2.375E-6
1.681E-6
1.226E-6
3.921E-6
1.4E-6
1.881E-6
1.162E-6
1.948E-6
1.599E-6
2.142E-6
1.141E-6
1.455E-6
1.178E-6
2.033E-6
1.609E-6
1.957E-6
2.087E-6
2.266E-6
2.468E-6
1.164E-6
2.883E-6
3.14E-6
1.399E-6
3.216E-6
1.366E-6
2.294E-6
1.445E-6
2.89E-6
1.127E-6
2.097E-6
1.563E-6
3.725E-6
2.581E-6
2.24E-6
2.018E-6
1.496E-6
1.139E-6
1.224E-6
2.054E-6
1.734E-6
1.303E-6
1.807E-6
5.234E-6
3.33E-6
1.743E-6
1.318E-6
2.165E-6
1.168E-6
1.545E-6
3.686E-6
1.313E-6
2.353E-6
1.225E-6
2.946E-6
1.521E-6
1.935E-6
1.495E-6
1.287E-6
2.002E-6
1.241E-6
1.082E-6
1.576E-6
1.799E-6
1.402E-6
1.447E-6
2.622E-6
1.856E-6
3.531E-6
1.554E-6
2.916E-6
1.087E-6
1.166E-6
1.169E-6
1.879E-6
1.353E-6
1.665E-6
1.81E-6
1.104E-6
1.551E-6
4.162E-6
2.679E-6
1.335E-6
1.804E-6
1.929E-6
1.669E-6
2.707E-6
2.557E-6
1.194E-6
1.433E-6
2.091E-6
2.484E-6
1.557E-6
1.281E-6
1.607E-6
2.059E-6
2.1594E-5
4.384E-6
3.501E-6
1.255E-6
1.904E-6
1.834E-6
2.655E-6
1.39E-6
2.203E-6
1.256E-6
1.776E-6
1.169E-6
1.22E-6
2.971E-6
1.284E-6
2.782E-6
1.702E-6
2.603E-6
1.176E-6
1.473E-6
1.101E-6
2.567E-6
1.207E-6
1.991E-6
1.282E-6
3.0E-6
1.51E-6
1.978E-6
1.303E-6
3.444E-6
1.46E-6
1.806E-6
1.832E-6
1.91E-6
3.77E-6
2.437E-6
2.685E-6
3.133E-6
1.247E-6
1.399E-6
3.469E-6
2.266E-6
3.425E-6
1.624E-6
1.254E-6
1.59E-6
1.96E-6
2.367E-6
1.169E-6
2.035E-6
1.182E-6
1.122E-6
1.289E-6
1.157E-6
2.025E-6
2.259E-6
4.138E-6
1.177E-6
2.877E-6
2.991E-6
1.531E-6
2.01E-6
2.549E-6
1.304E-6
2.163E-6
1.739E-6
1.351E-6
3.201E-6
3.207E-6
1.635E-6
2.082E-6
1.776E-6
2.037E-6
1.169E-6
1.702E-6
2.953E-6
2.836E-6
1.826E-6
2.232E-6
1.145E-6
1.316E-6
2.696E-6
1.321E-6
1.703E-6
1.265E-6
1.201E-6
3.278E-6
2.959E-6
2.877E-6
3.279E-6
1.23E-6
1.276E-6
2.33E-6
1.811E-6
2.23E-6
1.179E-6
3.52E-6
2.306E-6
2.774E-6
1.211E-6
2.179E-6
4.153E-6
1.271E-6
2.458E-6
1.152E-6
1.641E-6
1.127E-6
1.82E-6
2.546E-6
2.997E-6
1.49E-6
2.176E-6
3.149E-6
1.223E-6
3.624E-6
2.585E-6
1.279E-6
2.395E-6
1.238E-6
2.247E-6
1.992E-6
1.835E-6
2.096E-6
2.145E-6
1.889E-6
1.156E-6
1.584E-6
3.792E-6
1.175E-6
1.219E-6
1.582E-6
1.127E-6
1.169E-6
2.571E-6
1.947E-6
1.788E-6
1.415E-6
3.353E-6
1.817E-6
1.195E-6
3.735E-6
1.529E-6
2.438E-6
1.382E-6
2.729E-6
1.145E-6
1.79E-6
2.379E-6
1.306E-6
1.723E-6
2.006E-6
2.089E-6
1.666E-6
2.702E-6
1.328E-6
2.045E-6
1.626E-6
1.514E-6
4.223E-6
2.023E-6
1.204E-6
1.864E-6
1.304E-6
1.292E-6
2.394E-6
2.726E-6
2.423E-6
1.13E-6
1.954E-6
1.505E-6
1.202E-6
2.183E-6
1.789E-6
1.975E-6
2.914E-6
2.565E-6
4.134E-6
2.199E-6
1.272E-6
1.541E-6
3.044E-6
1.164E-6
1.165E-6
1.868E-6
2.593E-6
1.235E-6
3.111E-6
1.993E-6
3.083E-6
1.51E-6
1.177E-6
2.124E-6
1.181E-6
1.918E-6
3.021E-6
1.603E-6
2.142E-6
1.574E-6
2.491E-6
2.488E-6
2.194E-6
2.257E-6
2.295E-6
1.186E-6
1.299E-6
2.017E-6
1.321E-6
1.285E-6
2.477E-6
1.442E-6
2.18E-6
1.431E-6
3.36E-6
1.646E-6
1.15E-6
1.712E-6
2.546E-6
2.135E-6
2.48E-6
1.525E-6
3.626E-6
1.381E-6
1.264E-6
2.301E-6
2.4E-6
1.133E-6
1.272E-6
1.901E-6
1.113E-6
2.685E-6
1.205E-6
2.985E-6
2.953E-6
1.589E-6
2.51E-6
1.504E-6
1.864E-6
1.188E-6
3.296E-6
1.25E-6
1.555E-6
3.018E-6
1.464E-6
3.267E-6
1.571E-6
2.112E-6
1.238E-6
1.236E-6
3.471E-6
2.035E-6
1.505E-6
2.555E-6
1.944E-6
1.392E-6
1.732E-6
2.44E-6
6.636E-6
1.876E-6
1.82E-6
2.32E-6
1.968E-6
1.879E-6
2.107E-6
1.956E-6
1.817E-6
2.103E-6
2.544E-6
5.567E-6
3.29E-6
3.168E-6
1.898E-6
2.259E-6
4.017E-6
1.503E-6
1.879E-6
2.011E-6
2.112E-6
3.695E-6
1.498E-6
2.929E-6
2.666E-6
3.685E-6
1.08E-6
2.373E-6
2.594E-6
1.163E-6
2.012E-6
2.641E-6
1.341E-6
1.201E-6
2.619E-6
1.465E-6
1.496E-6
2.813E-6
1.375E-6
1.304E-6
1.659E-6
2.418E-6
1.199E-6
3.544E-6
1.87E-6
1.194E-6
3.294E-6
2.709E-6
1.236E-6
2.206E-6
1.743E-6
2.533E-6
2.613E-6
1.372E-6
3.712E-6
1.539E-6
2.281E-6
1.936E-6
1.042E-6
1.113E-6
1.942E-6
2.332E-6
1.077E-6
3.055E-6
1.519E-6
1.895E-6
2.096E-6
2.271E-6
4.322E-6
1.389E-6
3.274E-6
2.849E-6
1.197E-6
1.32E-6
1.216E-6
2.13E-6
1.823E-6
3.063E-6
1.267E-6
2.295E-6
1.351E-6
2.615E-6
2.393E-6
1.504E-6
1.396E-6
3.505E-6
1.533E-6
2.14E-6
1.109E-6
1.483E-6
1.422E-6
3.484E-6
1.22E-6
1.304E-6
1.904E-6
1.14E-6
1.494E-6
1.215E-6
1.9E-6
2.352E-6
1.116E-6
1.989E-6
1.461E-6
1.897E-6
2.756E-6
2.073E-6
2.664E-6
1.302E-6
2.778E-6
1.474E-6
2.316E-6
3.709E-6
1.812E-6
1.896E-6
1.14E-6
2.416E-6
2.49E-6
2.398E-6
2.743E-6
1.298E-6
2.351E-6
1.135E-6
2.147E-6
1.29E-6
1.786E-6
1.934E-6
2.949E-6
2.006E-6
4.498E-6
1.203E-6
2.344E-6
1.846E-6
2.045E-6
3.075E-6
1.731E-6
1.907E-6
1.98E-6
1.354E-6
2.887E-6
1.813E-6
1.728E-6
1.421E-6
1.888E-6
2.974E-6
1.199E-6
1.859E-6
1.199E-6
2.314E-6
2.046E-6
2.527E-6
2.177E-6
2.706E-6
1.219E-6
2.726E-6
1.242E-6
1.236E-6
3.529E-6
1.497E-6
2.447E-6
1.925E-6
2.099E-6
1.145E-6
1.203E-6
2.18E-6
1.123E-6
1.233E-6
2.737E-6
1.518E-6
1.223E-6
1.927E-6
1.432E-6
2.298E-6
1.71E-6
2.175E-6
2.359E-6
1.817E-6
1.177E-6
2.414E-6
2.286E-6
1.239E-6
1.184E-6
2.607E-6
1.534E-6
2.719E-6
1.423E-6
1.177E-6
1.735E-6
1.515E-6
1.894E-6
1.23E-6
1.781E-6
2.697E-6
1.578E-6
1.721E-6
1.801E-6
1.242E-6
2.066E-6
1.227E-6
2.669E-6
3.855E-6
3.341E-6
1.346E-6
2.98E-6
2.356E-6
3.829E-6
1.932E-6
2.978E-6
3.892E-6
5.479E-6
2.345E-6
3.909E-6
3.435E-6
3.928E-6
1.972E-6
3.431E-6
2.183E-6
3.539E-6
4.46E-6
4.569E-6
2.727E-6
2.633E-6
4.91E-6
4.682E-6
4.298E-6
5.338E-6
2.108E-6
2.525E-6
4.785E-6
4.985E-6
2.957E-6
6.47E-6
3.433E-6
2.432E-6
3.739E-6
2.421E-6
2.813E-6
4.494E-6
4.288E-6
5.154E-6
6.25E-6
2.62E-6
4.429E-6
2.605E-6
3.679E-6
3.413E-6
2.184E-6
1.797E-6
1.957E-6
2.176E-6
5.128E-6
3.266E-6
4.73E-6
6.82E-6
2.655E-6
2.318E-6
3.301E-6
4.769E-6
2.02E-6
2.047E-6
3.331E-6
2.104E-6
4.707E-6
2.783E-6
4.385E-6
4.759E-6
3.439E-6
3.623E-6
2.005E-6
3.227E-6
3.775E-6
3.098E-6
5.577E-6
1.927E-6
2.179E-6
4.304E-6
1.962E-6
2.023E-6
2.082E-6
3.705E-6
1.612E-6
3.311E-6
2.569E-6
3.041E-6
2.631E-6
4.793E-6
2.016E-6
2.03E-6
2.22E-6
3.623E-6
2.011E-6
2.939E-6
3.898E-6
3.359E-6
2.904E-6
3.943E-6
1.92E-6
4.479E-6
2.393E-6
4.408E-6
3.469E-6
2.027E-6
3.354E-6
4.337E-6
4.998E-6
2.308E-6
2.058E-6
4.161E-6
2.162E-6
3.697E-6
3.302E-6
3.77E-6
3.454E-6
2.716E-6
3.338E-6
2.149E-6
3.649E-6
3.761E-6
2.588E-6
6.676E-6
5.869E-6
2.69E-6
5.455E-6
3.741E-6
3.408E-6
2.491E-6
4.195E-6
2.827E-6
2.887E-6
2.878E-6
2.463E-6
3.123E-6
2.1E-6
4.063E-6
6.053E-6
3.507E-6
3.462E-6
6.285E-6
2.386E-6
2.856E-6
4.825E-6
4.865E-6
2.632E-6
5.996E-6
2.406E-6
2.885E-6
4.816E-6
2.175E-6
2.029E-6
5.706E-6
2.389E-6
7.056E-6
4.169E-6
2.811E-6
4.059E-6
4.773E-6
2.323E-6
2.085E-6
2.862E-6
1.933E-6
2.475E-6
3.738E-6
6.203E-6
2.636E-6
4.797E-6
2.999E-6
5.877E-6
3.534E-6
2.257E-6
4.325E-6
2.137E-6
2.323E-6
5.903E-6
6.84E-6
2.71E-6
2.185E-6
5.368E-6
3.246E-6
4.032E-6
2.68E-6
2.543E-6
5.387E-6
4.314E-6
2.685E-6
4.825E-6
4.486E-6
4.368E-6
2.183E-6
3.762E-6
2.78E-6
2.031E-6
6.544E-6
4.767E-6
3.145E-6
2.678E-6
2.14E-6
6.233E-6
2.513E-6
2.261E-6
2.758E-6
3.646E-6
2.549E-6
4.905E-6
3.828E-6
3.264E-6
5.327E-6
2.728E-6
2.214E-6
5.193E-6
3.593E-6
4.503E-6
3.233E-6
2.292E-6
6.411E-6
5.984E-6
6.42E-6
3.829E-6
4.139E-6
6.45E-6
2.171E-6
6.248E-6
5.184E-6
3.41E-6
4.274E-6
4.918E-6
5.577E-6
2.719E-6
2.44E-6
3.661E-6
2.653E-6
5.074E-6
2.635E-6
3.87E-6
8.074E-6
3.501E-6
4.167E-6
2.968E-6
2.362E-6
4.656E-6
3.677E-6
3.863E-6
5.347E-6
3.585E-6
2.457E-6
2.189E-6
4.313E-6
3.417E-6
2.737E-6
2.414E-6
3.796E-6
2.481E-6
2.162E-6
4.041E-6
2.079E-6
5.397E-6
5.499E-6
4.567E-6
3.607E-6
2.368E-6
2.987E-6
2.304E-6
2.238E-6
4.744E-6
2.154E-6
3.429E-6
4.494E-6
7.626E-6
3.158E-6
4.373E-6
3.908E-6
3.835E-6
4.495E-6
6.053E-6
4.988E-6
6.95E-6
2.487E-6
3.828E-6
4.096E-6
2.961E-6
3.564E-6
2.818E-6
4.959E-6
2.685E-6
2.346E-6
5.812E-6
2.217E-6
2.256E-6
2.969E-6
3.669E-6
3.039E-6
3.358E-6
4.961E-6
5.964E-6
2.308E-6
4.469E-6
2.03E-6
3.407E-6
2.14E-6
2.572E-6
5.215E-6
3.916E-6
4.116E-6
2.263E-6
6.621E-6
2.717E-6
3.905E-6
3.433E-6
2.189E-6
3.308E-6
4.874E-6
4.27E-6
4.125E-6
2.38E-6
5.719E-6
2.344E-6
2.601E-6
2.227E-6
4.2E-6
3.272E-6
4.53E-6
2.367E-6
5.838E-6
4.906E-6
2.21E-6
4.448E-6
4.347E-6
3.975E-6
2.3E-6
3.416E-6
3.519E-6
2.959E-6
6.227E-6
3.561E-6
5.059E-6
2.12E-6
2.929E-6
7.517E-6
5.777E-6
4.018E-6
4.237E-6
2.164E-6
2.318E-6
3.882E-6
6.561E-6
4.359E-6
3.814E-6
4.925E-6
4.561E-6
3.213E-6
5.801E-6
3.159E-6
4.162E-6
2.84E-6
5.456E-6
4.774E-6
2.91E-6
4.319E-6
2.047E-6
2.497E-6
5.241E-6
6.626E-6
2.71E-6
1.912E-6
4.247E-6
1.883E-6
2.002E-6
5.756E-6
2.168E-6
1.943E-6
3.786E-6
3.225E-6
5.72E-6
3.314E-6
5.409E-6
4.093E-6
3.584E-6
3.687E-6
3.976E-6
1.894E-6
5.379E-6
2.182E-6
3.37E-6
3.949E-6
4.944E-6
2.284E-6
3.918E-6
2.004E-6
5.061E-6
5.896E-6
2.161E-6
3.517E-6
4.798E-6
3.951E-6
4.764E-6
2.765E-6
5.88E-6
2.735E-6
4.246E-6
1.999E-6
4.029E-6
5.883E-6
1.923E-6
3.128E-6
2.617E-6
4.758E-6
5.6E-6
6.972E-6
3.383E-6
4.709E-6
3.728E-6
2.648E-6
1.909E-6
5.341E-6
2.195E-6
3.926E-6
2.606E-6
5.259E-6
2.208E-6
5.492E-6
2.541E-6
2.668E-6
5.182E-6
2.556E-6
4.138E-6
3.181E-6
3.677E-6
3.278E-6
2.344E-6
5.679E-6
2.613E-6
3.009E-6
1.852E-6
3.759E-6
6.867E-6
2.108E-6
4.661E-6
3.677E-6
2.109E-6
2.252E-6
3.712E-6
2.704E-6
5.88E-6
4.706E-6
3.923E-6
1.953E-6
4.57E-6
3.068E-6
3.061E-6
2.645E-6
4.814E-6
6.93E-6
3.678E-6
3.363E-6
1.83E-6
4.005E-6
4.484E-6
2.324E-6
4.576E-6
3.976E-6
1.954E-6
2.781E-6
3.256E-6
4.617E-6
2.485E-6
3.609E-6
3.059E-6
2.316E-6
4.28E-6
5.143E-6
3.339E-6
4.817E-6
1.913E-6
4.088E-6
2.079E-6
2.387E-6
3.118E-6
5.826E-6
3.024E-6
3.452E-6
2.653E-6
6.35E-6
3.35E-6
3.451E-6
2.178E-6
5.708E-6
2.599E-6
3.802E-6
2.741E-6
5.107E-6
7.733E-6
2.607E-6
4.634E-6
3.885E-6
6.629E-6
2.101E-6
4.281E-6
2.147E-6
3.536E-6
2.286E-6
3.354E-6
1.999E-6
3.694E-6
3.309E-6
2.324E-6
2.761E-6
2.091E-6
6.067E-6
1.925E-6
1.916E-6
2.162E-6
3.829E-6
5.458E-6
2.29E-6
2.237E-6
3.695E-6
2.613E-6
6.299E-6
6.348E-6
2.018E-6
2.117E-6
2.499E-6
4.74E-6
5.791E-6
2.397E-6
1.966E-6
4.261E-6
2.52E-6
2.274E-6
3.751E-6
4.668E-6
5.02E-6
3.59E-6
4.613E-6
4.091E-6
8.133E-6
3.552E-6
3.643E-6
5.051E-6
3.856E-6
3.66E-6
1.87E-6
4.113E-6
5.963E-6
5.65E-6
2.583E-6
3.711E-6
2.068E-6
2.202E-6
3.365E-6
3.464E-6
5.916E-6
3.157E-6
2.134E-6
6.133E-6
5.113E-6
3.787E-6
5.92E-6
5.081E-6
2.929E-6
5.671E-6
3.809E-6
3.396E-6
2.765E-6
1.954E-6
4.278E-6
4.475E-6
2.868E-6
7.013E-6
2.592E-6
4.052E-6
6.891E-6
2.224E-6
2.347E-6
2.203E-6
2.926E-6
3.431E-6
2.345E-6
2.112E-6
7.769E-6
6.737E-6
2.212E-6
3.102E-6
2.536E-6
4.302E-6
3.764E-6
2.781E-6
8.371E-6
5.265E-6
2.839E-6
5.63E-6
3.688E-6
2.621E-6
4.57E-6
2.489E-6
4.621E-6
2.15E-6
3.885E-6
3.708E-6
3.004E-6
2.851E-6
5.937E-6
4.399E-6
1.971E-6
2.268E-6
2.085E-6
5.062E-6
2.229E-6
4.716E-6
3.532E-6
2.858E-6
3.252E-6
3.328E-6
6.713E-6
3.441E-6
2.376E-6
2.359E-6
5.717E-6
4.767E-6
2.107E-6
2.247E-6
3.742E-6
5.692E-6
5.021E-6
4.471E-6
4.204E-6
6.255E-6
3.564E-6
4.311E-6
4.272E-6
4.346E-6
2.104E-6
5.648E-6
4.576E-6
3.295E-6
3.847E-6
1.896E-6
1.964E-6
5.973E-6
3.262E-6
2.088E-6
5.644E-6
3.444E-6
5.83E-6
5.65E-6
3.841E-6
3.682E-6
2.234E-6
4.887E-6
2.424E-6
2.757E-6
4.154E-6
6.112E-6
5.16E-6
5.892E-6
7.656E-6
2.469E-6
6.033E-6
2.103E-6
2.707E-6
5.403E-6
2.387E-6
5.371E-6
4.936E-6
2.082E-6
6.125E-6
3.19E-6
2.146E-6
5.039E-6
2.229E-6
2.507E-6
2.029E-6
3.652E-6
4.04E-6
2.001E-6
3.924E-6
1.942E-6
4.706E-6
4.063E-6
3.888E-6
4.192E-6
4.355E-6
1.955E-6
4.489E-6
2.025E-6
4.102E-6
2.961E-6
3.999E-6
2.941E-6
4.667E-6
1.967E-6
2.727E-6
2.059E-6
3.088E-6
5.463E-6
3.3E-6
3.975E-6
2.571E-6
3.06E-6
3.069E-6
2.182E-6
3.649E-6
4.614E-6
1.911E-6
1.953E-6
3.5E-6
4.477E-6
2.059E-6
4.381E-6
4.584E-6
2.009E-6
6.327E-6
2.424E-6
2.095E-6
2.849E-6
1.925E-6
8.034E-6
3.196E-6
4.714E-6
2.913E-6
5.711E-6
3.803E-6
4.473E-6
4.117E-6
5.267E-6
2.128E-6
3.029E-6
3.701E-6
1.834E-6
3.271E-6
2.516E-6
6.728E-6
2.401E-6
1.976E-6
5.034E-6
3.636E-6
2.419E-6
5.773E-6
2.426E-6
2.206E-6
4.853E-6
3.744E-6
2.017E-6
4.458E-6
3.592E-6
2.427E-6
4.746E-6
3.699E-6
4.463E-6
6.565E-6
2.176E-6
6.441E-6
2.074E-6
3.382E-6
2.217E-6
4.041E-6
2.085E-6
1.922E-6
5.029E-6
3.737E-6
3.014E-6
2.624E-6
4.02E-6
2.737E-6
2.733E-6
2.778E-6
5.59E-6
2.668E-6
2.901E-6
3.039E-6
3.76E-6
2.604E-6
2.21E-6
3.759E-6
2.354E-6
3.38E-6
6.194E-6
2.52E-6
2.597E-6
3.432E-6
2.624E-6
2.115E-6
3.541E-6
3.32E-6
5.196E-6
4.315E-6
4.985E-6
3.009E-6
2.288E-6
2.73E-6
4.332E-6
3.866E-6
4.313E-6
2.827E-6
3.841E-6
2.26E-6
4.559E-6
4.783E-6
3.796E-6
2.094E-6
2.16E-6
3.53E-6
2.586E-6
3.319E-6
3.5E-6
2.068E-6
4.904E-6
1.986E-6
2.251E-6
4.259E-6
3.009E-6
4.494E-6
4.23E-6
6.231E-6
3.249E-6
2.045E-6
2.11E-6
2.792E-6
2.779E-6
2.015E-6
2.85E-6
2.486E-6
5.059E-6
5.671E-6
2.075E-6
2.156E-6
2.72E-6
2.019E-6
4.763E-6
2.117E-6
2.063E-6
2.305E-6
2.365E-6
2.381E-6
4.463E-6
2.133E-6
2.391E-6
2.092E-6
5.894E-6
3.544E-6
3.938E-6
4.044E-6
6.401E-6
7.421E-6
2.413E-6
3.984E-6
4.606E-6
2.152E-6
5.223E-6
3.866E-6
2.249E-6
1.91E-6
3.384E-6
5.919E-6
2.81E-6
4.423E-6
1.994E-6
2.22E-6
4.441E-6
5.582E-6
3.891E-6
4.783E-6
2.109E-6
4.253E-6
3.794E-6
3.103E-6
4.889E-6
2.106E-6
1.889E-6
2.415E-6
2.163E-6
3.446E-6
5.17E-6
3.115E-6
6.172E-6
3.887E-6
2.236E-6
3.777E-6
1.974E-6
2.154E-6
4.762E-6
5.343E-6
6.738E-6
2.553E-6
2.352E-6
4.577E-6
2.803E-6
2.247E-6
3.443E-6
4.045E-6
4.827E-6
5.852E-6
5.659E-6
1.986E-6
2.76E-6
1.974E-6
2.145E-6
4.053E-6
2.536E-6
4.019E-6
5.539E-6
3.685E-6
2.752E-6
6.175E-6
2.179E-6
3.975E-6
2.236E-6
3.46E-6
6.127E-6
2.834E-6
4.198E-6
2.981E-6
5.436E-6
6.445E-6
2.151E-6
3.602E-6
4.672E-6
2.001E-6
2.672E-6
4.721E-6
2.404E-6
3.489E-6
2.583E-6
4.045E-6
2.967E-6
2.987E-6
2.717E-6
3.158E-6
4.769E-6
3.372E-6
3.554E-6
5.406E-6
2.342E-6
3.82E-6
2.161E-6
3.402E-6
3.577E-6
2.948E-6
4.615E-6
3.313E-6
5.617E-6
2.304E-6
3.553E-6
1.955E-6
1.986E-6
2.748E-6
5.753E-6
3.36E-6
3.871E-6
3.987E-6
3.566E-6
2.252E-6
3.824E-6
2.068E-6
1.969E-6
4.619E-6
5.991E-6
2.084E-6
2.903E-6
2.632E-6
2.645E-6
5.844E-6
2.653E-6
3.889E-6
5.174E-6
2.121E-6
3.34E-6
4.778E-6
3.505E-6
3.25E-6
2.242E-6
3.022E-6
3.085E-6
1.972E-6
2.314E-6
1.91E-6
5.802E-6
2.867E-6
3.903E-6
5.572E-6
2.34E-6
2.689E-6
5.304E-6
2.112E-6
3.676E-6
2.319E-6
4.357E-6
2.33E-6
3.881E-6
6.162E-6
5.054E-6
2.46E-6
4.355E-6
5.272E-6
2.916E-6
2.134E-6
4.108E-6
5.091E-6
2.275E-6
4.611E-6
2.365E-6
2.131E-6
3.068E-6
7.136E-6
2.484E-6
4.404E-6
3.016E-6
2.3E-6
4.489E-6
2.709E-6
4.004E-6
2.28E-6
4.681E-6
2.064E-6
2.503E-6
4.149E-6
4.045E-6
4.651E-6
5.934E-6
2.281E-6
2.178E-6
2.672E-6
3.868E-6
2.101E-6
2.403E-6
2.409E-6
2.847E-6
2.181E-6
2.929E-6
2.288E-6
3.403E-6
2.875E-6
2.657E-6
6.799E-6
4.259E-6
6.682E-6
3.232E-6
2.22E-6
4.761E-6
3.272E-6
5.988E-6
4.577E-6
2.113E-6
4.222E-6
3.813E-6
3.164E-6
3.04E-6
4.007E-6
2.718E-6
3.266E-6
3.019E-6
2.255E-6
1.946E-6
2.948E-6
3.597E-6
4.167E-6
2.992E-6
3.497E-6
2.21E-6
5.295E-6
7.559E-6
3.35E-6
3.511E-6
1.995E-6
2.212E-6
3.75E-6
2.684E-6
2.057E-6
2.368E-6
3.851E-6
2.052E-6
5.748E-6
2.092E-6
3.863E-6
4.121E-6
2.432E-6
3.744E-6
5.935E-6
3.354E-6
7.31E-6
2.031E-6
2.108E-6
4.528E-6
3.219E-6
4.783E-6
2.517E-6
2.559E-6
4.726E-6
2.223E-6
3.597E-6
5.505E-6
4.193E-6
6.156E-6
1.911E-6
2.252E-6
6.452E-6
2.841E-6
5.46E-6
2.194E-6
4.831E-6
2.521E-6
3.477E-6
6.913E-6
6.882E-6
3.429E-6
4.668E-6
2.395E-6
2.345E-6
5.443E-6
4.794E-6
2.116E-6
4.231E-6
2.225E-6
2.084E-6
5.569E-6
2.181E-6
1.861E-6
2.982E-6
1.956E-6
2.362E-6
3.729E-6
3.326E-6
2.581E-6
2.792E-6
5.514E-6
2.074E-6
5.505E-6
2.257E-6
5.06E-6
6.784E-6
4.148E-6
2.14E-6
4.168E-6
3.299E-6
5.69E-6
2.73E-6
2.175E-6
6.517E-6
4.724E-6
3.295E-6
2.553E-6
3.265E-6
3.833E-6
4.076E-6
3.922E-6
2.417E-6
2.578E-6
4.56E-6
3.127E-6
2.066E-6
2.333E-6
2.388E-6
7.408E-6
5.031E-6
2.914E-6
2.182E-6
4.068E-6
3.817E-6
2.112E-6
2.775E-6
2.051E-6
1.983E-6
5.517E-6
3.895E-6
3.238E-6
1.995E-6
2.097E-6
7.352E-6
2.044E-6
8.411E-6
5.032E-6
2.82E-6
5.84E-6
2.101E-6
3.558E-6
4.498E-6
2.673E-6
2.301E-6
4.761E-6
2.488E-6
4.682E-6
4.227E-6
4.346E-6
2.135E-6
5.17E-6
3.283E-6
4.643E-6
2.415E-6
3.387E-6
3.473E-6
2.764E-6
4.01E-6
5.735E-6
4.168E-6
7.335E-6
2.767E-6
2.114E-6
4.668E-6
2.352E-6
4.045E-6
4.054E-6
4.484E-6
2.017E-6
2.562E-6
2.588E-6
3.34E-6
5.247E-6
2.017E-6
5.908E-6
4.104E-6
6.642E-6
3.44E-6
4.791E-6
5.217E-6
4.037E-6
2.988E-6
5.107E-6
3.132E-6
1.92E-6
2.537E-6
2.437E-6
7.654E-6
6.359E-6
3.88E-6
3.86E-6
3.761E-6
2.906E-6
3.404E-6
2.002E-6
2.237E-6
8.7409E-5
2.2525E-5
6.648E-6
4.946E-6
3.047E-6
3.328E-6
4.325E-6
7.605E-6
2.6598E-5
6.215E-6
2.341E-6
6.291E-6
5.74E-6
3.491E-6
4.73E-6
3.097E-6
2.164E-6
5.17E-6
2.617E-6
5.128E-6
2.008E-6
2.024E-6
4.302E-6
2.202E-6
4.953E-6
2.257E-6
2.363E-6
3.641E-6
2.553E-6
4.357E-6
2.822E-6
5.23E-6
4.315E-6
5.195E-6
2.362E-6
3.5372E-5
2.706E-6
3.585E-6
4.45E-6
3.98E-6
1.649E-6
2.892E-6
2.438E-6
6.237E-6
1.921E-6
1.901E-6
2.346E-6
1.139E-6
1.28E-6
2.645E-6
1.412E-6
2.59E-6
1.442E-6
2.394E-6
2.031E-6
2.506E-6
1.565E-6
1.215E-6
4.314E-6
3.44E-6
1.536E-6
1.229E-6
1.752E-6
1.294E-6
2.762E-6
2.716E-6
2.879E-6
1.234E-6
1.482E-6
1.536E-6
1.663E-6
1.947E-6
1.777E-6
2.156E-6
1.461E-6
2.131E-6
1.642E-6
1.226E-6
1.673E-6
3.907E-6
1.641E-6
2.14E-6
1.207E-6
1.816E-6
1.934E-6
1.1E-6
2.806E-6
1.748E-6
2.243E-6
2.242E-6
1.172E-6
1.875E-6
2.22E-6
1.204E-6
1.243E-6
1.855E-6
1.991E-6
1.72E-6
2.293E-6
3.488E-6
3.124E-6
2.614E-6
1.178E-6
3.724E-6
1.562E-6
1.903E-6
3.594E-6
3.324E-6
2.986E-6
2.592E-6
2.438E-6
4.133E-6
1.785E-6
2.753E-6
1.521E-6
2.319E-6
1.991E-6
4.347E-6
1.967E-6
4.938E-6
3.093E-6
5.538E-6
2.316E-6
2.382E-6
1.962E-6
2.347E-6
7.152E-6
2.038E-6
4.61E-6
2.798E-6
4.48E-6
3.262E-6
3.313E-6
2.772E-6
3.167E-6
2.675E-6
3.344E-6
3.785E-6
6.803E-6
2.046E-6
2.302E-6
6.384E-6
2.515E-6
4.173E-6
5.071E-6
2.549E-6
2.494E-6
4.49E-6
1.938E-6
4.144E-6
5.357E-6
4.446E-6
3.498E-6
2.18E-6
2.868E-6
5.226E-6
2.913E-6
2.003E-6
2.637E-6
3.833E-6
3.942E-6
5.201E-6
1.92E-6
3.254E-6
2.258E-6
6.554E-6
1.497E-6
1.262E-6
2.625E-6
2.87E-6
1.237E-6
3.623E-6
2.04E-6
2.856E-6
1.404E-6
2.612E-6
3.02E-6
1.282E-6
1.795E-6
2.585E-6
1.181E-6
1.119E-6
2.76E-6
1.326E-6
3.12E-6
1.948E-6
1.172E-6
1.173E-6
1.197E-6
2.161E-6
1.182E-6
1.231E-6
2.457E-6
1.518E-6
1.764E-6
1.751E-6
2.198E-6
1.137E-6
1.746E-6
1.792E-6
1.949E-6
3.469E-6
1.467E-6
3.516E-6
1.413E-6
1.251E-6
2.788E-6
2.14E-6
2.679E-6
1.222E-6
1.254E-6
2.129E-6
3.402E-6
2.381E-6
2.744E-6
2.054E-6
1.643E-6
2.515E-6
1.822E-6
1.372E-6
1.204E-6
3.112E-6
1.91E-6
1.855E-6
2.516E-6
2.27E-6
1.314E-6
2.549E-6
5.573E-6
1.327E-6
1.843E-6
1.837E-6
2.909E-6
1.432E-6
2.59E-6
1.209E-6
1.615E-6
1.345E-6
1.946E-6
2.502E-6
4.911E-6
2.518E-6
3.945E-6
2.8E-6
2.143E-6
4.681E-6
1.758E-6
3.172E-6
2.074E-6
3.939E-6
3.336E-6
5.384E-6
2.427E-6
3.847E-6
1.888E-6
2.253E-6
3.63E-6
5.303E-6
4.509E-6
4.603E-6
4.68E-6
4.501E-6
4.035E-6
9.123E-6
1.888E-6
2.315E-6
1.157E-6
1.761E-6
3.736E-6
1.425E-6
2.053E-6
1.967E-6
1.918E-6
3.023E-6
1.208E-6
3.882E-6
2.221E-6
1.333E-6
1.23E-6
2.268E-6
1.518E-6
1.67E-6
2.095E-6
1.255E-6
3.786E-6
2.127E-6
2.226E-6
1.996E-6
4.64E-6
2.098E-6
1.155E-6
1.68E-6
1.335E-6
1.23E-6
2.187E-6
1.175E-6
2.454E-6
2.164E-6
3.014E-6
1.459E-6
2.498E-6
1.203E-6
1.143E-6
1.295E-6
2.46E-6
1.197E-6
1.286E-6
1.895E-6
1.051E-6
3.357E-6
2.836E-6
2.18E-6
3.585E-6
1.193E-6
2.285E-6
2.085E-6
3.048E-6
1.278E-6
3.713E-6
1.958E-6
1.955E-6
1.558E-6
2.358E-6
1.752E-6
2.008E-6
2.52E-6
1.723E-6
2.996E-6
2.871E-6
1.267E-6
3.133E-6
2.797E-6
2.533E-6
1.726E-6
9.42E-6
5.376E-6
2.509E-6
4.745E-6
3.708E-6
5.621E-6
2.318E-6
4.759E-6
3.349E-6
4.309E-6
3.455E-6
4.914E-6
2.94E-6
7.182E-6
5.494E-6
3.945E-6
5.685E-6
3.391E-6
6.267E-6
4.139E-6
3.352E-6
5.76E-6
2.718E-6
4.697E-6
3.672E-6
2.41E-6
2.505E-6
4.503E-6
5.682E-6
2.675E-6
3.148E-6
2.769E-6
4.846E-6
9.579E-6
4.094E-6
2.803E-6
5.64E-6
2.326E-6
2.371E-6
3.523E-6
2.192E-6
3.894E-6
1.936E-6
4.005E-6
2.235E-6
1.9E-6
2.966E-6
2.802E-6
3.013E-6
3.804E-6
3.371E-6
6.004E-6
5.072E-6
4.284E-6
2.908E-6
2.522E-6
4.036E-6
2.445E-6
2.257E-6
2.825E-6
2.756E-6
4.129E-6
2.373E-6
2.389E-6
5.763E-6
3.663E-6
2.261E-6
2.218E-6
4.51E-6
2.097E-6
3.079E-6
2.122E-6
4.218E-6
3.616E-6
4.612E-6
2.586E-6
2.12E-6
4.265E-6
6.086E-6
2.295E-6
5.657E-6
3.492E-6
6.789E-6
2.379E-6
4.809E-6
4.0E-6
2.808E-6
6.89E-6
2.57E-6
4.595E-6
3.047E-6
2.174E-6
4.434E-6
2.176E-6
2.208E-6
3.781E-6
2.757E-6
3.648E-6
4.727E-6
6.105E-6
3.284E-6
2.098E-6
2.725E-6
4.922E-6
2.296E-6
4.968E-6
2.726E-6
2.852E-6
4.546E-6
5.566E-6
4.276E-6
5.42E-6
2.743E-6
3.775E-6
5.013E-6
3.614E-6
4.37E-6
2.499E-6
4.382E-6
2.125E-6
5.553E-6
2.605E-6
4.812E-6
2.096E-6
4.265E-6
2.35E-6
7.021E-6
2.791E-6
2.407E-6
2.67E-6
3.729E-6
2.713E-6
6.157E-6
2.665E-6
2.235E-6
4.364E-6
2.077E-6
2.112E-6
5.634E-6
4.507E-6
4.06E-6
3.946E-6
5.456E-6
2.074E-6
4.978E-6
5.704E-6
3.061E-6
3.047E-6
2.059E-6
6.136E-6
2.162E-6
5.276E-6
2.119E-6
1.995E-6
7.177E-6
3.592E-6
3.929E-6
2.007E-6
8.499E-6
3.951E-6
2.33E-6
5.512E-6
5.64E-6
3.483E-6
2.475E-6
4.386E-6
2.05E-6
4.559E-6
2.068E-6
3.122E-6
2.066E-6
2.683E-6
4.113E-6
3.003E-6
2.718E-6
2.429E-6
2.242E-6
2.215E-6
3.429E-6
2.04E-6
3.974E-6
2.032E-6
4.96E-6
3.047E-6
4.074E-6
2.098E-6
2.236E-6
5.266E-6
6.063E-6
2.26E-6
3.234E-6
6.441E-6
3.869E-6
5.015E-6
4.085E-6
3.403E-6
4.88E-6
6.188E-6
2.565E-6
2.013E-6
4.9E-6
3.694E-6
4.212E-6
3.613E-6
5.699E-6
4.524E-6
4.567E-6
2.247E-6
3.56E-6
2.332E-6
2.818E-6
4.479E-6
2.566E-6
6.313E-6
2.205E-6
5.857E-6
5.337E-6
5.784E-6
3.671E-6
5.831E-6
3.097E-6
3.968E-6
4.757E-6
3.028E-6
2.267E-6
5.474E-6
5.087E-6
4.987E-6
2.57E-6
2.327E-6
4.52E-6
3.829E-6
2.368E-6
4.534E-6
2.445E-6
1.892E-6
2.305E-6
2.075E-6
4.07E-6
5.843E-6
2.308E-6
5.971E-6
2.224E-6
5.918E-6
2.2E-6
3.658E-6
2.703E-6
2.75E-6
6.864E-6
2.232E-6
4.582E-6
3.88E-6
4.242E-6
2.343E-6
4.973E-6
2.591E-6
3.956E-6
2.822E-6
2.47E-6
2.783E-6
2.432E-6
6.801E-6
5.616E-6
6.243E-6
4.161E-6
2.368E-6
4.954E-6
5.646E-6
2.423E-6
5.549E-6
3.318E-6
5.846E-6
4.214E-6
2.069E-6
2.229E-6
2.202E-6
4.832E-6
2.433E-6
4.098E-6
5.117E-6
3.117E-6
2.323E-6
2.637E-6
6.062E-6
2.347E-6
2.376E-6
5.567E-6
2.458E-6
2.332E-6
6.292E-6
2.714E-6
3.82E-6
4.029E-6
2.506E-6
4.709E-6
3.981E-6
3.594E-6
5.195E-6
6.412E-6
2.551E-6
6.357E-6
6.34E-6
6.87E-6
2.381E-6
3.613E-6
4.943E-6
3.941E-6
7.816E-6
4.179E-6
2.565E-6
6.218E-6
2.284E-6
2.921E-6
2.048E-6
5.917E-6
2.953E-6
3.441E-6
2.79E-6
1.89E-6
2.694E-6
1.834E-6
4.344E-6
6.134E-6
5.249E-6
2.999E-6
3.795E-6
1.933E-6
3.219E-6
5.371E-6
2.124E-6
4.703E-6
3.925E-6
2.446E-6
6.713E-6
2.647E-6
3.926E-6
4.447E-6
3.067E-6
2.067E-6
4.394E-6
2.121E-6
7.654E-6
5.129E-6
3.769E-6
4.936E-6
5.412E-6
4.591E-6
4.155E-6
3.832E-6
5.464E-6
5.645E-6
3.048E-6
4.607E-6
4.208E-6
3.665E-6
4.029E-6
7.585E-6
4.87E-6
3.41E-6
2.996E-6
2.406E-6
4.65E-6
2.134E-6
5.474E-6
4.332E-6
2.728E-6
1.967E-6
3.397E-6
3.202E-6
2.823E-6
5.064E-6
4.398E-6
2.044E-6
2.375E-6
5.502E-6
2.133E-6
2.391E-6
4.246E-6
2.298E-6
5.104E-6
3.258E-6
5.219E-6
2.543E-6
3.175E-6
3.756E-6
2.226E-6
6.754E-6
5.284E-6
3.173E-6
4.883E-6
2.479E-6
4.029E-6
2.482E-6
2.75E-6
1.984E-6
2.6E-6
4.192E-6
1.96E-6
4.424E-6
2.784E-6
3.154E-6
5.66E-6
2.896E-6
5.795E-6
